6.57853
6.57853
6.57853
6.57853
4.44332
6.57853
6.57853
6.57853
4.44332
4.44332
4.44332
6.57853
6.57853
4.44332
4.44332
6.57853
6.57853
6.57853
6.57853
4.44332
6.57853
6.57853
6.57853
6.57853
6.57853
4.44332
4.44332
6.57853
6.57853
4.44332
4.44332
4.44332
6.57853
6.57853
4.44332
4.44332
6.57853
6.57853
4.44332
4.44332
4.44332
4.44332
4.44332
6.57853
6.57853
6.57853
6.57853
4.44332
6.57853
6.57853
6.57853
4.44332
6.57853
6.57853
6.57853
6.57853
4.44332
6.57853
6.57853
6.57853
4.44332
6.57853
6.57853
4.44332
4.44332
6.57853
4.44332
4.44332
4.44332
6.57853
6.57853
6.57853
6.57853
6.57853
6.57853
4.44332
4.44332
4.44332
6.57853
4.44332
4.44332
4.44332
4.44332
4.44332
6.57853
4.44332
4.44332
6.57853
4.44332
6.57853
4.44332
4.44332
4.44332
6.57853
4.44332
4.44332
4.44332
6.57853
4.44332
4.44332
4.44332
4.44332
4.44332
4.44332
4.44332
4.44332
4.44332
4.44332
4.44332
4.44332
4.44332
4.44332
6.57853
4.44332
6.57853
6.57853
4.44332
6.57853
4.44332
4.44332
4.44332
6.57853
4.44332
4.44332
4.44332
6.57853
4.44332
6.57853
6.57853
4.44332
6.57853
4.44332
4.44332
4.44332
6.57853
4.44332
6.57853
6.57853
6.57853
4.44332
6.57853
6.57853
6.57853
6.57853
4.44332
6.57853
6.57853
6.57853
4.44332
6.57853
6.57853
6.57853
4.44332
6.57853
6.57853
6.57853
4.44332
6.57853
4.44332
4.44332
4.44332
6.57853
6.57853
4.44332
4.44332
6.57853
4.44332
6.57853
6.57853
6.57853
6.57853
6.57853
4.44332
6.57853
6.57853
6.57853
6.57853
4.44332
6.57853
6.57853
6.57853
4.44332
6.57853
6.57853
6.57853
4.44332
6.57853
4.44332
4.44332
4.44332
6.57853
4.44332
4.44332
4.44332
6.57853
4.44332
6.57853
6.57853
6.57853
4.44332
6.57853
6.57853
6.57853
4.44332
6.57853
4.44332
4.44332
4.44332
6.57853
4.44332
6.57853
6.57853
6.57853
4.44332
6.57853
6.57853
6.57853
4.44332
6.57853
4.44332
4.44332
4.44332
6.57853
4.44332
4.44332
4.44332
6.57853
4.44332
6.57853
6.57853
6.57853
4.44332
6.57853
6.57853
6.57853
4.44332
6.57853
4.44332
4.44332
4.44332
6.57853
4.44332
4.44332
4.44332
6.57853
4.44332
6.57853
6.57853
6.57853
4.44332
6.57853
6.57853
6.57853
4.44332
6.57853
4.44332
4.44332
4.44332
6.57853
4.44332
6.57853
6.57853
6.57853
4.44332
6.57853
6.57853
6.57853
4.44332
6.57853
4.44332
4.44332
4.44332
6.57853
4.44332
4.44332
4.44332
6.57853
4.44332
6.57853
6.57853
6.57853
4.44332
6.57853
6.57853
6.57853
4.44332
6.57853
4.44332
4.44332
4.44332
6.57853
4.44332
4.44332
4.44332
6.57853
4.44332
6.57853
4.44332
4.44332
4.44332
6.57853
4.44332
6.57853
6.57853
6.57853
4.44332
6.57853
6.57853
6.57853
4.44332
6.57853
4.44332
4.44332
4.44332
6.57853
4.44332
4.44332
4.44332
6.57853
4.44332
6.57853
4.44332
4.44332
6.57853
4.44332
6.57853
6.57853
6.57853
4.44332
6.57853
6.57853
6.57853
6.57853
6.57853
4.44332
6.57853
4.44332
4.44332
4.44332
6.57853
4.44332
4.44332
4.44332
6.57853
4.44332
6.57853
6.57853
6.57853
4.44332
6.57853
6.57853
6.57853
4.44332
4.44332
4.44332
4.44332
4.44332
4.44332
4.44332
4.44332
4.44332
6.57853
4.44332
6.57853
4.44332
6.57853
6.57853
6.57853
4.44332
6.57853
4.44332
6.57853
4.44332
6.57853
6.57853
6.57853
4.44332
6.57853
4.44332
6.57853
4.44332
6.57853
6.57853
4.44332
4.44332
6.57853
4.44332
6.57853
4.44332
6.57853
4.44332
6.57853
4.44332
6.57853
4.44332
6.57853
4.44332
6.57853
4.44332
6.57853
4.44332
6.57853
4.44332
6.57853
4.44332
6.57853
4.44332
6.57853
4.44332
6.57853
4.44332
6.57853
4.44332
6.57853
4.44332
6.57853
4.44332
6.57853
4.44332
6.57853
4.44332
6.57853
4.44332
6.57853
4.44332
6.57853
4.44332
6.57853
4.44332
6.57853
4.44332
6.57853
4.44332
6.57853
4.44332
6.57853
4.44332
6.57853
4.44332
6.57853
4.44332
6.57853
4.44332
6.57853
4.44332
6.57853
4.44332
6.57853
4.44332
4.44332
4.44332
6.57853
4.44332
6.57853
4.44332
6.57853
4.44332
6.57853
4.44332
6.57853
4.44332
6.57853
4.44332
6.57853
4.44332
6.57853
6.57853
6.57853
4.44332
6.57853
4.44332
6.57853
4.44332
6.57853
6.57853
6.57853
4.44332
6.57853
4.44332
6.57853
4.44332
4.44332
4.44332
4.44332
6.57853
4.44332
6.57853
4.44332
6.57853
4.44332
6.57853
4.44332
6.57853
4.44332
6.57853
4.44332
6.57853
4.44332
6.57853
4.44332
6.57853
4.44332
6.57853
4.44332
6.57853
4.44332
6.57853
4.44332
6.57853
4.44332
6.57853
4.44332
6.57853
4.44332
6.57853
4.44332
6.57853
4.44332
6.57853
4.44332
6.57853
4.44332
6.57853
4.44332
6.57853
4.44332
6.57853
4.44332
6.57853
4.44332
6.57853
4.44332
6.57853
4.44332
6.57853
4.44332
6.57853
4.44332
6.57853
4.44332
6.57853
6.57853
4.44332
6.57853
4.44332
6.57853
4.44332
6.57853
4.44332
6.57853
4.44332
6.57853
4.44332
6.57853
4.44332
6.57853
4.44332
6.57853
4.44332
6.57853
4.44332
6.57853
4.44332
6.57853
4.44332
6.57853
4.44332
6.57853
6.57853
4.44332
6.57853
4.44332
6.57853
4.44332
6.57853
4.44332
6.57853
4.44332
6.57853
4.44332
6.57853
4.44332
6.57853
4.44332
6.57853
4.44332
6.57853
4.44332
6.57853
4.44332
6.57853
4.44332
6.57853
4.44332
6.57853
4.44332
6.57853
6.57853
4.44332
6.57853
4.44332
6.57853
4.44332
6.57853
4.44332
6.57853
4.44332
4.44332
4.44332
6.57853
4.44332
6.57853
4.44332
6.57853
4.44332
6.57853
4.44332
6.57853
4.44332
6.57853
4.44332
6.57853
4.44332
6.57853
6.57853
6.57853
4.44332
6.57853
4.44332
6.57853
4.44332
6.57853
6.57853
6.57853
6.57853
4.44332
6.57853
4.44332
6.57853
4.44332
6.57853
4.44332
6.57853
4.44332
6.57853
4.44332
6.57853
4.44332
6.57853
4.44332
6.57853
4.44332
6.57853
4.44332
6.57853
4.44332
6.57853
4.44332
6.57853
4.44332
6.57853
4.44332
6.57853
4.44332
6.57853
6.57853
4.44332
4.44332
4.44332
4.44332
4.44332
4.44332
4.44332
4.44332
4.44332
4.44332
4.44332
4.44332
4.44332
4.44332
4.44332
4.44332
4.44332
6.57853
4.44332
6.57853
6.57853
4.44332
6.57853
4.44332
6.57853
6.57853
6.57853
4.44332
6.57853
6.57853
6.57853
4.44332
6.57853
4.44332
6.57853
6.57853
6.57853
4.44332
4.44332
4.44332
6.57853
4.44332
6.57853
6.57853
6.57853
4.44332
6.57853
4.44332
4.44332
4.44332
6.57853
4.44332
4.44332
4.44332
6.57853
4.44332
6.57853
6.57853
6.57853
4.44332
6.57853
6.57853
6.57853
4.44332
4.44332
4.44332
4.44332
4.44332
6.57853
4.44332
4.44332
6.57853
4.44332
6.57853
4.44332
4.44332
4.44332
6.57853
4.44332
4.44332
4.44332
6.57853
4.44332
6.57853
6.57853
6.57853
4.44332
6.57853
6.57853
6.57853
4.44332
6.57853
4.44332
4.44332
4.44332
6.57853
4.44332
6.57853
6.57853
6.57853
4.44332
6.57853
6.57853
4.44332
6.57853
4.44332
6.57853
6.57853
6.57853
4.44332
6.57853
6.57853
6.57853
4.44332
6.57853
4.44332
4.44332
4.44332
6.57853
4.44332
4.44332
4.44332
6.57853
4.44332
6.57853
4.44332
4.44332
6.57853
4.44332
6.57853
6.57853
6.57853
4.44332
6.57853
4.44332
4.44332
4.44332
6.57853
4.44332
6.57853
6.57853
6.57853
4.44332
6.57853
6.57853
4.44332
6.57853
4.44332
6.57853
6.57853
6.57853
4.44332
6.57853
6.57853
6.57853
4.44332
4.44332
4.44332
4.44332
4.44332
6.57853
4.44332
6.57853
4.44332
6.57853
4.44332
6.57853
6.57853
6.57853
6.57853
4.44332
6.57853
4.44332
4.44332
4.44332
6.57853
4.44332
4.44332
4.44332
6.57853
6.57853
6.57853
6.57853
6.57853
4.44332
6.57853
4.44332
6.57853
6.57853
4.44332
4.44332
4.44332
6.57853
4.44332
6.57853
4.44332
6.57853
4.44332
6.57853
4.44332
6.57853
4.44332
6.57853
4.44332
6.57853
4.44332
6.57853
4.44332
6.57853
4.44332
6.57853
6.57853
4.44332
6.57853
4.44332
6.57853
4.44332
6.57853
4.44332
6.57853
4.44332
6.57853
4.44332
4.44332
4.44332
6.57853
4.44332
6.57853
4.44332
6.57853
4.44332
6.57853
4.44332
6.57853
4.44332
6.57853
6.57853
4.44332
6.57853
4.44332
6.57853
4.44332
6.57853
4.44332
6.57853
4.44332
6.57853
4.44332
6.57853
4.44332
6.57853
6.57853
4.44332
6.57853
4.44332
6.57853
4.44332
6.57853
4.44332
6.57853
4.44332
6.57853
4.44332
6.57853
4.44332
6.57853
4.44332
6.57853
4.44332
6.57853
4.44332
6.57853
4.44332
6.57853
6.57853
4.44332
6.57853
4.44332
6.57853
4.44332
6.57853
4.44332
6.57853
4.44332
6.57853
4.44332
6.57853
4.44332
6.57853
4.44332
6.57853
4.44332
6.57853
6.57853
4.44332
6.57853
4.44332
6.57853
6.57853
6.57853
4.44332
6.57853
4.44332
6.57853
4.44332
6.57853
4.44332
6.57853
4.44332
6.57853
4.44332
6.57853
4.44332
6.57853
4.44332
6.57853
6.57853
4.44332
6.57853
4.44332
6.57853
4.44332
6.57853
4.44332
6.57853
4.44332
6.57853
4.44332
6.57853
4.44332
6.57853
4.44332
6.57853
6.57853
4.44332
6.57853
4.44332
6.57853
4.44332
6.57853
4.44332
6.57853
4.44332
6.57853
4.44332
6.57853
4.44332
6.57853
4.44332
6.57853
4.44332
6.57853
4.44332
6.57853
6.57853
4.44332
6.57853
4.44332
6.57853
4.44332
6.57853
4.44332
6.57853
4.44332
6.57853
4.44332
6.57853
4.44332
6.57853
4.44332
6.57853
6.57853
4.44332
4.44332
4.44332
6.57853
4.44332
6.57853
4.44332
6.57853
4.44332
6.57853
4.44332
6.57853
4.44332
6.57853
4.44332
6.57853
4.44332
6.57853
4.44332
6.57853
6.57853
4.44332
6.57853
4.44332
6.57853
4.44332
6.57853
4.44332
4.44332
4.44332
6.57853
6.57853
6.57853
6.57853
6.57853
6.57853
6.57853
6.57853
6.57853
6.57853
6.57853
6.57853
6.57853
4.44332
6.57853
6.57853
4.44332
6.57853
6.57853
6.57853
4.44332
6.57853
4.44332
4.44332
4.44332
6.57853
4.44332
6.57853
4.44332
6.57853
4.44332
6.57853
4.44332
6.57853
4.44332
6.57853
4.44332
6.57853
6.57853
4.44332
6.57853
4.44332
6.57853
4.44332
6.57853
4.44332
6.57853
4.44332
6.57853
4.44332
6.57853
6.57853
4.44332
6.57853
4.44332
6.57853
4.44332
6.57853
4.44332
6.57853
4.44332
6.57853
6.57853
4.44332
6.57853
4.44332
6.57853
4.44332
6.57853
4.44332
6.57853
4.44332
6.57853
4.44332
6.57853
4.44332
6.57853
6.57853
4.44332
6.57853
4.44332
6.57853
4.44332
6.57853
4.44332
6.57853
4.44332
6.57853
4.44332
6.57853
6.57853
4.44332
6.57853
4.44332
6.57853
4.44332
6.57853
4.44332
6.57853
4.44332
6.57853
4.44332
6.57853
6.57853
4.44332
6.57853
4.44332
6.57853
4.44332
6.57853
4.44332
6.57853
4.44332
6.57853
4.44332
6.57853
6.57853
4.44332
6.57853
4.44332
6.57853
4.44332
6.57853
4.44332
6.57853
4.44332
6.57853
4.44332
6.57853
4.44332
6.57853
6.57853
4.44332
6.57853
4.44332
6.57853
4.44332
6.57853
4.44332
6.57853
4.44332
6.57853
4.44332
6.57853
4.44332
6.57853
6.57853
4.44332
6.57853
4.44332
6.57853
4.44332
6.57853
4.44332
6.57853
4.44332
6.57853
6.57853
4.44332
6.57853
4.44332
6.57853
4.44332
6.57853
4.44332
6.57853
4.44332
6.57853
4.44332
6.57853
4.44332
6.57853
4.44332
6.57853
6.57853
4.44332
6.57853
4.44332
6.57853
4.44332
6.57853
4.44332
6.57853
4.44332
6.57853
4.44332
6.57853
4.44332
6.57853
4.44332
6.57853
4.44332
6.57853
4.44332
6.57853
6.57853
4.44332
6.57853
4.44332
6.57853
4.44332
6.57853
4.44332
6.57853
4.44332
6.57853
4.44332
6.57853
4.44332
6.57853
4.44332
6.57853
4.44332
6.57853
4.44332
6.57853
4.44332
6.57853
6.57853
4.44332
6.57853
4.44332
4.44332
4.44332
4.44332
4.44332
4.44332
4.44332
4.44332
4.44332
4.44332
4.44332
4.44332
4.44332
6.57853
4.44332
6.57853
6.57853
4.44332
4.44332
6.57853
4.44332
6.57853
4.44332
6.57853
4.44332
6.57853
4.44332
6.57853
6.57853
4.44332
6.57853
4.44332
6.57853
4.44332
6.57853
4.44332
6.57853
4.44332
6.57853
4.44332
6.57853
4.44332
6.57853
4.44332
6.57853
4.44332
6.57853
4.44332
6.57853
4.44332
6.57853
4.44332
6.57853
4.44332
6.57853
6.57853
4.44332
6.57853
4.44332
6.57853
4.44332
6.57853
4.44332
6.57853
4.44332
6.57853
4.44332
6.57853
4.44332
6.57853
4.44332
6.57853
4.44332
6.57853
6.57853
4.44332
6.57853
4.44332
6.57853
4.44332
6.57853
4.44332
6.57853
4.44332
6.57853
4.44332
6.57853
4.44332
6.57853
4.44332
6.57853
4.44332
6.57853
4.44332
6.57853
4.44332
6.57853
6.57853
4.44332
6.57853
4.44332
6.57853
4.44332
6.57853
4.44332
6.57853
4.44332
6.57853
4.44332
6.57853
4.44332
6.57853
4.44332
6.57853
4.44332
6.57853
4.44332
6.57853
4.44332
6.57853
4.44332
6.57853
6.57853
4.44332
6.57853
4.44332
6.57853
4.44332
6.57853
4.44332
6.57853
4.44332
6.57853
4.44332
6.57853
4.44332
6.57853
4.44332
6.57853
4.44332
6.57853
6.57853
4.44332
6.57853
4.44332
4.44332
4.44332
6.57853
4.44332
6.57853
4.44332
6.57853
4.44332
6.57853
6.57853
6.57853
4.44332
6.57853
4.44332
6.57853
6.57853
4.44332
6.57853
4.44332
6.57853
4.44332
6.57853
4.44332
6.57853
4.44332
6.57853
4.44332
6.57853
4.44332
6.57853
4.44332
6.57853
4.44332
6.57853
4.44332
6.57853
4.44332
6.57853
4.44332
6.57853
4.44332
6.57853
4.44332
6.57853
6.57853
4.44332
6.57853
4.44332
6.57853
4.44332
6.57853
4.44332
6.57853
4.44332
6.57853
4.44332
6.57853
4.44332
6.57853
4.44332
6.57853
4.44332
6.57853
4.44332
6.57853
4.44332
6.57853
6.57853
4.44332
6.57853
4.44332
6.57853
4.44332
6.57853
4.44332
6.57853
4.44332
6.57853
4.44332
6.57853
4.44332
6.57853
4.44332
6.57853
4.44332
6.57853
4.44332
6.57853
4.44332
6.57853
4.44332
6.57853
6.57853
4.44332
6.57853
4.44332
6.57853
4.44332
6.57853
4.44332
6.57853
4.44332
6.57853
4.44332
6.57853
4.44332
6.57853
4.44332
6.57853
6.57853
4.44332
6.57853
4.44332
6.57853
4.44332
6.57853
4.44332
6.57853
4.44332
6.57853
4.44332
6.57853
6.57853
4.44332
6.57853
4.44332
6.57853
4.44332
6.57853
4.44332
6.57853
4.44332
6.57853
4.44332
6.57853
4.44332
6.57853
4.44332
6.57853
6.57853
4.44332
6.57853
4.44332
6.57853
4.44332
6.57853
4.44332
6.57853
4.44332
6.57853
4.44332
6.57853
4.44332
6.57853
4.44332
6.57853
4.44332
6.57853
4.44332
6.57853
6.57853
4.44332
6.57853
4.44332
6.57853
4.44332
6.57853
4.44332
6.57853
4.44332
6.57853
4.44332
6.57853
4.44332
6.57853
4.44332
6.57853
4.44332
6.57853
6.57853
4.44332
6.57853
4.44332
6.57853
4.44332
6.57853
4.44332
6.57853
4.44332
6.57853
4.44332
6.57853
4.44332
6.57853
6.57853
6.57853
6.57853
4.44332
6.57853
4.44332
6.57853
4.44332
6.57853
4.44332
6.57853
4.44332
6.57853
4.44332
6.57853
6.57853
4.44332
6.57853
4.44332
6.57853
4.44332
6.57853
4.44332
6.57853
4.44332
6.57853
4.44332
6.57853
4.44332
6.57853
4.44332
6.57853
4.44332
6.57853
4.44332
6.57853
4.44332
6.57853
4.44332
6.57853
6.57853
4.44332
6.57853
4.44332
6.57853
4.44332
6.57853
4.44332
6.57853
4.44332
6.57853
4.44332
6.57853
4.44332
6.57853
4.44332
6.57853
4.44332
6.57853
6.57853
4.44332
6.57853
4.44332
6.57853
4.44332
6.57853
4.44332
6.57853
4.44332
6.57853
6.57853
6.57853
4.44332
6.57853
4.44332
6.57853
6.57853
4.44332
6.57853
4.44332
6.57853
4.44332
6.57853
4.44332
6.57853
4.44332
6.57853
4.44332
6.57853
4.44332
6.57853
4.44332
6.57853
4.44332
6.57853
6.57853
4.44332
6.57853
4.44332
6.57853
4.44332
6.57853
4.44332
6.57853
4.44332
6.57853
4.44332
6.57853
4.44332
6.57853
4.44332
6.57853
6.57853
4.44332
6.57853
4.44332
6.57853
4.44332
6.57853
4.44332
6.57853
4.44332
6.57853
4.44332
6.57853
4.44332
6.57853
6.57853
4.44332
6.57853
4.44332
6.57853
4.44332
6.57853
4.44332
6.57853
4.44332
6.57853
4.44332
6.57853
4.44332
6.57853
6.57853
4.44332
6.57853
4.44332
6.57853
4.44332
6.57853
4.44332
6.57853
4.44332
6.57853
4.44332
6.57853
4.44332
6.57853
4.44332
6.57853
6.57853
4.44332
6.57853
4.44332
6.57853
4.44332
6.57853
4.44332
6.57853
4.44332
6.57853
4.44332
6.57853
4.44332
6.57853
4.44332
6.57853
4.44332
6.57853
4.44332
6.57853
4.44332
6.57853
4.44332
6.57853
4.44332
6.57853
6.57853
4.44332
6.57853
4.44332
6.57853
4.44332
6.57853
4.44332
6.57853
6.57853
6.57853
4.44332
6.57853
4.44332
6.57853
4.44332
6.57853
6.57853
4.44332
6.57853
4.44332
6.57853
4.44332
6.57853
4.44332
6.57853
4.44332
6.57853
4.44332
6.57853
4.44332
6.57853
4.44332
6.57853
4.44332
6.57853
4.44332
6.57853
4.44332
6.57853
6.57853
4.44332
6.57853
4.44332
6.57853
4.44332
6.57853
4.44332
6.57853
4.44332
6.57853
4.44332
6.57853
6.57853
4.44332
6.57853
4.44332
6.57853
4.44332
6.57853
4.44332
6.57853
4.44332
6.57853
4.44332
6.57853
4.44332
6.57853
4.44332
6.57853
6.57853
4.44332
6.57853
4.44332
6.57853
4.44332
6.57853
4.44332
6.57853
4.44332
6.57853
4.44332
6.57853
4.44332
6.57853
4.44332
6.57853
4.44332
6.57853
4.44332
6.57853
4.44332
6.57853
4.44332
6.57853
4.44332
6.57853
4.44332
6.57853
6.57853
4.44332
6.57853
4.44332
6.57853
4.44332
6.57853
4.44332
6.57853
4.44332
6.57853
4.44332
6.57853
4.44332
6.57853
4.44332
6.57853
4.44332
6.57853
4.44332
6.57853
4.44332
6.57853
4.44332
6.57853
4.44332
6.57853
4.44332
6.57853
4.44332
6.57853
4.44332
6.57853
4.44332
6.57853
6.57853
6.57853
4.44332
6.57853
4.44332
6.57853
6.57853
4.44332
6.57853
4.44332
6.57853
4.44332
6.57853
4.44332
6.57853
4.44332
6.57853
4.44332
6.57853
4.44332
6.57853
4.44332
6.57853
4.44332
6.57853
4.44332
6.57853
6.57853
4.44332
6.57853
4.44332
6.57853
4.44332
6.57853
4.44332
6.57853
4.44332
6.57853
4.44332
6.57853
4.44332
6.57853
4.44332
6.57853
4.44332
6.57853
4.44332
6.57853
4.44332
6.57853
4.44332
6.57853
4.44332
6.57853
4.44332
6.57853
4.44332
6.57853
4.44332
6.57853
4.44332
6.57853
4.44332
6.57853
4.44332
6.57853
4.44332
6.57853
6.57853
4.44332
6.57853
4.44332
6.57853
4.44332
6.57853
4.44332
6.57853
4.44332
6.57853
4.44332
6.57853
4.44332
6.57853
4.44332
6.57853
4.44332
6.57853
4.44332
6.57853
4.44332
6.57853
4.44332
6.57853
4.44332
6.57853
4.44332
6.57853
4.44332
6.57853
4.44332
6.57853
4.44332
6.57853
4.44332
6.57853
4.44332
6.57853
4.44332
4.44332
4.44332
6.57853
4.44332
6.57853
4.44332
6.57853
4.44332
6.57853
6.57853
4.44332
6.57853
4.44332
6.57853
4.44332
6.57853
4.44332
6.57853
4.44332
6.57853
4.44332
6.57853
4.44332
6.57853
4.44332
6.57853
4.44332
6.57853
4.44332
6.57853
4.44332
6.57853
4.44332
6.57853
4.44332
6.57853
4.44332
6.57853
4.44332
6.57853
4.44332
6.57853
4.44332
6.57853
4.44332
6.57853
4.44332
6.57853
4.44332
6.57853
4.44332
6.57853
4.44332
6.57853
4.44332
6.57853
4.44332
6.57853
4.44332
6.57853
4.44332
6.57853
4.44332
6.57853
4.44332
6.57853
6.57853
4.44332
6.57853
4.44332
6.57853
4.44332
6.57853
4.44332
6.57853
4.44332
6.57853
4.44332
6.57853
4.44332
6.57853
4.44332
6.57853
4.44332
6.57853
4.44332
6.57853
4.44332
6.57853
4.44332
6.57853
4.44332
6.57853
4.44332
6.57853
4.44332
6.57853
4.44332
6.57853
4.44332
6.57853
6.57853
4.44332
6.57853
4.44332
6.57853
4.44332
6.57853
4.44332
6.57853
4.44332
6.57853
4.44332
6.57853
4.44332
6.57853
4.44332
6.57853
4.44332
6.57853
4.44332
6.57853
4.44332
6.57853
4.44332
6.57853
4.44332
6.57853
4.44332
6.57853
4.44332
6.57853
6.57853
4.44332
6.57853
4.44332
6.57853
4.44332
6.57853
4.44332
6.57853
4.44332
6.57853
4.44332
6.57853
4.44332
6.57853
4.44332
6.57853
4.44332
6.57853
4.44332
6.57853
4.44332
6.57853
4.44332
6.57853
6.57853
4.44332
6.57853
4.44332
6.57853
4.44332
6.57853
4.44332
6.57853
4.44332
6.57853
4.44332
6.57853
4.44332
6.57853
4.44332
6.57853
4.44332
4.44332
4.44332
6.57853
4.44332
6.57853
4.44332
6.57853
4.44332
4.44332
4.44332
6.57853
4.44332
6.57853
4.44332
6.57853
6.57853
4.44332
4.44332
6.57853
4.44332
6.57853
4.44332
6.57853
4.44332
6.57853
4.44332
6.57853
6.57853
4.44332
6.57853
4.44332
6.57853
4.44332
6.57853
4.44332
6.57853
4.44332
6.57853
4.44332
6.57853
4.44332
6.57853
4.44332
6.57853
4.44332
6.57853
4.44332
6.57853
4.44332
6.57853
4.44332
6.57853
4.44332
6.57853
4.44332
6.57853
4.44332
6.57853
4.44332
6.57853
4.44332
6.57853
4.44332
6.57853
4.44332
6.57853
4.44332
6.57853
6.57853
4.44332
6.57853
4.44332
6.57853
4.44332
6.57853
4.44332
6.57853
4.44332
6.57853
4.44332
6.57853
4.44332
6.57853
4.44332
6.57853
4.44332
6.57853
4.44332
6.57853
4.44332
6.57853
4.44332
6.57853
6.57853
4.44332
6.57853
4.44332
6.57853
4.44332
6.57853
4.44332
6.57853
4.44332
6.57853
4.44332
6.57853
4.44332
6.57853
4.44332
6.57853
4.44332
6.57853
4.44332
4.44332
4.44332
4.44332
4.44332
4.44332
4.44332
4.44332
4.44332
4.44332
4.44332
4.44332
4.44332
6.57853
6.57853
4.44332
6.57853
4.44332
6.57853
4.44332
6.57853
4.44332
6.57853
6.57853
6.57853
4.44332
6.57853
4.44332
6.57853
6.57853
6.57853
6.57853
4.44332
4.44332
4.44332
6.57853
4.44332
6.57853
6.57853
6.57853
4.44332
6.57853
6.57853
6.57853
4.44332
6.57853
4.44332
4.44332
4.44332
6.57853
6.57853
4.44332
6.57853
6.57853
6.57853
4.44332
6.57853
4.44332
4.44332
4.44332
6.57853
6.57853
6.57853
4.44332
6.57853
4.44332
6.57853
6.57853
6.57853
6.57853
4.44332
4.44332
4.44332
6.57853
4.44332
6.57853
6.57853
6.57853
4.44332
6.57853
4.44332
4.44332
4.44332
6.57853
6.57853
4.44332
6.57853
4.44332
6.57853
6.57853
6.57853
4.44332
6.57853
4.44332
4.44332
4.44332
6.57853
4.44332
6.57853
6.57853
6.57853
4.44332
6.57853
6.57853
6.57853
6.57853
4.44332
6.57853
6.57853
6.57853
4.44332
6.57853
6.57853
6.57853
4.44332
6.57853
4.44332
4.44332
4.44332
6.57853
6.57853
4.44332
4.44332
4.44332
6.57853
6.57853
6.57853
6.57853
6.57853
6.57853
6.57853
6.57853
6.57853
6.57853
6.57853
6.57853
4.44332
6.57853
4.44332
6.57853
4.44332
6.57853
4.44332
6.57853
4.44332
6.57853
6.57853
4.44332
6.57853
4.44332
6.57853
4.44332
6.57853
4.44332
6.57853
4.44332
6.57853
4.44332
6.57853
4.44332
6.57853
4.44332
6.57853
4.44332
6.57853
6.57853
4.44332
6.57853
4.44332
6.57853
4.44332
6.57853
4.44332
6.57853
4.44332
6.57853
4.44332
6.57853
4.44332
6.57853
4.44332
6.57853
6.57853
4.44332
6.57853
4.44332
6.57853
4.44332
6.57853
4.44332
6.57853
4.44332
6.57853
4.44332
6.57853
4.44332
6.57853
4.44332
6.57853
4.44332
6.57853
4.44332
6.57853
4.44332
6.57853
4.44332
6.57853
6.57853
4.44332
6.57853
4.44332
6.57853
4.44332
6.57853
4.44332
6.57853
4.44332
6.57853
4.44332
6.57853
4.44332
6.57853
4.44332
6.57853
4.44332
6.57853
6.57853
4.44332
6.57853
4.44332
6.57853
4.44332
6.57853
4.44332
6.57853
4.44332
6.57853
4.44332
6.57853
4.44332
6.57853
4.44332
6.57853
6.57853
4.44332
6.57853
4.44332
6.57853
4.44332
6.57853
4.44332
6.57853
4.44332
4.44332
4.44332
6.57853
4.44332
6.57853
6.57853
6.57853
6.57853
4.44332
6.57853
4.44332
6.57853
4.44332
6.57853
4.44332
6.57853
4.44332
6.57853
4.44332
6.57853
4.44332
6.57853
4.44332
6.57853
6.57853
4.44332
6.57853
4.44332
6.57853
4.44332
6.57853
4.44332
6.57853
4.44332
6.57853
4.44332
6.57853
4.44332
6.57853
6.57853
4.44332
6.57853
4.44332
6.57853
4.44332
6.57853
4.44332
6.57853
4.44332
6.57853
4.44332
6.57853
4.44332
6.57853
4.44332
6.57853
6.57853
4.44332
6.57853
4.44332
6.57853
4.44332
6.57853
4.44332
6.57853
4.44332
6.57853
4.44332
6.57853
4.44332
6.57853
4.44332
6.57853
6.57853
4.44332
6.57853
4.44332
6.57853
4.44332
6.57853
4.44332
6.57853
4.44332
6.57853
4.44332
6.57853
4.44332
6.57853
4.44332
6.57853
4.44332
6.57853
6.57853
4.44332
6.57853
4.44332
6.57853
4.44332
6.57853
4.44332
6.57853
4.44332
6.57853
4.44332
6.57853
4.44332
6.57853
4.44332
6.57853
6.57853
4.44332
6.57853
4.44332
6.57853
4.44332
6.57853
4.44332
6.57853
4.44332
6.57853
4.44332
6.57853
4.44332
6.57853
4.44332
6.57853
4.44332
6.57853
6.57853
4.44332
6.57853
4.44332
6.57853
4.44332
6.57853
4.44332
6.57853
4.44332
6.57853
6.57853
4.44332
6.57853
4.44332
6.57853
4.44332
6.57853
4.44332
6.57853
4.44332
6.57853
4.44332
6.57853
4.44332
6.57853
6.57853
4.44332
6.57853
4.44332
6.57853
4.44332
6.57853
4.44332
6.57853
4.44332
6.57853
4.44332
6.57853
4.44332
6.57853
4.44332
6.57853
4.44332
6.57853
4.44332
6.57853
6.57853
4.44332
6.57853
6.57853
6.57853
4.44332
6.57853
4.44332
6.57853
4.44332
6.57853
4.44332
6.57853
6.57853
4.44332
6.57853
4.44332
6.57853
4.44332
6.57853
4.44332
6.57853
4.44332
6.57853
4.44332
6.57853
4.44332
6.57853
4.44332
6.57853
6.57853
4.44332
6.57853
4.44332
6.57853
4.44332
6.57853
4.44332
6.57853
4.44332
6.57853
4.44332
6.57853
6.57853
4.44332
6.57853
4.44332
6.57853
4.44332
6.57853
4.44332
6.57853
4.44332
6.57853
4.44332
6.57853
6.57853
4.44332
6.57853
4.44332
6.57853
4.44332
6.57853
4.44332
6.57853
4.44332
6.57853
4.44332
6.57853
4.44332
6.57853
6.57853
4.44332
6.57853
4.44332
6.57853
4.44332
6.57853
4.44332
6.57853
4.44332
6.57853
4.44332
6.57853
4.44332
6.57853
6.57853
4.44332
6.57853
4.44332
6.57853
4.44332
6.57853
4.44332
6.57853
4.44332
6.57853
4.44332
6.57853
4.44332
6.57853
4.44332
6.57853
4.44332
6.57853
6.57853
4.44332
6.57853
4.44332
6.57853
4.44332
6.57853
4.44332
6.57853
4.44332
6.57853
4.44332
6.57853
4.44332
6.57853
6.57853
4.44332
6.57853
4.44332
6.57853
4.44332
6.57853
4.44332
6.57853
4.44332
6.57853
4.44332
6.57853
4.44332
6.57853
4.44332
6.57853
4.44332
6.57853
4.44332
6.57853
6.57853
4.44332
6.57853
4.44332
6.57853
4.44332
6.57853
4.44332
6.57853
4.44332
6.57853
4.44332
6.57853
4.44332
6.57853
6.57853
4.44332
6.57853
4.44332
6.57853
4.44332
6.57853
4.44332
6.57853
4.44332
6.57853
4.44332
6.57853
4.44332
6.57853
6.57853
4.44332
6.57853
4.44332
6.57853
4.44332
6.57853
4.44332
6.57853
4.44332
6.57853
4.44332
6.57853
6.57853
4.44332
6.57853
4.44332
6.57853
4.44332
6.57853
4.44332
6.57853
4.44332
6.57853
6.57853
4.44332
6.57853
4.44332
6.57853
4.44332
6.57853
6.57853
6.57853
6.57853
6.57853
6.57853
6.57853
6.57853
6.57853
6.57853
6.57853
6.57853
6.57853
6.57853
6.57853
6.57853
4.44332
6.57853
4.44332
6.57853
4.44332
6.57853
4.44332
6.57853
6.57853
4.44332
6.57853
4.44332
6.57853
4.44332
6.57853
4.44332
6.57853
4.44332
6.57853
6.57853
4.44332
6.57853
4.44332
6.57853
4.44332
6.57853
4.44332
6.57853
4.44332
6.57853
4.44332
6.57853
6.57853
4.44332
6.57853
4.44332
6.57853
6.57853
4.44332
4.44332
6.57853
4.44332
6.57853
4.44332
6.57853
6.57853
4.44332
6.57853
6.57853
6.57853
6.57853
6.57853
6.57853
6.57853
6.57853
6.57853
6.57853
6.57853
6.57853
4.44332
6.57853
4.44332
6.57853
4.44332
6.57853
6.57853
6.57853
6.57853
6.57853
6.57853
6.57853
6.57853
6.57853
6.57853
4.44332
6.57853
4.44332
6.57853
4.44332
6.57853
6.57853
4.44332
6.57853
6.57853
6.57853
4.44332
6.57853
4.44332
6.57853
4.44332
6.57853
4.44332
6.57853
6.57853
4.44332
6.57853
4.44332
6.57853
4.44332
6.57853
6.57853
6.57853
4.44332
6.57853
4.44332
6.57853
4.44332
4.44332
4.44332
6.57853
6.57853
4.44332
6.57853
6.57853
6.57853
4.44332
6.57853
4.44332
4.44332
4.44332
6.57853
4.44332
6.57853
4.44332
6.57853
4.44332
6.57853
4.44332
6.57853
6.57853
4.44332
6.57853
4.44332
6.57853
6.57853
6.57853
4.44332
6.57853
4.44332
6.57853
6.57853
4.44332
6.57853
6.57853
6.57853
4.44332
6.57853
4.44332
6.57853
4.44332
6.57853
6.57853
6.57853
4.44332
6.57853
4.44332
6.57853
4.44332
6.57853
6.57853
4.44332
6.57853
4.44332
4.44332
4.44332
6.57853
4.44332
6.57853
6.57853
6.57853
4.44332
6.57853
4.44332
4.44332
6.57853
4.44332
6.57853
6.57853
6.57853
4.44332
6.57853
4.44332
6.57853
4.44332
6.57853
4.44332
4.44332
6.57853
4.44332
4.44332
4.44332
6.57853
4.44332
6.57853
6.57853
6.57853
4.44332
6.57853
6.57853
6.57853
6.57853
4.44332
6.57853
6.57853
6.57853
4.44332
6.57853
6.57853
6.57853
6.57853
4.44332
6.57853
4.44332
6.57853
4.44332
4.44332
4.44332
6.57853
4.44332
6.57853
6.57853
6.57853
6.57853
4.44332
6.57853
6.57853
6.57853
4.44332
6.57853
4.44332
6.57853
4.44332
4.44332
4.44332
6.57853
6.57853
4.44332
4.44332
4.44332
6.57853
4.44332
6.57853
4.44332
6.57853
4.44332
6.57853
6.57853
6.57853
4.44332
6.57853
4.44332
6.57853
6.57853
4.44332
6.57853
4.44332
6.57853
4.44332
6.57853
6.57853
4.44332
4.44332
6.57853
6.57853
6.57853
6.57853
4.44332
6.57853
6.57853
4.44332
4.44332
6.57853
6.57853
4.44332
4.44332
6.57853
4.44332
4.44332
4.44332
6.57853
6.57853
6.57853
6.57853
4.44332
6.57853
4.44332
4.44332
6.57853
6.57853
4.44332
4.44332
4.44332
6.57853
4.44332
6.57853
6.57853
4.44332
6.57853
6.57853
6.57853
4.44332
6.57853
4.44332
4.44332
6.57853
6.57853
4.44332
4.44332
4.44332
6.57853
4.44332
4.44332
4.44332
4.44332
6.57853
6.57853
6.57853
4.44332
6.57853
4.44332
4.44332
6.57853
6.57853
4.44332
6.57853
6.57853
6.57853
6.57853
4.44332
4.44332
6.57853
6.57853
4.44332
6.57853
6.57853
6.57853
4.44332
6.57853
6.57853
6.57853
6.57853
4.44332
6.57853
6.57853
6.57853
4.44332
6.57853
6.57853
6.57853
4.44332
6.57853
4.44332
4.44332
4.44332
4.44332
6.57853
6.57853
6.57853
4.44332
6.57853
4.44332
4.44332
6.57853
6.57853
4.44332
4.44332
6.57853
4.44332
6.57853
4.44332
4.44332
4.44332
6.57853
4.44332
6.57853
6.57853
6.57853
6.57853
4.44332
4.44332
4.44332
6.57853
4.44332
6.57853
6.57853
4.44332
4.44332
6.57853
6.57853
6.57853
6.57853
4.44332
6.57853
6.57853
4.44332
4.44332
6.57853
6.57853
6.57853
6.57853
4.44332
6.57853
6.57853
4.44332
4.44332
6.57853
6.57853
6.57853
4.44332
6.57853
6.57853
6.57853
4.44332
4.44332
6.57853
6.57853
6.57853
4.44332
6.57853
4.44332
4.44332
4.44332
4.44332
6.57853
4.44332
4.44332
6.57853
6.57853
4.44332
4.44332
6.57853
6.57853
6.57853
4.44332
4.44332
6.57853
6.57853
4.44332
4.44332
6.57853
6.57853
6.57853
4.44332
4.44332
6.57853
6.57853
4.44332
4.44332
6.57853
6.57853
4.44332
6.57853
6.57853
6.57853
6.57853
4.44332
4.44332
4.44332
6.57853
4.44332
6.57853
6.57853
4.44332
4.44332
6.57853
6.57853
6.57853
4.44332
6.57853
6.57853
6.57853
6.57853
4.44332
6.57853
4.44332
4.44332
6.57853
6.57853
4.44332
4.44332
6.57853
6.57853
4.44332
6.57853
6.57853
4.44332
6.57853
4.44332
4.44332
6.57853
6.57853
6.57853
6.57853
4.44332
4.44332
6.57853
6.57853
4.44332
4.44332
6.57853
4.44332
6.57853
4.44332
6.57853
6.57853
6.57853
4.44332
6.57853
4.44332
4.44332
4.44332
6.57853
4.44332
4.44332
4.44332
6.57853
4.44332
6.57853
6.57853
6.57853
6.57853
4.44332
4.44332
6.57853
6.57853
4.44332
6.57853
6.57853
6.57853
4.44332
6.57853
6.57853
4.44332
6.57853
4.44332
6.57853
6.57853
6.57853
4.44332
6.57853
6.57853
6.57853
4.44332
4.44332
6.57853
4.44332
4.44332
6.57853
6.57853
4.44332
6.57853
4.44332
4.44332
4.44332
6.57853
4.44332
6.57853
4.44332
4.44332
6.57853
4.44332
6.57853
4.44332
4.44332
4.44332
6.57853
4.44332
6.57853
6.57853
4.44332
6.57853
4.44332
6.57853
4.44332
4.44332
4.44332
6.57853
4.44332
6.57853
4.44332
4.44332
4.44332
6.57853
6.57853
4.44332
6.57853
4.44332
6.57853
6.57853
6.57853
4.44332
6.57853
6.57853
4.44332
6.57853
4.44332
6.57853
4.44332
6.57853
4.44332
6.57853
4.44332
6.57853
4.44332
6.57853
6.57853
4.44332
6.57853
4.44332
6.57853
4.44332
6.57853
4.44332
6.57853
4.44332
6.57853
6.57853
4.44332
6.57853
4.44332
6.57853
4.44332
6.57853
4.44332
6.57853
4.44332
6.57853
4.44332
6.57853
6.57853
4.44332
6.57853
4.44332
6.57853
4.44332
6.57853
4.44332
6.57853
6.57853
4.44332
6.57853
4.44332
4.44332
4.44332
6.57853
4.44332
6.57853
4.44332
6.57853
6.57853
4.44332
6.57853
4.44332
6.57853
4.44332
6.57853
4.44332
6.57853
4.44332
6.57853
6.57853
4.44332
6.57853
4.44332
6.57853
4.44332
6.57853
4.44332
6.57853
4.44332
6.57853
6.57853
4.44332
6.57853
4.44332
6.57853
4.44332
6.57853
4.44332
6.57853
4.44332
6.57853
6.57853
4.44332
6.57853
4.44332
6.57853
4.44332
6.57853
4.44332
6.57853
4.44332
6.57853
4.44332
6.57853
6.57853
4.44332
6.57853
4.44332
6.57853
4.44332
6.57853
4.44332
6.57853
4.44332
6.57853
4.44332
6.57853
4.44332
6.57853
6.57853
4.44332
6.57853
4.44332
6.57853
4.44332
6.57853
4.44332
6.57853
4.44332
6.57853
4.44332
6.57853
6.57853
4.44332
6.57853
4.44332
6.57853
4.44332
6.57853
4.44332
6.57853
4.44332
6.57853
4.44332
6.57853
4.44332
6.57853
6.57853
4.44332
6.57853
4.44332
6.57853
4.44332
6.57853
4.44332
6.57853
4.44332
6.57853
4.44332
6.57853
4.44332
6.57853
4.44332
6.57853
4.44332
6.57853
6.57853
4.44332
6.57853
4.44332
6.57853
4.44332
6.57853
4.44332
6.57853
4.44332
6.57853
4.44332
6.57853
4.44332
6.57853
6.57853
4.44332
6.57853
4.44332
6.57853
4.44332
6.57853
4.44332
6.57853
4.44332
6.57853
4.44332
6.57853
6.57853
4.44332
6.57853
4.44332
6.57853
4.44332
6.57853
4.44332
6.57853
4.44332
6.57853
4.44332
6.57853
4.44332
6.57853
6.57853
4.44332
6.57853
4.44332
6.57853
4.44332
6.57853
4.44332
6.57853
4.44332
6.57853
4.44332
6.57853
4.44332
6.57853
6.57853
4.44332
6.57853
4.44332
6.57853
4.44332
6.57853
4.44332
6.57853
4.44332
6.57853
4.44332
6.57853
6.57853
4.44332
6.57853
4.44332
6.57853
4.44332
6.57853
4.44332
6.57853
4.44332
6.57853
4.44332
6.57853
4.44332
6.57853
4.44332
6.57853
6.57853
4.44332
6.57853
4.44332
6.57853
4.44332
6.57853
4.44332
6.57853
4.44332
6.57853
4.44332
6.57853
4.44332
6.57853
4.44332
6.57853
6.57853
4.44332
6.57853
4.44332
6.57853
4.44332
6.57853
6.57853
6.57853
6.57853
6.57853
6.57853
6.57853
6.57853
6.57853
6.57853
6.57853
6.57853
6.57853
6.57853
4.44332
6.57853
4.44332
6.57853
4.44332
6.57853
4.44332
6.57853
4.44332
6.57853
4.44332
4.44332
4.44332
6.57853
4.44332
6.57853
4.44332
6.57853
6.57853
6.57853
4.44332
6.57853
6.57853
4.44332
6.57853
6.57853
6.57853
4.44332
6.57853
4.44332
4.44332
4.44332
6.57853
4.44332
6.57853
4.44332
6.57853
6.57853
6.57853
4.44332
6.57853
6.57853
4.44332
6.57853
6.57853
6.57853
4.44332
6.57853
4.44332
6.57853
6.57853
6.57853
4.44332
6.57853
4.44332
4.44332
4.44332
6.57853
4.44332
6.57853
4.44332
4.44332
4.44332
6.57853
4.44332
6.57853
6.57853
6.57853
6.57853
4.44332
6.57853
4.44332
6.57853
4.44332
6.57853
6.57853
6.57853
4.44332
6.57853
4.44332
4.44332
4.44332
6.57853
6.57853
4.44332
6.57853
4.44332
4.44332
4.44332
6.57853
4.44332
6.57853
4.44332
6.57853
6.57853
6.57853
4.44332
6.57853
4.44332
6.57853
6.57853
6.57853
4.44332
6.57853
4.44332
6.57853
4.44332
6.57853
6.57853
4.44332
6.57853
4.44332
4.44332
4.44332
6.57853
4.44332
6.57853
4.44332
4.44332
4.44332
6.57853
4.44332
6.57853
4.44332
4.44332
6.57853
4.44332
6.57853
6.57853
4.44332
4.44332
6.57853
4.44332
6.57853
4.44332
6.57853
4.44332
6.57853
4.44332
6.57853
4.44332
6.57853
6.57853
4.44332
4.44332
4.44332
6.57853
4.44332
6.57853
4.44332
6.57853
4.44332
6.57853
4.44332
6.57853
4.44332
6.57853
4.44332
4.44332
4.44332
6.57853
4.44332
6.57853
6.57853
6.57853
4.44332
6.57853
6.57853
4.44332
6.57853
6.57853
6.57853
4.44332
6.57853
4.44332
6.57853
4.44332
6.57853
4.44332
6.57853
6.57853
6.57853
4.44332
6.57853
4.44332
4.44332
4.44332
6.57853
4.44332
4.44332
6.57853
6.57853
6.57853
4.44332
4.44332
4.44332
6.57853
4.44332
6.57853
6.57853
6.57853
4.44332
6.57853
6.57853
6.57853
4.44332
6.57853
4.44332
6.57853
4.44332
6.57853
4.44332
4.44332
4.44332
6.57853
4.44332
6.57853
6.57853
6.57853
6.57853
4.44332
4.44332
4.44332
6.57853
4.44332
6.57853
6.57853
6.57853
4.44332
6.57853
6.57853
6.57853
4.44332
6.57853
4.44332
6.57853
6.57853
6.57853
4.44332
6.57853
4.44332
4.44332
6.57853
4.44332
6.57853
6.57853
6.57853
4.44332
6.57853
4.44332
4.44332
4.44332
6.57853
4.44332
4.44332
4.44332
6.57853
4.44332
6.57853
6.57853
4.44332
6.57853
4.44332
4.44332
4.44332
6.57853
4.44332
6.57853
6.57853
6.57853
4.44332
6.57853
6.57853
6.57853
4.44332
6.57853
6.57853
4.44332
4.44332
4.44332
6.57853
4.44332
6.57853
6.57853
6.57853
4.44332
6.57853
6.57853
6.57853
6.57853
4.44332
6.57853
6.57853
6.57853
4.44332
6.57853
6.57853
6.57853
4.44332
6.57853
4.44332
4.44332
6.57853
4.44332
6.57853
6.57853
6.57853
4.44332
6.57853
4.44332
4.44332
6.57853
4.44332
6.57853
6.57853
4.44332
4.44332
6.57853
4.44332
4.44332
6.57853
4.44332
6.57853
4.44332
4.44332
4.44332
6.57853
4.44332
4.44332
4.44332
6.57853
4.44332
6.57853
6.57853
6.57853
6.57853
4.44332
6.57853
6.57853
6.57853
4.44332
6.57853
4.44332
6.57853
6.57853
4.44332
6.57853
4.44332
6.57853
6.57853
6.57853
4.44332
6.57853
6.57853
6.57853
6.57853
4.44332
6.57853
4.44332
4.44332
4.44332
6.57853
4.44332
4.44332
6.57853
4.44332
6.57853
4.44332
4.44332
4.44332
6.57853
4.44332
4.44332
4.44332
6.57853
6.57853
4.44332
4.44332
4.44332
6.57853
4.44332
6.57853
6.57853
6.57853
4.44332
6.57853
6.57853
6.57853
4.44332
6.57853
4.44332
4.44332
4.44332
6.57853
4.44332
4.44332
6.57853
4.44332
6.57853
4.44332
4.44332
4.44332
6.57853
4.44332
4.44332
4.44332
6.57853
4.44332
6.57853
6.57853
6.57853
6.57853
4.44332
4.44332
4.44332
6.57853
4.44332
6.57853
4.44332
4.44332
4.44332
6.57853
4.44332
6.57853
6.57853
6.57853
4.44332
6.57853
6.57853
4.44332
6.57853
4.44332
6.57853
6.57853
6.57853
4.44332
6.57853
6.57853
6.57853
4.44332
6.57853
4.44332
4.44332
4.44332
6.57853
4.44332
4.44332
4.44332
6.57853
4.44332
6.57853
6.57853
6.57853
6.57853
4.44332
6.57853
4.44332
4.44332
4.44332
6.57853
4.44332
4.44332
4.44332
6.57853
4.44332
6.57853
4.44332
4.44332
4.44332
4.44332
4.44332
6.57853
6.57853
4.44332
6.57853
4.44332
6.57853
4.44332
6.57853
4.44332
6.57853
4.44332
4.44332
4.44332
4.44332
4.44332
4.44332
6.57853
4.44332
6.57853
4.44332
6.57853
4.44332
6.57853
4.44332
6.57853
4.44332
6.57853
4.44332
6.57853
6.57853
4.44332
6.57853
4.44332
6.57853
6.57853
6.57853
6.57853
6.57853
6.57853
6.57853
6.57853
6.57853
6.57853
6.57853
6.57853
4.44332
6.57853
4.44332
6.57853
4.44332
6.57853
6.57853
4.44332
6.57853
4.44332
6.57853
4.44332
6.57853
4.44332
6.57853
4.44332
6.57853
4.44332
6.57853
6.57853
4.44332
6.57853
4.44332
6.57853
4.44332
6.57853
4.44332
6.57853
4.44332
6.57853
4.44332
6.57853
4.44332
6.57853
6.57853
4.44332
6.57853
4.44332
6.57853
4.44332
6.57853
4.44332
6.57853
4.44332
6.57853
4.44332
6.57853
4.44332
6.57853
4.44332
6.57853
6.57853
4.44332
6.57853
4.44332
6.57853
4.44332
6.57853
4.44332
6.57853
4.44332
6.57853
4.44332
6.57853
4.44332
6.57853
4.44332
6.57853
6.57853
4.44332
6.57853
4.44332
6.57853
4.44332
6.57853
4.44332
6.57853
4.44332
6.57853
4.44332
6.57853
4.44332
6.57853
4.44332
6.57853
4.44332
6.57853
4.44332
6.57853
6.57853
4.44332
6.57853
4.44332
6.57853
4.44332
6.57853
4.44332
6.57853
4.44332
6.57853
4.44332
6.57853
4.44332
6.57853
4.44332
6.57853
4.44332
6.57853
6.57853
4.44332
6.57853
4.44332
6.57853
4.44332
6.57853
4.44332
6.57853
4.44332
6.57853
4.44332
6.57853
6.57853
4.44332
6.57853
4.44332
6.57853
4.44332
6.57853
4.44332
6.57853
4.44332
6.57853
4.44332
6.57853
6.57853
4.44332
6.57853
4.44332
6.57853
4.44332
6.57853
4.44332
6.57853
4.44332
6.57853
4.44332
6.57853
6.57853
4.44332
6.57853
4.44332
6.57853
4.44332
6.57853
4.44332
6.57853
4.44332
6.57853
4.44332
6.57853
4.44332
6.57853
6.57853
4.44332
6.57853
4.44332
6.57853
4.44332
6.57853
4.44332
6.57853
4.44332
6.57853
4.44332
6.57853
4.44332
6.57853
6.57853
4.44332
6.57853
4.44332
6.57853
4.44332
6.57853
4.44332
6.57853
4.44332
6.57853
4.44332
6.57853
4.44332
6.57853
4.44332
6.57853
4.44332
6.57853
4.44332
6.57853
6.57853
4.44332
6.57853
4.44332
6.57853
4.44332
6.57853
4.44332
6.57853
4.44332
6.57853
6.57853
4.44332
6.57853
4.44332
6.57853
4.44332
6.57853
4.44332
6.57853
4.44332
6.57853
4.44332
6.57853
4.44332
6.57853
6.57853
4.44332
6.57853
4.44332
6.57853
4.44332
6.57853
4.44332
6.57853
4.44332
6.57853
4.44332
6.57853
6.57853
4.44332
6.57853
4.44332
6.57853
4.44332
6.57853
4.44332
6.57853
4.44332
6.57853
4.44332
6.57853
4.44332
6.57853
4.44332
6.57853
6.57853
4.44332
6.57853
4.44332
6.57853
4.44332
6.57853
4.44332
6.57853
4.44332
6.57853
4.44332
6.57853
4.44332
6.57853
6.57853
4.44332
6.57853
4.44332
6.57853
4.44332
6.57853
4.44332
6.57853
4.44332
6.57853
4.44332
6.57853
4.44332
6.57853
4.44332
6.57853
4.44332
6.57853
6.57853
4.44332
6.57853
4.44332
6.57853
4.44332
6.57853
4.44332
6.57853
4.44332
6.57853
6.57853
6.57853
6.57853
6.57853
6.57853
6.57853
6.57853
6.57853
6.57853
6.57853
6.57853
4.44332
6.57853
4.44332
4.44332
4.44332
4.44332
4.44332
6.57853
6.57853
6.57853
4.44332
6.57853
6.57853
6.57853
6.57853
4.44332
6.57853
6.57853
6.57853
4.44332
6.57853
6.57853
6.57853
4.44332
6.57853
6.57853
6.57853
6.57853
4.44332
6.57853
6.57853
6.57853
4.44332
6.57853
4.44332
4.44332
6.57853
4.44332
6.57853
6.57853
6.57853
4.44332
6.57853
4.44332
4.44332
4.44332
6.57853
6.57853
4.44332
4.44332
4.44332
6.57853
4.44332
4.44332
4.44332
6.57853
4.44332
6.57853
6.57853
4.44332
6.57853
4.44332
4.44332
4.44332
6.57853
4.44332
6.57853
6.57853
6.57853
6.57853
4.44332
4.44332
4.44332
6.57853
4.44332
6.57853
6.57853
6.57853
4.44332
6.57853
6.57853
4.44332
6.57853
4.44332
6.57853
6.57853
6.57853
4.44332
6.57853
6.57853
6.57853
6.57853
4.44332
6.57853
6.57853
6.57853
4.44332
6.57853
4.44332
4.44332
4.44332
6.57853
6.57853
6.57853
6.57853
4.44332
6.57853
4.44332
4.44332
4.44332
6.57853
4.44332
6.57853
6.57853
4.44332
6.57853
4.44332
6.57853
6.57853
6.57853
4.44332
6.57853
6.57853
4.44332
6.57853
4.44332
6.57853
6.57853
6.57853
4.44332
6.57853
4.44332
4.44332
4.44332
4.44332
4.44332
4.44332
4.44332
4.44332
4.44332
4.44332
4.44332
4.44332
4.44332
4.44332
6.57853
4.44332
6.57853
4.44332
6.57853
6.57853
6.57853
4.44332
4.44332
4.44332
6.57853
6.57853
6.57853
6.57853
4.44332
6.57853
4.44332
4.44332
4.44332
6.57853
4.44332
4.44332
4.44332
6.57853
4.44332
6.57853
6.57853
6.57853
6.57853
4.44332
4.44332
4.44332
6.57853
4.44332
6.57853
6.57853
6.57853
4.44332
6.57853
6.57853
4.44332
4.44332
6.57853
4.44332
4.44332
4.44332
6.57853
4.44332
6.57853
6.57853
6.57853
6.57853
4.44332
4.44332
4.44332
6.57853
4.44332
6.57853
6.57853
6.57853
4.44332
6.57853
6.57853
6.57853
4.44332
6.57853
4.44332
4.44332
4.44332
6.57853
4.44332
4.44332
4.44332
4.44332
4.44332
6.57853
4.44332
4.44332
4.44332
6.57853
4.44332
4.44332
6.57853
6.57853
4.44332
6.57853
6.57853
4.44332
6.57853
4.44332
6.57853
6.57853
6.57853
4.44332
6.57853
6.57853
6.57853
4.44332
6.57853
4.44332
4.44332
4.44332
6.57853
4.44332
4.44332
4.44332
6.57853
4.44332
6.57853
6.57853
6.57853
4.44332
6.57853
6.57853
4.44332
6.57853
4.44332
6.57853
6.57853
6.57853
4.44332
6.57853
6.57853
4.44332
4.44332
6.57853
4.44332
4.44332
4.44332
6.57853
6.57853
6.57853
4.44332
4.44332
6.57853
4.44332
4.44332
4.44332
6.57853
6.57853
6.57853
4.44332
6.57853
4.44332
6.57853
6.57853
4.44332
6.57853
4.44332
6.57853
4.44332
6.57853
4.44332
6.57853
4.44332
6.57853
4.44332
6.57853
6.57853
4.44332
4.44332
4.44332
6.57853
4.44332
6.57853
4.44332
6.57853
4.44332
4.44332
4.44332
6.57853
4.44332
4.44332
6.57853
4.44332
6.57853
4.44332
4.44332
4.44332
6.57853
4.44332
4.44332
4.44332
6.57853
4.44332
6.57853
4.44332
6.57853
6.57853
6.57853
4.44332
4.44332
6.57853
4.44332
6.57853
4.44332
6.57853
4.44332
6.57853
4.44332
4.44332
4.44332
6.57853
4.44332
4.44332
4.44332
6.57853
6.57853
4.44332
4.44332
4.44332
6.57853
4.44332
6.57853
4.44332
6.57853
4.44332
6.57853
4.44332
6.57853
6.57853
6.57853
6.57853
6.57853
6.57853
4.44332
6.57853
4.44332
6.57853
4.44332
4.44332
4.44332
6.57853
4.44332
6.57853
6.57853
6.57853
6.57853
4.44332
6.57853
4.44332
6.57853
4.44332
6.57853
4.44332
6.57853
4.44332
4.44332
6.57853
6.57853
4.44332
6.57853
6.57853
4.44332
6.57853
6.57853
6.57853
4.44332
6.57853
4.44332
4.44332
4.44332
6.57853
4.44332
6.57853
4.44332
6.57853
4.44332
6.57853
6.57853
4.44332
6.57853
6.57853
6.57853
4.44332
6.57853
4.44332
4.44332
4.44332
6.57853
4.44332
4.44332
4.44332
6.57853
4.44332
4.44332
4.44332
4.44332
4.44332
6.57853
6.57853
4.44332
6.57853
4.44332
6.57853
4.44332
6.57853
4.44332
6.57853
4.44332
6.57853
4.44332
6.57853
4.44332
6.57853
4.44332
6.57853
6.57853
4.44332
6.57853
4.44332
6.57853
4.44332
6.57853
4.44332
6.57853
4.44332
6.57853
4.44332
6.57853
4.44332
6.57853
6.57853
4.44332
6.57853
4.44332
6.57853
4.44332
6.57853
4.44332
6.57853
4.44332
6.57853
4.44332
6.57853
4.44332
6.57853
6.57853
4.44332
6.57853
4.44332
6.57853
4.44332
6.57853
4.44332
6.57853
4.44332
6.57853
4.44332
6.57853
4.44332
6.57853
4.44332
6.57853
6.57853
4.44332
6.57853
4.44332
6.57853
4.44332
6.57853
4.44332
6.57853
4.44332
6.57853
4.44332
6.57853
6.57853
4.44332
6.57853
4.44332
6.57853
4.44332
6.57853
4.44332
6.57853
4.44332
6.57853
4.44332
6.57853
6.57853
4.44332
6.57853
4.44332
6.57853
4.44332
6.57853
4.44332
6.57853
4.44332
6.57853
4.44332
6.57853
4.44332
6.57853
6.57853
4.44332
6.57853
4.44332
6.57853
4.44332
6.57853
4.44332
6.57853
4.44332
6.57853
6.57853
4.44332
6.57853
4.44332
6.57853
4.44332
6.57853
4.44332
6.57853
4.44332
6.57853
4.44332
6.57853
4.44332
6.57853
4.44332
6.57853
6.57853
4.44332
6.57853
4.44332
6.57853
4.44332
6.57853
4.44332
6.57853
4.44332
6.57853
4.44332
6.57853
4.44332
6.57853
4.44332
6.57853
6.57853
4.44332
6.57853
4.44332
6.57853
4.44332
6.57853
4.44332
6.57853
4.44332
6.57853
4.44332
6.57853
4.44332
6.57853
4.44332
6.57853
6.57853
4.44332
6.57853
4.44332
6.57853
4.44332
6.57853
4.44332
6.57853
4.44332
6.57853
4.44332
6.57853
4.44332
6.57853
4.44332
6.57853
4.44332
6.57853
6.57853
4.44332
6.57853
4.44332
6.57853
4.44332
6.57853
4.44332
6.57853
6.57853
4.44332
6.57853
4.44332
6.57853
4.44332
6.57853
4.44332
6.57853
4.44332
6.57853
4.44332
6.57853
6.57853
4.44332
6.57853
4.44332
6.57853
4.44332
6.57853
4.44332
6.57853
4.44332
6.57853
6.57853
4.44332
6.57853
4.44332
6.57853
4.44332
6.57853
4.44332
6.57853
6.57853
4.44332
6.57853
4.44332
6.57853
4.44332
6.57853
4.44332
6.57853
4.44332
6.57853
4.44332
6.57853
6.57853
4.44332
6.57853
4.44332
6.57853
4.44332
6.57853
4.44332
6.57853
4.44332
6.57853
6.57853
4.44332
6.57853
4.44332
6.57853
4.44332
6.57853
4.44332
6.57853
4.44332
6.57853
4.44332
6.57853
6.57853
4.44332
6.57853
4.44332
6.57853
4.44332
6.57853
4.44332
6.57853
6.57853
4.44332
6.57853
4.44332
6.57853
4.44332
6.57853
4.44332
6.57853
4.44332
6.57853
6.57853
4.44332
6.57853
4.44332
6.57853
6.57853
6.57853
4.44332
6.57853
4.44332
6.57853
4.44332
6.57853
6.57853
4.44332
6.57853
4.44332
6.57853
6.57853
6.57853
4.44332
6.57853
6.57853
6.57853
6.57853
4.44332
6.57853
6.57853
6.57853
4.44332
6.57853
6.57853
6.57853
4.44332
6.57853
4.44332
4.44332
6.57853
4.44332
6.57853
6.57853
6.57853
4.44332
6.57853
4.44332
4.44332
4.44332
6.57853
6.57853
6.57853
6.57853
4.44332
6.57853
4.44332
4.44332
4.44332
6.57853
4.44332
6.57853
6.57853
6.57853
4.44332
6.57853
6.57853
4.44332
6.57853
4.44332
6.57853
6.57853
6.57853
4.44332
6.57853
6.57853
6.57853
4.44332
6.57853
4.44332
4.44332
6.57853
4.44332
4.44332
4.44332
6.57853
4.44332
6.57853
4.44332
6.57853
4.44332
6.57853
4.44332
6.57853
4.44332
4.44332
4.44332
6.57853
4.44332
4.44332
4.44332
6.57853
4.44332
6.57853
6.57853
6.57853
4.44332
6.57853
6.57853
4.44332
6.57853
4.44332
6.57853
6.57853
6.57853
4.44332
6.57853
6.57853
6.57853
4.44332
6.57853
4.44332
4.44332
4.44332
6.57853
4.44332
4.44332
6.57853
4.44332
6.57853
4.44332
4.44332
4.44332
6.57853
4.44332
4.44332
4.44332
6.57853
4.44332
6.57853
4.44332
4.44332
4.44332
6.57853
6.57853
4.44332
4.44332
4.44332
6.57853
4.44332
4.44332
4.44332
6.57853
6.57853
6.57853
6.57853
6.57853
6.57853
6.57853
4.44332
4.44332
6.57853
4.44332
6.57853
4.44332
4.44332
4.44332
6.57853
4.44332
6.57853
4.44332
6.57853
4.44332
6.57853
6.57853
4.44332
6.57853
4.44332
6.57853
4.44332
6.57853
4.44332
6.57853
4.44332
6.57853
4.44332
6.57853
4.44332
6.57853
4.44332
6.57853
4.44332
6.57853
4.44332
6.57853
6.57853
4.44332
6.57853
4.44332
6.57853
4.44332
6.57853
4.44332
6.57853
4.44332
6.57853
4.44332
6.57853
4.44332
6.57853
4.44332
6.57853
6.57853
4.44332
6.57853
4.44332
6.57853
4.44332
6.57853
4.44332
6.57853
4.44332
6.57853
4.44332
6.57853
4.44332
6.57853
4.44332
6.57853
4.44332
6.57853
4.44332
6.57853
4.44332
6.57853
4.44332
6.57853
4.44332
6.57853
4.44332
6.57853
4.44332
6.57853
4.44332
6.57853
4.44332
6.57853
6.57853
4.44332
6.57853
4.44332
6.57853
4.44332
6.57853
4.44332
6.57853
4.44332
6.57853
4.44332
6.57853
4.44332
6.57853
4.44332
6.57853
4.44332
6.57853
4.44332
6.57853
4.44332
6.57853
4.44332
6.57853
6.57853
4.44332
6.57853
4.44332
6.57853
4.44332
6.57853
4.44332
6.57853
6.57853
6.57853
4.44332
6.57853
4.44332
6.57853
4.44332
6.57853
4.44332
6.57853
4.44332
6.57853
4.44332
6.57853
4.44332
6.57853
4.44332
6.57853
4.44332
6.57853
4.44332
6.57853
4.44332
6.57853
6.57853
4.44332
6.57853
4.44332
6.57853
4.44332
6.57853
4.44332
6.57853
4.44332
6.57853
4.44332
6.57853
4.44332
6.57853
4.44332
6.57853
4.44332
6.57853
4.44332
6.57853
4.44332
6.57853
4.44332
6.57853
4.44332
6.57853
4.44332
6.57853
6.57853
4.44332
6.57853
4.44332
6.57853
4.44332
6.57853
4.44332
6.57853
4.44332
6.57853
4.44332
6.57853
4.44332
4.44332
4.44332
6.57853
4.44332
6.57853
4.44332
6.57853
4.44332
6.57853
4.44332
6.57853
4.44332
6.57853
4.44332
6.57853
4.44332
6.57853
6.57853
4.44332
6.57853
4.44332
6.57853
4.44332
6.57853
4.44332
6.57853
4.44332
6.57853
4.44332
6.57853
4.44332
6.57853
4.44332
4.44332
4.44332
6.57853
4.44332
6.57853
4.44332
6.57853
4.44332
6.57853
6.57853
4.44332
6.57853
4.44332
6.57853
4.44332
6.57853
4.44332
6.57853
4.44332
6.57853
4.44332
6.57853
4.44332
6.57853
4.44332
6.57853
4.44332
6.57853
4.44332
6.57853
4.44332
6.57853
6.57853
4.44332
6.57853
4.44332
6.57853
4.44332
6.57853
4.44332
6.57853
4.44332
6.57853
4.44332
6.57853
4.44332
6.57853
4.44332
6.57853
6.57853
4.44332
6.57853
4.44332
6.57853
4.44332
6.57853
4.44332
6.57853
4.44332
6.57853
4.44332
6.57853
4.44332
6.57853
4.44332
6.57853
4.44332
6.57853
4.44332
6.57853
4.44332
6.57853
4.44332
6.57853
4.44332
6.57853
4.44332
6.57853
4.44332
6.57853
4.44332
6.57853
6.57853
4.44332
6.57853
4.44332
6.57853
4.44332
6.57853
4.44332
6.57853
4.44332
6.57853
4.44332
6.57853
4.44332
6.57853
4.44332
6.57853
4.44332
6.57853
4.44332
6.57853
4.44332
6.57853
4.44332
6.57853
4.44332
6.57853
6.57853
6.57853
6.57853
6.57853
6.57853
6.57853
6.57853
6.57853
6.57853
6.57853
6.57853
4.44332
6.57853
4.44332
6.57853
4.44332
6.57853
4.44332
6.57853
4.44332
6.57853
6.57853
4.44332
6.57853
4.44332
6.57853
4.44332
6.57853
4.44332
6.57853
4.44332
6.57853
4.44332
6.57853
4.44332
6.57853
6.57853
4.44332
6.57853
4.44332
6.57853
4.44332
6.57853
4.44332
6.57853
4.44332
6.57853
4.44332
6.57853
4.44332
6.57853
4.44332
6.57853
4.44332
6.57853
4.44332
6.57853
4.44332
6.57853
6.57853
4.44332
6.57853
4.44332
6.57853
4.44332
6.57853
4.44332
6.57853
4.44332
6.57853
4.44332
6.57853
4.44332
6.57853
6.57853
4.44332
6.57853
4.44332
6.57853
4.44332
6.57853
4.44332
6.57853
4.44332
6.57853
4.44332
6.57853
4.44332
6.57853
6.57853
4.44332
6.57853
4.44332
6.57853
4.44332
6.57853
4.44332
6.57853
4.44332
6.57853
4.44332
6.57853
6.57853
4.44332
6.57853
4.44332
6.57853
4.44332
6.57853
4.44332
4.44332
4.44332
6.57853
4.44332
6.57853
6.57853
4.44332
6.57853
4.44332
6.57853
4.44332
6.57853
4.44332
6.57853
4.44332
6.57853
4.44332
4.44332
6.57853
4.44332
6.57853
4.44332
6.57853
6.57853
6.57853
4.44332
6.57853
4.44332
6.57853
4.44332
4.44332
4.44332
6.57853
6.57853
6.57853
6.57853
4.44332
4.44332
4.44332
6.57853
4.44332
6.57853
6.57853
6.57853
4.44332
6.57853
6.57853
4.44332
4.44332
4.44332
6.57853
4.44332
6.57853
4.44332
4.44332
4.44332
6.57853
4.44332
6.57853
6.57853
4.44332
6.57853
4.44332
6.57853
4.44332
4.44332
4.44332
6.57853
4.44332
6.57853
4.44332
6.57853
4.44332
4.44332
6.57853
4.44332
4.44332
4.44332
6.57853
6.57853
6.57853
4.44332
6.57853
4.44332
4.44332
4.44332
6.57853
4.44332
6.57853
4.44332
6.57853
6.57853
6.57853
4.44332
6.57853
4.44332
6.57853
4.44332
4.44332
6.57853
4.44332
6.57853
4.44332
6.57853
6.57853
6.57853
4.44332
6.57853
4.44332
4.44332
4.44332
6.57853
4.44332
6.57853
4.44332
4.44332
4.44332
6.57853
6.57853
4.44332
6.57853
4.44332
4.44332
4.44332
6.57853
4.44332
6.57853
4.44332
4.44332
4.44332
6.57853
4.44332
6.57853
6.57853
6.57853
4.44332
6.57853
6.57853
4.44332
4.44332
4.44332
6.57853
4.44332
6.57853
4.44332
6.57853
4.44332
4.44332
4.44332
6.57853
4.44332
6.57853
6.57853
6.57853
6.57853
4.44332
6.57853
4.44332
4.44332
4.44332
6.57853
4.44332
6.57853
4.44332
4.44332
6.57853
4.44332
6.57853
4.44332
6.57853
4.44332
4.44332
4.44332
6.57853
4.44332
6.57853
4.44332
4.44332
4.44332
6.57853
4.44332
6.57853
6.57853
6.57853
6.57853
4.44332
6.57853
4.44332
6.57853
6.57853
6.57853
4.44332
4.44332
4.44332
6.57853
6.57853
6.57853
4.44332
6.57853
6.57853
6.57853
6.57853
4.44332
6.57853
4.44332
6.57853
6.57853
6.57853
6.57853
4.44332
6.57853
4.44332
4.44332
4.44332
6.57853
4.44332
6.57853
6.57853
6.57853
4.44332
6.57853
6.57853
4.44332
4.44332
4.44332
6.57853
6.57853
6.57853
4.44332
4.44332
4.44332
6.57853
4.44332
6.57853
6.57853
4.44332
6.57853
4.44332
6.57853
4.44332
6.57853
6.57853
6.57853
4.44332
6.57853
4.44332
6.57853
6.57853
6.57853
4.44332
6.57853
6.57853
4.44332
4.44332
4.44332
6.57853
4.44332
6.57853
6.57853
6.57853
4.44332
6.57853
4.44332
6.57853
6.57853
4.44332
4.44332
4.44332
6.57853
4.44332
6.57853
4.44332
6.57853
6.57853
6.57853
4.44332
6.57853
4.44332
6.57853
6.57853
6.57853
6.57853
4.44332
6.57853
6.57853
6.57853
4.44332
4.44332
4.44332
6.57853
4.44332
6.57853
6.57853
6.57853
6.57853
4.44332
6.57853
4.44332
6.57853
6.57853
6.57853
4.44332
6.57853
4.44332
6.57853
4.44332
4.44332
6.57853
4.44332
4.44332
4.44332
6.57853
6.57853
6.57853
4.44332
6.57853
4.44332
4.44332
4.44332
6.57853
4.44332
6.57853
6.57853
6.57853
6.57853
4.44332
6.57853
4.44332
6.57853
4.44332
4.44332
4.44332
6.57853
4.44332
6.57853
4.44332
4.44332
4.44332
6.57853
6.57853
4.44332
4.44332
4.44332
6.57853
4.44332
6.57853
4.44332
4.44332
4.44332
6.57853
4.44332
4.44332
6.57853
4.44332
4.44332
4.44332
6.57853
4.44332
6.57853
6.57853
6.57853
4.44332
6.57853
6.57853
4.44332
4.44332
4.44332
6.57853
4.44332
6.57853
4.44332
6.57853
6.57853
6.57853
4.44332
6.57853
6.57853
6.57853
4.44332
6.57853
6.57853
6.57853
6.57853
4.44332
6.57853
4.44332
4.44332
4.44332
6.57853
4.44332
4.44332
4.44332
6.57853
6.57853
4.44332
6.57853
4.44332
4.44332
4.44332
6.57853
4.44332
6.57853
4.44332
4.44332
4.44332
6.57853
4.44332
6.57853
6.57853
6.57853
6.57853
4.44332
6.57853
4.44332
6.57853
6.57853
6.57853
4.44332
6.57853
4.44332
6.57853
4.44332
4.44332
4.44332
6.57853
6.57853
4.44332
6.57853
6.57853
6.57853
4.44332
6.57853
4.44332
4.44332
4.44332
6.57853
4.44332
6.57853
4.44332
4.44332
4.44332
6.57853
4.44332
6.57853
6.57853
6.57853
6.57853
4.44332
6.57853
4.44332
4.44332
4.44332
6.57853
4.44332
6.57853
4.44332
4.44332
4.44332
6.57853
4.44332
6.57853
6.57853
4.44332
4.44332
4.44332
6.57853
4.44332
6.57853
4.44332
4.44332
4.44332
6.57853
4.44332
6.57853
6.57853
6.57853
4.44332
6.57853
4.44332
6.57853
6.57853
4.44332
6.57853
4.44332
6.57853
4.44332
4.44332
4.44332
6.57853
4.44332
4.44332
4.44332
6.57853
6.57853
4.44332
6.57853
4.44332
4.44332
4.44332
6.57853
4.44332
6.57853
4.44332
4.44332
4.44332
6.57853
4.44332
6.57853
6.57853
4.44332
6.57853
4.44332
6.57853
4.44332
6.57853
6.57853
6.57853
4.44332
6.57853
6.57853
4.44332
6.57853
6.57853
6.57853
4.44332
6.57853
4.44332
6.57853
6.57853
4.44332
4.44332
4.44332
6.57853
4.44332
6.57853
4.44332
6.57853
4.44332
6.57853
4.44332
6.57853
6.57853
4.44332
6.57853
4.44332
6.57853
6.57853
6.57853
4.44332
6.57853
4.44332
6.57853
6.57853
4.44332
4.44332
4.44332
6.57853
4.44332
4.44332
4.44332
6.57853
4.44332
6.57853
6.57853
6.57853
6.57853
4.44332
4.44332
4.44332
6.57853
4.44332
6.57853
4.44332
4.44332
4.44332
6.57853
4.44332
6.57853
6.57853
6.57853
4.44332
6.57853
6.57853
4.44332
6.57853
4.44332
6.57853
6.57853
6.57853
4.44332
6.57853
6.57853
6.57853
4.44332
6.57853
6.57853
4.44332
6.57853
4.44332
4.44332
4.44332
6.57853
4.44332
6.57853
6.57853
6.57853
6.57853
4.44332
4.44332
4.44332
6.57853
4.44332
6.57853
6.57853
6.57853
4.44332
6.57853
6.57853
4.44332
6.57853
4.44332
6.57853
6.57853
6.57853
4.44332
6.57853
4.44332
4.44332
4.44332
6.57853
6.57853
6.57853
6.57853
4.44332
6.57853
4.44332
4.44332
4.44332
6.57853
4.44332
4.44332
4.44332
6.57853
6.57853
4.44332
4.44332
4.44332
6.57853
4.44332
6.57853
4.44332
6.57853
4.44332
6.57853
6.57853
6.57853
4.44332
6.57853
6.57853
4.44332
6.57853
4.44332
6.57853
4.44332
6.57853
6.57853
6.57853
6.57853
6.57853
6.57853
6.57853
6.57853
6.57853
6.57853
6.57853
6.57853
6.57853
6.57853
4.44332
6.57853
4.44332
6.57853
4.44332
6.57853
4.44332
6.57853
4.44332
6.57853
4.44332
6.57853
4.44332
6.57853
6.57853
4.44332
6.57853
4.44332
6.57853
4.44332
6.57853
4.44332
6.57853
4.44332
6.57853
4.44332
6.57853
4.44332
6.57853
4.44332
6.57853
4.44332
6.57853
4.44332
6.57853
6.57853
4.44332
6.57853
4.44332
6.57853
4.44332
6.57853
4.44332
6.57853
4.44332
6.57853
4.44332
6.57853
4.44332
6.57853
4.44332
6.57853
6.57853
4.44332
6.57853
4.44332
6.57853
4.44332
6.57853
4.44332
6.57853
4.44332
6.57853
4.44332
6.57853
4.44332
6.57853
4.44332
6.57853
6.57853
4.44332
6.57853
4.44332
6.57853
4.44332
6.57853
4.44332
6.57853
4.44332
6.57853
4.44332
6.57853
4.44332
6.57853
6.57853
4.44332
6.57853
4.44332
6.57853
4.44332
6.57853
4.44332
6.57853
4.44332
6.57853
4.44332
6.57853
4.44332
6.57853
4.44332
6.57853
6.57853
4.44332
6.57853
4.44332
6.57853
4.44332
6.57853
4.44332
6.57853
4.44332
6.57853
6.57853
4.44332
6.57853
4.44332
6.57853
4.44332
6.57853
4.44332
6.57853
4.44332
6.57853
4.44332
6.57853
6.57853
4.44332
4.44332
4.44332
6.57853
4.44332
6.57853
4.44332
6.57853
4.44332
6.57853
4.44332
6.57853
4.44332
6.57853
4.44332
6.57853
4.44332
6.57853
4.44332
6.57853
6.57853
4.44332
6.57853
4.44332
6.57853
4.44332
6.57853
4.44332
6.57853
4.44332
6.57853
4.44332
6.57853
4.44332
6.57853
6.57853
4.44332
6.57853
4.44332
6.57853
4.44332
6.57853
4.44332
6.57853
4.44332
6.57853
4.44332
6.57853
6.57853
4.44332
6.57853
4.44332
6.57853
4.44332
6.57853
4.44332
6.57853
4.44332
6.57853
4.44332
6.57853
4.44332
6.57853
4.44332
6.57853
6.57853
4.44332
6.57853
4.44332
6.57853
4.44332
6.57853
4.44332
6.57853
4.44332
6.57853
4.44332
6.57853
4.44332
6.57853
4.44332
6.57853
6.57853
4.44332
6.57853
4.44332
6.57853
4.44332
6.57853
4.44332
6.57853
4.44332
6.57853
4.44332
6.57853
4.44332
6.57853
4.44332
6.57853
6.57853
4.44332
6.57853
4.44332
6.57853
4.44332
6.57853
4.44332
6.57853
4.44332
6.57853
4.44332
6.57853
4.44332
6.57853
4.44332
6.57853
6.57853
6.57853
6.57853
6.57853
6.57853
4.44332
6.57853
4.44332
6.57853
4.44332
6.57853
4.44332
6.57853
6.57853
4.44332
6.57853
4.44332
6.57853
6.57853
6.57853
6.57853
6.57853
6.57853
6.57853
6.57853
6.57853
6.57853
6.57853
6.57853
6.57853
6.57853
6.57853
6.57853
4.44332
6.57853
4.44332
6.57853
4.44332
6.57853
4.44332
6.57853
4.44332
6.57853
6.57853
4.44332
6.57853
4.44332
6.57853
4.44332
6.57853
4.44332
6.57853
4.44332
6.57853
4.44332
6.57853
6.57853
4.44332
6.57853
4.44332
6.57853
4.44332
6.57853
4.44332
6.57853
6.57853
4.44332
6.57853
4.44332
6.57853
4.44332
6.57853
4.44332
6.57853
4.44332
6.57853
4.44332
6.57853
6.57853
4.44332
4.44332
4.44332
6.57853
4.44332
6.57853
4.44332
6.57853
6.57853
4.44332
6.57853
4.44332
6.57853
4.44332
6.57853
4.44332
6.57853
4.44332
6.57853
6.57853
4.44332
6.57853
4.44332
6.57853
4.44332
6.57853
4.44332
6.57853
4.44332
6.57853
4.44332
6.57853
4.44332
6.57853
6.57853
4.44332
6.57853
4.44332
6.57853
4.44332
6.57853
4.44332
6.57853
6.57853
6.57853
4.44332
6.57853
4.44332
6.57853
4.44332
6.57853
4.44332
6.57853
6.57853
4.44332
6.57853
4.44332
6.57853
4.44332
6.57853
4.44332
6.57853
4.44332
6.57853
4.44332
6.57853
4.44332
6.57853
6.57853
4.44332
6.57853
4.44332
6.57853
4.44332
6.57853
4.44332
6.57853
4.44332
6.57853
4.44332
6.57853
6.57853
4.44332
6.57853
6.57853
6.57853
4.44332
6.57853
4.44332
6.57853
4.44332
6.57853
6.57853
4.44332
6.57853
4.44332
6.57853
4.44332
6.57853
4.44332
6.57853
4.44332
6.57853
4.44332
6.57853
4.44332
6.57853
6.57853
4.44332
6.57853
4.44332
6.57853
4.44332
6.57853
4.44332
6.57853
6.57853
4.44332
6.57853
4.44332
6.57853
4.44332
6.57853
4.44332
6.57853
4.44332
6.57853
6.57853
4.44332
6.57853
4.44332
6.57853
4.44332
6.57853
6.57853
6.57853
4.44332
6.57853
6.57853
4.44332
6.57853
4.44332
6.57853
4.44332
6.57853
4.44332
6.57853
4.44332
6.57853
6.57853
4.44332
6.57853
4.44332
6.57853
4.44332
6.57853
4.44332
6.57853
4.44332
6.57853
6.57853
4.44332
6.57853
4.44332
6.57853
4.44332
6.57853
4.44332
6.57853
4.44332
6.57853
4.44332
6.57853
4.44332
6.57853
6.57853
4.44332
6.57853
4.44332
6.57853
4.44332
6.57853
4.44332
6.57853
6.57853
6.57853
6.57853
4.44332
6.57853
4.44332
6.57853
4.44332
6.57853
4.44332
6.57853
4.44332
6.57853
4.44332
6.57853
4.44332
6.57853
6.57853
4.44332
6.57853
4.44332
6.57853
4.44332
6.57853
4.44332
6.57853
4.44332
6.57853
4.44332
6.57853
6.57853
4.44332
6.57853
4.44332
6.57853
4.44332
6.57853
4.44332
6.57853
4.44332
6.57853
4.44332
6.57853
6.57853
4.44332
6.57853
4.44332
6.57853
4.44332
6.57853
6.57853
6.57853
4.44332
6.57853
6.57853
4.44332
6.57853
4.44332
6.57853
4.44332
6.57853
4.44332
6.57853
4.44332
6.57853
6.57853
4.44332
6.57853
4.44332
6.57853
4.44332
6.57853
4.44332
6.57853
4.44332
6.57853
4.44332
6.57853
4.44332
6.57853
6.57853
4.44332
6.57853
4.44332
6.57853
4.44332
6.57853
4.44332
6.57853
6.57853
4.44332
6.57853
6.57853
6.57853
4.44332
6.57853
4.44332
6.57853
4.44332
6.57853
6.57853
4.44332
6.57853
4.44332
6.57853
4.44332
6.57853
4.44332
6.57853
4.44332
6.57853
4.44332
4.44332
4.44332
6.57853
6.57853
4.44332
6.57853
4.44332
6.57853
4.44332
6.57853
4.44332
6.57853
4.44332
4.44332
4.44332
6.57853
4.44332
6.57853
6.57853
4.44332
6.57853
4.44332
6.57853
4.44332
6.57853
4.44332
6.57853
4.44332
6.57853
4.44332
4.44332
4.44332
6.57853
4.44332
6.57853
6.57853
4.44332
6.57853
6.57853
6.57853
4.44332
6.57853
4.44332
6.57853
4.44332
6.57853
4.44332
6.57853
4.44332
6.57853
6.57853
6.57853
6.57853
6.57853
6.57853
6.57853
6.57853
4.44332
6.57853
4.44332
6.57853
4.44332
6.57853
6.57853
4.44332
6.57853
4.44332
6.57853
4.44332
6.57853
4.44332
6.57853
4.44332
6.57853
4.44332
6.57853
6.57853
4.44332
6.57853
4.44332
6.57853
4.44332
6.57853
4.44332
6.57853
4.44332
6.57853
4.44332
6.57853
6.57853
4.44332
6.57853
4.44332
6.57853
4.44332
6.57853
4.44332
6.57853
4.44332
6.57853
4.44332
6.57853
4.44332
6.57853
6.57853
4.44332
6.57853
4.44332
6.57853
4.44332
6.57853
4.44332
6.57853
4.44332
6.57853
4.44332
6.57853
6.57853
4.44332
6.57853
4.44332
6.57853
4.44332
6.57853
4.44332
6.57853
4.44332
6.57853
4.44332
6.57853
6.57853
4.44332
6.57853
4.44332
6.57853
4.44332
6.57853
4.44332
6.57853
4.44332
6.57853
4.44332
6.57853
4.44332
6.57853
6.57853
4.44332
6.57853
4.44332
6.57853
4.44332
6.57853
4.44332
6.57853
4.44332
6.57853
4.44332
6.57853
4.44332
6.57853
4.44332
6.57853
4.44332
6.57853
4.44332
6.57853
4.44332
6.57853
4.44332
6.57853
6.57853
4.44332
6.57853
4.44332
6.57853
4.44332
6.57853
4.44332
6.57853
4.44332
6.57853
4.44332
6.57853
4.44332
6.57853
4.44332
6.57853
4.44332
6.57853
4.44332
6.57853
4.44332
6.57853
4.44332
6.57853
6.57853
4.44332
6.57853
4.44332
6.57853
4.44332
6.57853
4.44332
6.57853
4.44332
6.57853
4.44332
6.57853
4.44332
6.57853
4.44332
6.57853
4.44332
6.57853
4.44332
6.57853
6.57853
6.57853
4.44332
6.57853
4.44332
6.57853
4.44332
6.57853
4.44332
6.57853
4.44332
6.57853
4.44332
6.57853
6.57853
4.44332
6.57853
4.44332
6.57853
4.44332
6.57853
4.44332
6.57853
4.44332
6.57853
4.44332
6.57853
4.44332
6.57853
4.44332
6.57853
4.44332
6.57853
4.44332
6.57853
6.57853
4.44332
6.57853
4.44332
6.57853
4.44332
6.57853
4.44332
6.57853
4.44332
6.57853
4.44332
6.57853
4.44332
6.57853
4.44332
6.57853
4.44332
6.57853
4.44332
6.57853
4.44332
6.57853
6.57853
4.44332
6.57853
4.44332
6.57853
4.44332
6.57853
4.44332
6.57853
4.44332
6.57853
4.44332
6.57853
4.44332
6.57853
4.44332
6.57853
4.44332
6.57853
4.44332
6.57853
4.44332
6.57853
4.44332
6.57853
6.57853
4.44332
6.57853
4.44332
6.57853
4.44332
6.57853
4.44332
6.57853
4.44332
6.57853
4.44332
6.57853
4.44332
6.57853
4.44332
6.57853
6.57853
6.57853
6.57853
4.44332
6.57853
4.44332
6.57853
4.44332
6.57853
4.44332
6.57853
4.44332
6.57853
4.44332
6.57853
4.44332
6.57853
4.44332
6.57853
4.44332
6.57853
4.44332
6.57853
4.44332
6.57853
6.57853
4.44332
6.57853
4.44332
6.57853
4.44332
6.57853
4.44332
6.57853
4.44332
6.57853
4.44332
6.57853
4.44332
6.57853
4.44332
6.57853
4.44332
6.57853
4.44332
6.57853
4.44332
6.57853
6.57853
4.44332
6.57853
4.44332
6.57853
4.44332
6.57853
4.44332
6.57853
4.44332
6.57853
4.44332
6.57853
4.44332
6.57853
4.44332
4.44332
4.44332
4.44332
4.44332
4.44332
4.44332
4.44332
4.44332
4.44332
4.44332
4.44332
4.44332
4.44332
6.57853
4.44332
6.57853
4.44332
6.57853
4.44332
6.57853
4.44332
6.57853
4.44332
6.57853
4.44332
6.57853
4.44332
6.57853
4.44332
6.57853
6.57853
4.44332
6.57853
4.44332
6.57853
4.44332
6.57853
4.44332
6.57853
4.44332
6.57853
4.44332
6.57853
4.44332
6.57853
4.44332
6.57853
6.57853
4.44332
6.57853
4.44332
6.57853
4.44332
6.57853
4.44332
6.57853
4.44332
6.57853
4.44332
6.57853
4.44332
6.57853
4.44332
6.57853
4.44332
6.57853
4.44332
6.57853
6.57853
4.44332
6.57853
4.44332
6.57853
4.44332
6.57853
4.44332
6.57853
4.44332
6.57853
4.44332
6.57853
4.44332
6.57853
4.44332
6.57853
6.57853
4.44332
6.57853
4.44332
6.57853
4.44332
6.57853
4.44332
6.57853
4.44332
6.57853
6.57853
4.44332
6.57853
4.44332
6.57853
4.44332
6.57853
4.44332
6.57853
4.44332
6.57853
4.44332
6.57853
4.44332
6.57853
6.57853
4.44332
6.57853
4.44332
6.57853
4.44332
6.57853
4.44332
6.57853
4.44332
6.57853
4.44332
6.57853
6.57853
4.44332
6.57853
4.44332
6.57853
4.44332
6.57853
4.44332
6.57853
4.44332
6.57853
6.57853
4.44332
6.57853
4.44332
6.57853
4.44332
6.57853
4.44332
6.57853
6.57853
4.44332
6.57853
4.44332
6.57853
4.44332
6.57853
4.44332
6.57853
4.44332
6.57853
6.57853
4.44332
6.57853
4.44332
6.57853
4.44332
6.57853
6.57853
4.44332
6.57853
4.44332
6.57853
4.44332
6.57853
4.44332
6.57853
4.44332
6.57853
6.57853
4.44332
6.57853
4.44332
6.57853
4.44332
6.57853
4.44332
6.57853
6.57853
4.44332
6.57853
4.44332
6.57853
4.44332
6.57853
4.44332
4.44332
4.44332
4.44332
6.57853
4.44332
6.57853
4.44332
6.57853
4.44332
4.44332
6.57853
4.44332
4.44332
4.44332
6.57853
4.44332
4.44332
4.44332
6.57853
6.57853
6.57853
6.57853
6.57853
6.57853
6.57853
6.57853
6.57853
6.57853
6.57853
6.57853
6.57853
6.57853
6.57853
6.57853
6.57853
6.57853
6.57853
4.44332
6.57853
4.44332
6.57853
4.44332
6.57853
6.57853
6.57853
6.57853
4.44332
6.57853
6.57853
6.57853
4.44332
6.57853
4.44332
4.44332
6.57853
4.44332
6.57853
6.57853
6.57853
4.44332
6.57853
4.44332
4.44332
4.44332
6.57853
6.57853
6.57853
6.57853
6.57853
6.57853
4.44332
6.57853
4.44332
6.57853
4.44332
6.57853
6.57853
4.44332
6.57853
4.44332
6.57853
6.57853
6.57853
4.44332
6.57853
6.57853
6.57853
6.57853
4.44332
4.44332
4.44332
6.57853
4.44332
4.44332
6.57853
4.44332
6.57853
4.44332
4.44332
4.44332
6.57853
6.57853
6.57853
6.57853
4.44332
6.57853
6.57853
6.57853
4.44332
4.44332
6.57853
4.44332
6.57853
4.44332
4.44332
4.44332
6.57853
6.57853
6.57853
4.44332
6.57853
6.57853
6.57853
6.57853
4.44332
6.57853
6.57853
6.57853
4.44332
6.57853
6.57853
4.44332
6.57853
4.44332
4.44332
4.44332
6.57853
6.57853
6.57853
6.57853
4.44332
6.57853
6.57853
6.57853
4.44332
6.57853
4.44332
4.44332
6.57853
4.44332
6.57853
6.57853
6.57853
4.44332
6.57853
6.57853
6.57853
4.44332
6.57853
6.57853
4.44332
6.57853
4.44332
6.57853
6.57853
6.57853
4.44332
4.44332
4.44332
6.57853
6.57853
4.44332
4.44332
4.44332
6.57853
4.44332
4.44332
4.44332
6.57853
6.57853
6.57853
6.57853
4.44332
6.57853
6.57853
6.57853
4.44332
6.57853
6.57853
6.57853
6.57853
4.44332
4.44332
4.44332
6.57853
6.57853
4.44332
4.44332
4.44332
6.57853
6.57853
6.57853
4.44332
6.57853
4.44332
4.44332
6.57853
4.44332
4.44332
4.44332
4.44332
4.44332
6.57853
6.57853
4.44332
4.44332
4.44332
6.57853
4.44332
6.57853
6.57853
6.57853
6.57853
6.57853
6.57853
4.44332
6.57853
4.44332
4.44332
6.57853
4.44332
6.57853
6.57853
6.57853
4.44332
6.57853
4.44332
4.44332
6.57853
4.44332
6.57853
6.57853
6.57853
6.57853
6.57853
6.57853
4.44332
6.57853
4.44332
4.44332
4.44332
4.44332
4.44332
4.44332
4.44332
6.57853
6.57853
6.57853
6.57853
4.44332
6.57853
6.57853
6.57853
6.57853
4.44332
4.44332
4.44332
6.57853
4.44332
6.57853
6.57853
4.44332
6.57853
4.44332
4.44332
4.44332
4.44332
6.57853
4.44332
4.44332
4.44332
6.57853
6.57853
6.57853
4.44332
4.44332
4.44332
4.44332
4.44332
4.44332
4.44332
4.44332
4.44332
4.44332
4.44332
4.44332
4.44332
6.57853
4.44332
6.57853
4.44332
6.57853
6.57853
4.44332
6.57853
4.44332
4.44332
4.44332
6.57853
4.44332
4.44332
6.57853
4.44332
6.57853
4.44332
4.44332
4.44332
6.57853
4.44332
4.44332
6.57853
4.44332
6.57853
4.44332
4.44332
4.44332
6.57853
4.44332
4.44332
6.57853
4.44332
6.57853
4.44332
4.44332
4.44332
6.57853
4.44332
4.44332
6.57853
4.44332
6.57853
4.44332
4.44332
4.44332
6.57853
4.44332
6.57853
6.57853
4.44332
6.57853
4.44332
4.44332
4.44332
6.57853
4.44332
6.57853
6.57853
4.44332
6.57853
4.44332
4.44332
4.44332
6.57853
4.44332
6.57853
6.57853
6.57853
6.57853
4.44332
4.44332
6.57853
6.57853
4.44332
6.57853
6.57853
6.57853
6.57853
4.44332
4.44332
6.57853
6.57853
4.44332
6.57853
6.57853
6.57853
6.57853
4.44332
4.44332
4.44332
6.57853
4.44332
6.57853
6.57853
6.57853
4.44332
6.57853
4.44332
4.44332
6.57853
4.44332
6.57853
6.57853
6.57853
4.44332
6.57853
4.44332
4.44332
6.57853
4.44332
6.57853
6.57853
6.57853
4.44332
6.57853
4.44332
4.44332
4.44332
6.57853
6.57853
6.57853
4.44332
4.44332
6.57853
4.44332
4.44332
4.44332
6.57853
4.44332
4.44332
6.57853
6.57853
6.57853
4.44332
4.44332
4.44332
6.57853
4.44332
4.44332
4.44332
6.57853
4.44332
6.57853
6.57853
4.44332
6.57853
4.44332
6.57853
6.57853
6.57853
6.57853
4.44332
4.44332
4.44332
6.57853
4.44332
6.57853
6.57853
6.57853
6.57853
4.44332
4.44332
4.44332
6.57853
4.44332
6.57853
6.57853
6.57853
6.57853
4.44332
4.44332
6.57853
6.57853
4.44332
6.57853
6.57853
6.57853
6.57853
4.44332
4.44332
6.57853
6.57853
4.44332
6.57853
6.57853
6.57853
6.57853
4.44332
6.57853
4.44332
4.44332
4.44332
6.57853
6.57853
6.57853
6.57853
4.44332
6.57853
4.44332
4.44332
6.57853
4.44332
6.57853
6.57853
6.57853
4.44332
6.57853
4.44332
4.44332
4.44332
6.57853
6.57853
6.57853
4.44332
4.44332
6.57853
4.44332
4.44332
4.44332
6.57853
6.57853
6.57853
6.57853
4.44332
6.57853
4.44332
4.44332
4.44332
6.57853
6.57853
6.57853
6.57853
4.44332
6.57853
4.44332
4.44332
4.44332
6.57853
6.57853
4.44332
6.57853
6.57853
6.57853
4.44332
6.57853
6.57853
4.44332
6.57853
4.44332
6.57853
6.57853
6.57853
4.44332
6.57853
6.57853
4.44332
6.57853
4.44332
6.57853
6.57853
6.57853
4.44332
6.57853
6.57853
6.57853
6.57853
4.44332
6.57853
6.57853
6.57853
4.44332
6.57853
4.44332
4.44332
6.57853
4.44332
6.57853
6.57853
4.44332
4.44332
4.44332
4.44332
4.44332
4.44332
4.44332
4.44332
4.44332
4.44332
4.44332
6.57853
4.44332
6.57853
4.44332
6.57853
6.57853
4.44332
6.57853
4.44332
6.57853
4.44332
6.57853
4.44332
4.44332
6.57853
4.44332
6.57853
6.57853
4.44332
4.44332
6.57853
4.44332
4.44332
4.44332
6.57853
6.57853
6.57853
4.44332
4.44332
6.57853
4.44332
6.57853
6.57853
6.57853
4.44332
6.57853
4.44332
4.44332
4.44332
6.57853
6.57853
6.57853
6.57853
4.44332
6.57853
4.44332
4.44332
4.44332
6.57853
4.44332
4.44332
6.57853
4.44332
6.57853
4.44332
4.44332
4.44332
6.57853
4.44332
4.44332
6.57853
6.57853
6.57853
4.44332
4.44332
4.44332
6.57853
4.44332
4.44332
4.44332
6.57853
6.57853
4.44332
6.57853
6.57853
6.57853
4.44332
6.57853
4.44332
4.44332
4.44332
6.57853
6.57853
6.57853
6.57853
6.57853
6.57853
4.44332
6.57853
6.57853
6.57853
4.44332
6.57853
6.57853
4.44332
6.57853
4.44332
6.57853
6.57853
6.57853
4.44332
6.57853
6.57853
6.57853
6.57853
4.44332
6.57853
6.57853
6.57853
4.44332
6.57853
6.57853
6.57853
6.57853
4.44332
6.57853
6.57853
6.57853
4.44332
6.57853
4.44332
4.44332
6.57853
4.44332
4.44332
4.44332
4.44332
4.44332
4.44332
4.44332
4.44332
4.44332
4.44332
4.44332
4.44332
4.44332
4.44332
6.57853
4.44332
6.57853
4.44332
6.57853
6.57853
4.44332
6.57853
4.44332
6.57853
4.44332
6.57853
6.57853
4.44332
6.57853
4.44332
6.57853
4.44332
6.57853
4.44332
6.57853
4.44332
6.57853
4.44332
6.57853
6.57853
4.44332
6.57853
4.44332
6.57853
4.44332
6.57853
4.44332
6.57853
6.57853
4.44332
6.57853
4.44332
6.57853
4.44332
6.57853
4.44332
6.57853
6.57853
4.44332
6.57853
4.44332
6.57853
4.44332
6.57853
4.44332
6.57853
6.57853
4.44332
6.57853
4.44332
6.57853
4.44332
6.57853
4.44332
6.57853
6.57853
4.44332
6.57853
4.44332
6.57853
4.44332
6.57853
4.44332
6.57853
6.57853
4.44332
6.57853
4.44332
6.57853
4.44332
4.44332
4.44332
6.57853
4.44332
6.57853
6.57853
4.44332
6.57853
4.44332
6.57853
4.44332
6.57853
4.44332
6.57853
6.57853
4.44332
6.57853
4.44332
6.57853
4.44332
6.57853
4.44332
6.57853
4.44332
6.57853
6.57853
4.44332
6.57853
4.44332
6.57853
4.44332
6.57853
4.44332
6.57853
6.57853
4.44332
6.57853
4.44332
6.57853
4.44332
6.57853
4.44332
6.57853
4.44332
6.57853
4.44332
6.57853
6.57853
4.44332
6.57853
4.44332
6.57853
4.44332
6.57853
4.44332
6.57853
6.57853
4.44332
6.57853
4.44332
6.57853
4.44332
6.57853
4.44332
6.57853
6.57853
4.44332
4.44332
4.44332
6.57853
4.44332
6.57853
4.44332
6.57853
4.44332
6.57853
6.57853
4.44332
6.57853
4.44332
6.57853
4.44332
6.57853
4.44332
6.57853
4.44332
6.57853
6.57853
4.44332
6.57853
4.44332
6.57853
4.44332
6.57853
4.44332
6.57853
4.44332
6.57853
6.57853
4.44332
4.44332
4.44332
6.57853
4.44332
6.57853
4.44332
6.57853
6.57853
4.44332
6.57853
4.44332
6.57853
4.44332
6.57853
4.44332
6.57853
6.57853
4.44332
6.57853
4.44332
6.57853
4.44332
6.57853
4.44332
6.57853
6.57853
4.44332
6.57853
4.44332
6.57853
4.44332
6.57853
4.44332
6.57853
6.57853
4.44332
6.57853
4.44332
6.57853
4.44332
6.57853
4.44332
6.57853
4.44332
6.57853
6.57853
4.44332
6.57853
4.44332
6.57853
6.57853
6.57853
4.44332
6.57853
6.57853
4.44332
6.57853
4.44332
6.57853
4.44332
6.57853
4.44332
6.57853
4.44332
6.57853
6.57853
4.44332
6.57853
4.44332
6.57853
4.44332
6.57853
6.57853
4.44332
6.57853
4.44332
6.57853
4.44332
6.57853
4.44332
6.57853
6.57853
4.44332
6.57853
4.44332
6.57853
4.44332
6.57853
4.44332
4.44332
4.44332
4.44332
4.44332
4.44332
4.44332
4.44332
4.44332
4.44332
4.44332
4.44332
4.44332
6.57853
4.44332
6.57853
4.44332
6.57853
4.44332
6.57853
4.44332
6.57853
4.44332
6.57853
6.57853
4.44332
6.57853
4.44332
6.57853
4.44332
6.57853
4.44332
6.57853
4.44332
6.57853
6.57853
4.44332
6.57853
4.44332
6.57853
4.44332
6.57853
6.57853
4.44332
6.57853
4.44332
6.57853
4.44332
6.57853
4.44332
6.57853
6.57853
4.44332
6.57853
4.44332
6.57853
4.44332
4.44332
6.57853
4.44332
6.57853
4.44332
6.57853
4.44332
6.57853
4.44332
6.57853
4.44332
6.57853
6.57853
4.44332
6.57853
4.44332
6.57853
4.44332
6.57853
6.57853
4.44332
6.57853
4.44332
4.44332
4.44332
4.44332
4.44332
4.44332
4.44332
4.44332
6.57853
4.44332
6.57853
4.44332
6.57853
6.57853
4.44332
6.57853
4.44332
6.57853
6.57853
6.57853
6.57853
4.44332
4.44332
4.44332
6.57853
4.44332
6.57853
6.57853
6.57853
4.44332
6.57853
6.57853
4.44332
6.57853
4.44332
6.57853
6.57853
6.57853
6.57853
4.44332
4.44332
4.44332
6.57853
4.44332
6.57853
6.57853
6.57853
6.57853
4.44332
6.57853
4.44332
4.44332
4.44332
6.57853
4.44332
4.44332
6.57853
6.57853
6.57853
4.44332
4.44332
4.44332
6.57853
6.57853
6.57853
6.57853
6.57853
6.57853
4.44332
6.57853
4.44332
6.57853
6.57853
6.57853
6.57853
4.44332
6.57853
4.44332
4.44332
6.57853
4.44332
6.57853
4.44332
4.44332
4.44332
6.57853
6.57853
6.57853
6.57853
4.44332
6.57853
4.44332
6.57853
6.57853
4.44332
6.57853
4.44332
4.44332
4.44332
4.44332
4.44332
6.57853
6.57853
6.57853
6.57853
4.44332
6.57853
4.44332
4.44332
4.44332
6.57853
6.57853
6.57853
6.57853
4.44332
6.57853
4.44332
4.44332
6.57853
4.44332
6.57853
6.57853
6.57853
4.44332
6.57853
4.44332
6.57853
6.57853
6.57853
6.57853
6.57853
6.57853
4.44332
6.57853
4.44332
4.44332
4.44332
6.57853
4.44332
4.44332
6.57853
6.57853
6.57853
4.44332
4.44332
4.44332
6.57853
4.44332
4.44332
6.57853
4.44332
6.57853
4.44332
4.44332
4.44332
6.57853
4.44332
6.57853
6.57853
6.57853
4.44332
6.57853
6.57853
4.44332
6.57853
4.44332
6.57853
6.57853
6.57853
4.44332
6.57853
6.57853
6.57853
6.57853
4.44332
6.57853
6.57853
6.57853
4.44332
6.57853
6.57853
6.57853
6.57853
6.57853
4.44332
4.44332
6.57853
4.44332
6.57853
6.57853
6.57853
6.57853
6.57853
4.44332
4.44332
4.44332
6.57853
6.57853
6.57853
6.57853
4.44332
6.57853
4.44332
4.44332
4.44332
6.57853
6.57853
4.44332
4.44332
4.44332
6.57853
4.44332
6.57853
6.57853
4.44332
4.44332
4.44332
6.57853
4.44332
6.57853
6.57853
6.57853
4.44332
6.57853
6.57853
6.57853
6.57853
4.44332
6.57853
6.57853
6.57853
4.44332
6.57853
4.44332
4.44332
6.57853
4.44332
6.57853
6.57853
6.57853
4.44332
4.44332
4.44332
6.57853
6.57853
4.44332
6.57853
4.44332
4.44332
4.44332
6.57853
6.57853
6.57853
6.57853
4.44332
6.57853
4.44332
6.57853
4.44332
6.57853
4.44332
6.57853
6.57853
4.44332
4.44332
4.44332
6.57853
4.44332
6.57853
6.57853
4.44332
6.57853
4.44332
4.44332
4.44332
6.57853
4.44332
6.57853
6.57853
4.44332
6.57853
4.44332
4.44332
6.57853
6.57853
4.44332
6.57853
6.57853
6.57853
6.57853
4.44332
6.57853
4.44332
4.44332
4.44332
4.44332
4.44332
4.44332
4.44332
4.44332
4.44332
4.44332
4.44332
4.44332
4.44332
6.57853
4.44332
6.57853
4.44332
6.57853
6.57853
4.44332
6.57853
4.44332
6.57853
4.44332
6.57853
4.44332
6.57853
4.44332
6.57853
6.57853
4.44332
6.57853
4.44332
6.57853
4.44332
6.57853
4.44332
6.57853
4.44332
6.57853
4.44332
6.57853
6.57853
4.44332
6.57853
4.44332
6.57853
4.44332
6.57853
4.44332
6.57853
4.44332
6.57853
6.57853
4.44332
6.57853
4.44332
6.57853
4.44332
6.57853
4.44332
4.44332
4.44332
6.57853
6.57853
4.44332
6.57853
4.44332
6.57853
4.44332
6.57853
4.44332
6.57853
4.44332
4.44332
4.44332
6.57853
6.57853
4.44332
6.57853
4.44332
6.57853
4.44332
6.57853
4.44332
6.57853
4.44332
6.57853
4.44332
6.57853
6.57853
4.44332
6.57853
4.44332
6.57853
4.44332
6.57853
4.44332
6.57853
6.57853
4.44332
6.57853
4.44332
6.57853
4.44332
6.57853
4.44332
6.57853
6.57853
4.44332
6.57853
4.44332
6.57853
4.44332
6.57853
4.44332
6.57853
6.57853
4.44332
6.57853
4.44332
6.57853
4.44332
6.57853
4.44332
6.57853
4.44332
6.57853
4.44332
6.57853
4.44332
6.57853
6.57853
4.44332
6.57853
4.44332
6.57853
4.44332
6.57853
4.44332
6.57853
6.57853
4.44332
6.57853
4.44332
4.44332
4.44332
6.57853
4.44332
6.57853
6.57853
4.44332
6.57853
4.44332
6.57853
4.44332
6.57853
4.44332
6.57853
6.57853
4.44332
6.57853
4.44332
6.57853
4.44332
6.57853
4.44332
6.57853
6.57853
4.44332
6.57853
4.44332
6.57853
4.44332
6.57853
4.44332
6.57853
4.44332
6.57853
6.57853
4.44332
6.57853
4.44332
6.57853
4.44332
6.57853
4.44332
6.57853
4.44332
6.57853
6.57853
4.44332
6.57853
4.44332
6.57853
4.44332
6.57853
4.44332
6.57853
6.57853
6.57853
6.57853
4.44332
6.57853
4.44332
6.57853
4.44332
4.44332
4.44332
6.57853
6.57853
4.44332
6.57853
4.44332
6.57853
6.57853
6.57853
4.44332
6.57853
4.44332
6.57853
4.44332
6.57853
6.57853
6.57853
6.57853
4.44332
6.57853
4.44332
6.57853
4.44332
6.57853
6.57853
6.57853
4.44332
6.57853
4.44332
6.57853
6.57853
4.44332
4.44332
4.44332
6.57853
4.44332
6.57853
4.44332
6.57853
4.44332
6.57853
6.57853
6.57853
6.57853
4.44332
6.57853
4.44332
6.57853
4.44332
4.44332
4.44332
6.57853
4.44332
6.57853
4.44332
6.57853
4.44332
6.57853
6.57853
4.44332
6.57853
4.44332
6.57853
4.44332
6.57853
4.44332
6.57853
6.57853
6.57853
6.57853
4.44332
6.57853
4.44332
6.57853
4.44332
6.57853
6.57853
6.57853
6.57853
4.44332
6.57853
4.44332
6.57853
4.44332
4.44332
4.44332
6.57853
4.44332
6.57853
6.57853
4.44332
6.57853
4.44332
4.44332
4.44332
4.44332
4.44332
6.57853
6.57853
4.44332
6.57853
4.44332
4.44332
6.57853
6.57853
4.44332
6.57853
6.57853
4.44332
6.57853
6.57853
6.57853
6.57853
6.57853
4.44332
6.57853
4.44332
6.57853
6.57853
6.57853
6.57853
4.44332
6.57853
4.44332
6.57853
4.44332
4.44332
4.44332
4.44332
6.57853
4.44332
6.57853
4.44332
6.57853
4.44332
6.57853
4.44332
6.57853
6.57853
4.44332
6.57853
4.44332
6.57853
4.44332
4.44332
6.57853
6.57853
6.57853
4.44332
6.57853
4.44332
6.57853
4.44332
6.57853
6.57853
4.44332
6.57853
4.44332
6.57853
4.44332
6.57853
4.44332
6.57853
6.57853
4.44332
6.57853
4.44332
6.57853
4.44332
6.57853
6.57853
4.44332
6.57853
4.44332
6.57853
4.44332
6.57853
6.57853
6.57853
6.57853
4.44332
6.57853
4.44332
6.57853
4.44332
6.57853
4.44332
6.57853
6.57853
4.44332
6.57853
4.44332
6.57853
4.44332
6.57853
6.57853
4.44332
6.57853
4.44332
6.57853
4.44332
6.57853
6.57853
4.44332
6.57853
4.44332
6.57853
4.44332
6.57853
4.44332
6.57853
6.57853
4.44332
6.57853
4.44332
6.57853
4.44332
6.57853
6.57853
4.44332
6.57853
4.44332
6.57853
4.44332
6.57853
4.44332
6.57853
6.57853
6.57853
6.57853
4.44332
6.57853
6.57853
6.57853
6.57853
6.57853
6.57853
6.57853
6.57853
6.57853
6.57853
6.57853
6.57853
6.57853
4.44332
6.57853
4.44332
6.57853
4.44332
6.57853
4.44332
6.57853
6.57853
4.44332
6.57853
4.44332
6.57853
4.44332
6.57853
6.57853
4.44332
6.57853
4.44332
6.57853
4.44332
6.57853
4.44332
6.57853
6.57853
4.44332
6.57853
4.44332
6.57853
4.44332
6.57853
6.57853
6.57853
6.57853
4.44332
6.57853
4.44332
6.57853
4.44332
6.57853
6.57853
4.44332
6.57853
4.44332
6.57853
4.44332
6.57853
4.44332
6.57853
4.44332
6.57853
6.57853
4.44332
6.57853
6.57853
6.57853
4.44332
6.57853
6.57853
4.44332
6.57853
4.44332
6.57853
6.57853
6.57853
6.57853
4.44332
6.57853
4.44332
6.57853
4.44332
6.57853
6.57853
4.44332
6.57853
4.44332
6.57853
4.44332
6.57853
4.44332
6.57853
4.44332
6.57853
6.57853
4.44332
6.57853
4.44332
6.57853
6.57853
6.57853
4.44332
6.57853
6.57853
4.44332
6.57853
6.57853
6.57853
6.57853
6.57853
6.57853
6.57853
6.57853
6.57853
6.57853
6.57853
6.57853
4.44332
6.57853
6.57853
4.44332
6.57853
4.44332
4.44332
4.44332
6.57853
4.44332
6.57853
6.57853
4.44332
6.57853
4.44332
6.57853
4.44332
6.57853
6.57853
6.57853
6.57853
4.44332
6.57853
4.44332
6.57853
4.44332
6.57853
4.44332
6.57853
6.57853
4.44332
6.57853
4.44332
6.57853
4.44332
6.57853
6.57853
4.44332
6.57853
4.44332
6.57853
4.44332
6.57853
6.57853
6.57853
6.57853
4.44332
6.57853
4.44332
6.57853
4.44332
6.57853
4.44332
6.57853
6.57853
4.44332
6.57853
6.57853
6.57853
4.44332
6.57853
4.44332
6.57853
6.57853
4.44332
6.57853
4.44332
6.57853
6.57853
6.57853
4.44332
6.57853
4.44332
6.57853
6.57853
4.44332
6.57853
4.44332
6.57853
4.44332
6.57853
4.44332
6.57853
6.57853
4.44332
6.57853
4.44332
6.57853
4.44332
6.57853
4.44332
6.57853
4.44332
6.57853
6.57853
4.44332
6.57853
4.44332
6.57853
4.44332
6.57853
6.57853
4.44332
6.57853
4.44332
6.57853
4.44332
6.57853
4.44332
6.57853
6.57853
4.44332
6.57853
4.44332
6.57853
4.44332
6.57853
4.44332
4.44332
6.57853
4.44332
6.57853
4.44332
6.57853
4.44332
6.57853
4.44332
6.57853
6.57853
4.44332
6.57853
4.44332
6.57853
4.44332
6.57853
4.44332
6.57853
6.57853
4.44332
6.57853
4.44332
6.57853
4.44332
6.57853
4.44332
6.57853
4.44332
4.44332
4.44332
6.57853
6.57853
4.44332
6.57853
4.44332
6.57853
4.44332
6.57853
4.44332
6.57853
6.57853
4.44332
4.44332
4.44332
6.57853
4.44332
6.57853
4.44332
6.57853
6.57853
4.44332
6.57853
4.44332
6.57853
4.44332
6.57853
6.57853
4.44332
6.57853
4.44332
6.57853
4.44332
6.57853
4.44332
6.57853
6.57853
4.44332
6.57853
4.44332
6.57853
4.44332
6.57853
4.44332
6.57853
6.57853
4.44332
6.57853
4.44332
6.57853
4.44332
6.57853
6.57853
4.44332
6.57853
4.44332
6.57853
4.44332
6.57853
4.44332
6.57853
6.57853
4.44332
6.57853
4.44332
6.57853
4.44332
6.57853
6.57853
6.57853
6.57853
4.44332
6.57853
4.44332
6.57853
6.57853
4.44332
6.57853
4.44332
6.57853
4.44332
6.57853
4.44332
6.57853
4.44332
6.57853
6.57853
4.44332
6.57853
4.44332
6.57853
4.44332
6.57853
6.57853
4.44332
6.57853
6.57853
6.57853
4.44332
6.57853
4.44332
6.57853
6.57853
4.44332
6.57853
4.44332
6.57853
4.44332
6.57853
4.44332
6.57853
6.57853
6.57853
6.57853
4.44332
6.57853
4.44332
6.57853
4.44332
6.57853
6.57853
4.44332
6.57853
4.44332
6.57853
4.44332
6.57853
6.57853
4.44332
4.44332
4.44332
6.57853
4.44332
6.57853
4.44332
6.57853
6.57853
4.44332
6.57853
4.44332
6.57853
4.44332
6.57853
4.44332
6.57853
6.57853
4.44332
6.57853
4.44332
6.57853
4.44332
6.57853
4.44332
6.57853
6.57853
4.44332
6.57853
4.44332
6.57853
4.44332
6.57853
4.44332
6.57853
6.57853
4.44332
6.57853
4.44332
6.57853
4.44332
6.57853
6.57853
4.44332
6.57853
4.44332
6.57853
4.44332
6.57853
4.44332
6.57853
6.57853
4.44332
6.57853
4.44332
6.57853
6.57853
4.44332
6.57853
4.44332
6.57853
4.44332
6.57853
4.44332
6.57853
4.44332
6.57853
6.57853
4.44332
6.57853
4.44332
6.57853
4.44332
6.57853
6.57853
4.44332
6.57853
4.44332
6.57853
4.44332
6.57853
6.57853
4.44332
6.57853
4.44332
6.57853
4.44332
6.57853
4.44332
6.57853
6.57853
4.44332
6.57853
4.44332
6.57853
6.57853
6.57853
4.44332
6.57853
6.57853
4.44332
4.44332
4.44332
6.57853
4.44332
6.57853
6.57853
4.44332
6.57853
4.44332
6.57853
4.44332
6.57853
4.44332
6.57853
6.57853
4.44332
6.57853
4.44332
6.57853
4.44332
6.57853
6.57853
4.44332
6.57853
4.44332
6.57853
4.44332
6.57853
4.44332
6.57853
6.57853
4.44332
6.57853
6.57853
6.57853
6.57853
4.44332
6.57853
4.44332
6.57853
4.44332
6.57853
4.44332
6.57853
6.57853
4.44332
6.57853
4.44332
6.57853
4.44332
6.57853
6.57853
4.44332
6.57853
4.44332
6.57853
4.44332
6.57853
4.44332
6.57853
6.57853
4.44332
6.57853
4.44332
6.57853
4.44332
4.44332
4.44332
6.57853
6.57853
4.44332
6.57853
4.44332
6.57853
4.44332
4.44332
4.44332
6.57853
6.57853
4.44332
6.57853
4.44332
6.57853
4.44332
6.57853
4.44332
6.57853
6.57853
4.44332
6.57853
4.44332
6.57853
4.44332
6.57853
6.57853
4.44332
6.57853
4.44332
6.57853
4.44332
6.57853
4.44332
6.57853
6.57853
6.57853
6.57853
6.57853
6.57853
6.57853
6.57853
6.57853
6.57853
6.57853
6.57853
6.57853
6.57853
6.57853
4.44332
6.57853
4.44332
6.57853
4.44332
6.57853
6.57853
4.44332
6.57853
4.44332
6.57853
4.44332
6.57853
4.44332
6.57853
4.44332
6.57853
6.57853
4.44332
6.57853
4.44332
6.57853
4.44332
6.57853
4.44332
6.57853
4.44332
6.57853
4.44332
6.57853
6.57853
4.44332
6.57853
4.44332
6.57853
4.44332
6.57853
4.44332
6.57853
4.44332
6.57853
6.57853
4.44332
6.57853
6.57853
6.57853
4.44332
6.57853
4.44332
6.57853
4.44332
6.57853
6.57853
4.44332
6.57853
4.44332
6.57853
4.44332
6.57853
6.57853
4.44332
6.57853
4.44332
6.57853
4.44332
6.57853
4.44332
6.57853
6.57853
4.44332
6.57853
4.44332
6.57853
4.44332
6.57853
6.57853
4.44332
6.57853
4.44332
6.57853
4.44332
6.57853
4.44332
6.57853
4.44332
6.57853
6.57853
4.44332
6.57853
4.44332
6.57853
4.44332
6.57853
4.44332
4.44332
6.57853
4.44332
6.57853
4.44332
6.57853
4.44332
6.57853
4.44332
6.57853
4.44332
6.57853
6.57853
4.44332
6.57853
4.44332
6.57853
4.44332
6.57853
6.57853
4.44332
6.57853
4.44332
6.57853
4.44332
6.57853
4.44332
6.57853
6.57853
4.44332
6.57853
4.44332
6.57853
4.44332
6.57853
4.44332
6.57853
6.57853
4.44332
6.57853
4.44332
6.57853
4.44332
6.57853
4.44332
6.57853
6.57853
4.44332
6.57853
4.44332
4.44332
4.44332
6.57853
4.44332
6.57853
6.57853
4.44332
6.57853
4.44332
6.57853
4.44332
6.57853
4.44332
6.57853
6.57853
4.44332
6.57853
4.44332
6.57853
4.44332
6.57853
4.44332
6.57853
6.57853
4.44332
6.57853
4.44332
6.57853
4.44332
6.57853
4.44332
6.57853
4.44332
6.57853
6.57853
4.44332
6.57853
4.44332
6.57853
4.44332
6.57853
6.57853
4.44332
6.57853
4.44332
6.57853
4.44332
6.57853
4.44332
6.57853
4.44332
6.57853
6.57853
4.44332
6.57853
4.44332
6.57853
4.44332
6.57853
4.44332
6.57853
6.57853
4.44332
6.57853
4.44332
6.57853
4.44332
6.57853
6.57853
4.44332
6.57853
4.44332
6.57853
4.44332
6.57853
4.44332
6.57853
4.44332
6.57853
6.57853
4.44332
6.57853
4.44332
6.57853
4.44332
6.57853
4.44332
6.57853
4.44332
6.57853
6.57853
4.44332
6.57853
4.44332
6.57853
4.44332
6.57853
4.44332
6.57853
4.44332
6.57853
6.57853
4.44332
6.57853
4.44332
6.57853
4.44332
6.57853
4.44332
6.57853
6.57853
4.44332
6.57853
4.44332
6.57853
4.44332
6.57853
4.44332
6.57853
6.57853
4.44332
6.57853
4.44332
6.57853
4.44332
6.57853
4.44332
6.57853
6.57853
4.44332
6.57853
4.44332
6.57853
4.44332
6.57853
4.44332
6.57853
6.57853
4.44332
6.57853
4.44332
6.57853
4.44332
6.57853
4.44332
6.57853
4.44332
6.57853
6.57853
4.44332
6.57853
4.44332
6.57853
4.44332
6.57853
4.44332
6.57853
6.57853
4.44332
6.57853
4.44332
6.57853
4.44332
6.57853
4.44332
6.57853
6.57853
4.44332
6.57853
4.44332
6.57853
4.44332
6.57853
4.44332
6.57853
6.57853
4.44332
6.57853
4.44332
6.57853
4.44332
6.57853
4.44332
6.57853
6.57853
4.44332
6.57853
4.44332
6.57853
4.44332
6.57853
4.44332
6.57853
4.44332
6.57853
6.57853
4.44332
6.57853
4.44332
6.57853
6.57853
6.57853
4.44332
6.57853
6.57853
4.44332
6.57853
4.44332
6.57853
4.44332
6.57853
4.44332
6.57853
6.57853
4.44332
6.57853
4.44332
6.57853
4.44332
6.57853
4.44332
6.57853
4.44332
6.57853
6.57853
4.44332
6.57853
4.44332
6.57853
4.44332
6.57853
4.44332
6.57853
6.57853
4.44332
6.57853
4.44332
6.57853
4.44332
6.57853
4.44332
6.57853
4.44332
6.57853
6.57853
4.44332
6.57853
4.44332
6.57853
4.44332
4.44332
4.44332
6.57853
4.44332
6.57853
6.57853
4.44332
6.57853
4.44332
6.57853
4.44332
6.57853
4.44332
6.57853
6.57853
4.44332
6.57853
4.44332
6.57853
4.44332
6.57853
4.44332
6.57853
6.57853
4.44332
6.57853
4.44332
6.57853
4.44332
6.57853
4.44332
6.57853
6.57853
4.44332
6.57853
4.44332
6.57853
4.44332
6.57853
4.44332
6.57853
6.57853
4.44332
6.57853
4.44332
6.57853
4.44332
6.57853
4.44332
6.57853
6.57853
4.44332
6.57853
4.44332
6.57853
4.44332
6.57853
4.44332
6.57853
6.57853
4.44332
6.57853
4.44332
6.57853
4.44332
6.57853
6.57853
4.44332
6.57853
4.44332
6.57853
4.44332
6.57853
4.44332
6.57853
4.44332
6.57853
6.57853
4.44332
6.57853
4.44332
6.57853
4.44332
6.57853
4.44332
6.57853
6.57853
4.44332
6.57853
4.44332
6.57853
4.44332
6.57853
4.44332
6.57853
4.44332
6.57853
6.57853
4.44332
6.57853
4.44332
6.57853
4.44332
6.57853
4.44332
6.57853
6.57853
4.44332
6.57853
4.44332
6.57853
4.44332
6.57853
6.57853
4.44332
6.57853
4.44332
6.57853
4.44332
6.57853
4.44332
6.57853
4.44332
6.57853
6.57853
6.57853
6.57853
4.44332
6.57853
4.44332
6.57853
4.44332
6.57853
6.57853
4.44332
6.57853
4.44332
6.57853
4.44332
6.57853
4.44332
6.57853
4.44332
6.57853
6.57853
4.44332
6.57853
4.44332
6.57853
4.44332
6.57853
4.44332
6.57853
6.57853
4.44332
6.57853
4.44332
6.57853
4.44332
6.57853
4.44332
6.57853
6.57853
4.44332
6.57853
4.44332
6.57853
4.44332
6.57853
6.57853
4.44332
6.57853
4.44332
6.57853
4.44332
4.44332
4.44332
6.57853
6.57853
4.44332
6.57853
4.44332
6.57853
4.44332
6.57853
4.44332
6.57853
4.44332
6.57853
6.57853
4.44332
6.57853
4.44332
6.57853
4.44332
6.57853
4.44332
6.57853
6.57853
4.44332
6.57853
4.44332
6.57853
4.44332
6.57853
6.57853
4.44332
6.57853
4.44332
6.57853
4.44332
6.57853
4.44332
6.57853
4.44332
6.57853
4.44332
6.57853
6.57853
4.44332
6.57853
4.44332
6.57853
4.44332
6.57853
6.57853
6.57853
6.57853
4.44332
6.57853
4.44332
6.57853
4.44332
6.57853
4.44332
6.57853
4.44332
6.57853
6.57853
4.44332
6.57853
4.44332
6.57853
4.44332
6.57853
4.44332
6.57853
6.57853
4.44332
6.57853
4.44332
6.57853
4.44332
6.57853
4.44332
6.57853
4.44332
6.57853
4.44332
6.57853
6.57853
4.44332
6.57853
4.44332
6.57853
4.44332
6.57853
6.57853
6.57853
6.57853
4.44332
6.57853
4.44332
6.57853
4.44332
6.57853
4.44332
6.57853
4.44332
6.57853
6.57853
4.44332
6.57853
4.44332
6.57853
4.44332
6.57853
4.44332
6.57853
4.44332
6.57853
6.57853
4.44332
6.57853
4.44332
6.57853
4.44332
6.57853
4.44332
6.57853
6.57853
6.57853
4.44332
6.57853
6.57853
4.44332
6.57853
4.44332
6.57853
4.44332
6.57853
4.44332
6.57853
4.44332
6.57853
6.57853
4.44332
6.57853
4.44332
6.57853
4.44332
6.57853
4.44332
6.57853
6.57853
4.44332
6.57853
4.44332
6.57853
4.44332
6.57853
4.44332
6.57853
4.44332
6.57853
4.44332
6.57853
6.57853
4.44332
6.57853
4.44332
6.57853
4.44332
6.57853
4.44332
6.57853
6.57853
4.44332
6.57853
4.44332
6.57853
4.44332
6.57853
4.44332
6.57853
4.44332
6.57853
6.57853
4.44332
6.57853
4.44332
6.57853
4.44332
6.57853
4.44332
6.57853
4.44332
6.57853
4.44332
6.57853
6.57853
4.44332
6.57853
4.44332
6.57853
6.57853
6.57853
4.44332
6.57853
4.44332
6.57853
6.57853
4.44332
6.57853
4.44332
6.57853
4.44332
6.57853
4.44332
6.57853
6.57853
4.44332
6.57853
4.44332
6.57853
4.44332
6.57853
4.44332
6.57853
4.44332
6.57853
6.57853
4.44332
6.57853
4.44332
6.57853
4.44332
6.57853
4.44332
6.57853
4.44332
6.57853
6.57853
4.44332
6.57853
4.44332
6.57853
4.44332
6.57853
4.44332
6.57853
4.44332
6.57853
4.44332
6.57853
4.44332
6.57853
4.44332
6.57853
4.44332
6.57853
6.57853
4.44332
6.57853
4.44332
6.57853
4.44332
6.57853
4.44332
6.57853
4.44332
6.57853
4.44332
6.57853
4.44332
6.57853
6.57853
4.44332
6.57853
4.44332
4.44332
4.44332
6.57853
4.44332
6.57853
4.44332
6.57853
4.44332
6.57853
4.44332
6.57853
6.57853
4.44332
6.57853
4.44332
6.57853
4.44332
6.57853
4.44332
6.57853
4.44332
6.57853
4.44332
6.57853
6.57853
4.44332
6.57853
4.44332
6.57853
4.44332
6.57853
4.44332
6.57853
4.44332
6.57853
4.44332
6.57853
6.57853
4.44332
6.57853
4.44332
6.57853
4.44332
6.57853
4.44332
6.57853
4.44332
6.57853
4.44332
6.57853
6.57853
4.44332
6.57853
4.44332
6.57853
4.44332
4.44332
4.44332
4.44332
4.44332
4.44332
4.44332
4.44332
4.44332
4.44332
4.44332
4.44332
6.57853
4.44332
6.57853
4.44332
4.44332
4.44332
4.44332
4.44332
4.44332
6.57853
4.44332
6.57853
4.44332
4.44332
4.44332
6.57853
4.44332
4.44332
4.44332
4.44332
4.44332
6.57853
6.57853
6.57853
6.57853
4.44332
4.44332
4.44332
6.57853
4.44332
6.57853
6.57853
6.57853
4.44332
6.57853
6.57853
6.57853
4.44332
6.57853
4.44332
6.57853
6.57853
4.44332
6.57853
4.44332
6.57853
6.57853
6.57853
4.44332
6.57853
6.57853
6.57853
6.57853
6.57853
4.44332
4.44332
4.44332
6.57853
4.44332
4.44332
4.44332
4.44332
6.57853
4.44332
4.44332
4.44332
6.57853
4.44332
4.44332
4.44332
6.57853
4.44332
6.57853
6.57853
6.57853
4.44332
6.57853
6.57853
4.44332
6.57853
4.44332
6.57853
6.57853
6.57853
4.44332
6.57853
4.44332
4.44332
4.44332
6.57853
4.44332
4.44332
4.44332
6.57853
4.44332
6.57853
6.57853
6.57853
4.44332
6.57853
6.57853
6.57853
6.57853
4.44332
6.57853
6.57853
6.57853
4.44332
6.57853
6.57853
6.57853
6.57853
6.57853
4.44332
4.44332
4.44332
6.57853
4.44332
4.44332
6.57853
4.44332
6.57853
4.44332
4.44332
4.44332
6.57853
4.44332
4.44332
4.44332
6.57853
4.44332
6.57853
6.57853
6.57853
6.57853
4.44332
6.57853
6.57853
6.57853
4.44332
6.57853
6.57853
6.57853
4.44332
6.57853
4.44332
4.44332
4.44332
6.57853
4.44332
4.44332
4.44332
4.44332
6.57853
4.44332
4.44332
4.44332
6.57853
4.44332
4.44332
4.44332
4.44332
4.44332
6.57853
6.57853
6.57853
4.44332
6.57853
6.57853
4.44332
6.57853
4.44332
6.57853
4.44332
4.44332
4.44332
4.44332
6.57853
4.44332
4.44332
6.57853
4.44332
6.57853
6.57853
6.57853
6.57853
6.57853
6.57853
4.44332
6.57853
4.44332
4.44332
4.44332
6.57853
6.57853
6.57853
4.44332
6.57853
4.44332
4.44332
4.44332
6.57853
6.57853
4.44332
6.57853
4.44332
6.57853
6.57853
6.57853
6.57853
6.57853
6.57853
6.57853
4.44332
6.57853
4.44332
6.57853
6.57853
6.57853
6.57853
6.57853
4.44332
6.57853
4.44332
6.57853
6.57853
6.57853
6.57853
4.44332
4.44332
4.44332
6.57853
4.44332
6.57853
6.57853
6.57853
6.57853
6.57853
6.57853
4.44332
6.57853
4.44332
6.57853
4.44332
6.57853
6.57853
6.57853
6.57853
4.44332
6.57853
4.44332
4.44332
4.44332
6.57853
4.44332
6.57853
4.44332
6.57853
6.57853
6.57853
6.57853
6.57853
6.57853
6.57853
6.57853
4.44332
6.57853
4.44332
4.44332
4.44332
6.57853
6.57853
4.44332
6.57853
4.44332
6.57853
4.44332
4.44332
4.44332
6.57853
4.44332
4.44332
6.57853
4.44332
6.57853
4.44332
6.57853
4.44332
4.44332
4.44332
6.57853
4.44332
6.57853
6.57853
4.44332
6.57853
4.44332
4.44332
4.44332
4.44332
4.44332
6.57853
4.44332
6.57853
4.44332
6.57853
6.57853
6.57853
6.57853
6.57853
6.57853
4.44332
6.57853
4.44332
4.44332
4.44332
6.57853
4.44332
6.57853
4.44332
6.57853
4.44332
4.44332
4.44332
4.44332
6.57853
4.44332
6.57853
4.44332
6.57853
6.57853
6.57853
4.44332
6.57853
4.44332
6.57853
4.44332
6.57853
4.44332
4.44332
6.57853
4.44332
6.57853
4.44332
6.57853
4.44332
6.57853
6.57853
6.57853
6.57853
6.57853
6.57853
4.44332
6.57853
6.57853
6.57853
4.44332
6.57853
6.57853
6.57853
4.44332
6.57853
4.44332
4.44332
6.57853
4.44332
6.57853
6.57853
6.57853
6.57853
6.57853
4.44332
4.44332
4.44332
6.57853
4.44332
4.44332
6.57853
4.44332
6.57853
4.44332
4.44332
4.44332
6.57853
4.44332
4.44332
4.44332
6.57853
6.57853
4.44332
4.44332
4.44332
6.57853
4.44332
6.57853
6.57853
6.57853
4.44332
6.57853
6.57853
6.57853
6.57853
4.44332
6.57853
6.57853
6.57853
4.44332
6.57853
6.57853
6.57853
4.44332
6.57853
4.44332
4.44332
4.44332
6.57853
6.57853
6.57853
6.57853
6.57853
6.57853
4.44332
4.44332
4.44332
6.57853
4.44332
4.44332
4.44332
6.57853
6.57853
4.44332
6.57853
6.57853
6.57853
4.44332
6.57853
4.44332
4.44332
6.57853
4.44332
6.57853
6.57853
6.57853
4.44332
6.57853
4.44332
4.44332
4.44332
6.57853
6.57853
6.57853
6.57853
6.57853
6.57853
4.44332
4.44332
4.44332
6.57853
4.44332
4.44332
6.57853
6.57853
6.57853
6.57853
6.57853
6.57853
6.57853
6.57853
6.57853
6.57853
6.57853
6.57853
6.57853
6.57853
6.57853
6.57853
4.44332
6.57853
4.44332
6.57853
6.57853
4.44332
6.57853
4.44332
6.57853
4.44332
6.57853
4.44332
6.57853
6.57853
4.44332
6.57853
4.44332
6.57853
4.44332
6.57853
6.57853
6.57853
6.57853
6.57853
6.57853
6.57853
6.57853
6.57853
6.57853
6.57853
6.57853
6.57853
6.57853
6.57853
4.44332
6.57853
4.44332
6.57853
4.44332
6.57853
6.57853
4.44332
6.57853
4.44332
6.57853
4.44332
6.57853
6.57853
6.57853
4.44332
6.57853
4.44332
6.57853
6.57853
6.57853
4.44332
4.44332
6.57853
4.44332
4.44332
4.44332
6.57853
6.57853
4.44332
6.57853
4.44332
6.57853
4.44332
6.57853
4.44332
6.57853
6.57853
6.57853
6.57853
4.44332
4.44332
4.44332
6.57853
6.57853
6.57853
6.57853
4.44332
6.57853
6.57853
6.57853
4.44332
6.57853
4.44332
6.57853
6.57853
6.57853
6.57853
6.57853
4.44332
6.57853
6.57853
4.44332
6.57853
4.44332
6.57853
4.44332
6.57853
6.57853
6.57853
4.44332
6.57853
4.44332
4.44332
4.44332
6.57853
6.57853
4.44332
6.57853
6.57853
6.57853
4.44332
4.44332
4.44332
6.57853
4.44332
4.44332
4.44332
6.57853
4.44332
6.57853
6.57853
6.57853
6.57853
6.57853
6.57853
4.44332
4.44332
4.44332
4.44332
4.44332
6.57853
4.44332
4.44332
4.44332
6.57853
4.44332
6.57853
6.57853
6.57853
6.57853
4.44332
6.57853
4.44332
4.44332
4.44332
4.44332
4.44332
6.57853
4.44332
6.57853
6.57853
4.44332
6.57853
4.44332
6.57853
4.44332
6.57853
4.44332
6.57853
4.44332
4.44332
4.44332
6.57853
4.44332
6.57853
6.57853
6.57853
6.57853
4.44332
6.57853
6.57853
6.57853
6.57853
6.57853
4.44332
6.57853
4.44332
4.44332
4.44332
6.57853
4.44332
6.57853
6.57853
6.57853
6.57853
4.44332
6.57853
4.44332
6.57853
6.57853
6.57853
4.44332
6.57853
4.44332
4.44332
4.44332
6.57853
4.44332
6.57853
4.44332
6.57853
6.57853
6.57853
6.57853
4.44332
6.57853
4.44332
4.44332
4.44332
6.57853
4.44332
4.44332
4.44332
6.57853
4.44332
4.44332
4.44332
6.57853
4.44332
4.44332
4.44332
6.57853
4.44332
4.44332
4.44332
6.57853
6.57853
6.57853
6.57853
4.44332
6.57853
6.57853
6.57853
4.44332
6.57853
6.57853
4.44332
6.57853
4.44332
6.57853
6.57853
6.57853
4.44332
6.57853
6.57853
6.57853
4.44332
6.57853
6.57853
4.44332
6.57853
4.44332
4.44332
4.44332
6.57853
4.44332
6.57853
6.57853
6.57853
4.44332
6.57853
6.57853
4.44332
6.57853
4.44332
6.57853
6.57853
6.57853
4.44332
4.44332
4.44332
6.57853
4.44332
6.57853
6.57853
6.57853
6.57853
4.44332
4.44332
4.44332
6.57853
4.44332
6.57853
6.57853
6.57853
4.44332
6.57853
4.44332
4.44332
4.44332
6.57853
6.57853
4.44332
6.57853
4.44332
6.57853
4.44332
6.57853
4.44332
4.44332
4.44332
6.57853
6.57853
6.57853
4.44332
6.57853
4.44332
4.44332
6.57853
4.44332
6.57853
6.57853
6.57853
4.44332
6.57853
4.44332
4.44332
4.44332
6.57853
4.44332
4.44332
6.57853
6.57853
6.57853
4.44332
6.57853
6.57853
6.57853
4.44332
6.57853
4.44332
4.44332
4.44332
6.57853
6.57853
6.57853
6.57853
4.44332
6.57853
4.44332
4.44332
4.44332
6.57853
4.44332
4.44332
4.44332
6.57853
4.44332
6.57853
6.57853
6.57853
4.44332
6.57853
6.57853
4.44332
6.57853
4.44332
6.57853
6.57853
6.57853
4.44332
6.57853
4.44332
4.44332
4.44332
6.57853
4.44332
4.44332
4.44332
6.57853
4.44332
6.57853
6.57853
6.57853
4.44332
6.57853
6.57853
4.44332
6.57853
4.44332
4.44332
4.44332
6.57853
4.44332
4.44332
4.44332
6.57853
4.44332
6.57853
6.57853
6.57853
4.44332
6.57853
6.57853
6.57853
6.57853
4.44332
6.57853
6.57853
6.57853
4.44332
6.57853
6.57853
6.57853
4.44332
6.57853
4.44332
4.44332
4.44332
6.57853
4.44332
4.44332
4.44332
6.57853
4.44332
6.57853
6.57853
6.57853
4.44332
6.57853
6.57853
4.44332
4.44332
6.57853
4.44332
4.44332
4.44332
6.57853
4.44332
6.57853
6.57853
4.44332
6.57853
4.44332
4.44332
4.44332
6.57853
4.44332
6.57853
6.57853
6.57853
4.44332
6.57853
6.57853
6.57853
4.44332
6.57853
6.57853
6.57853
4.44332
6.57853
6.57853
6.57853
4.44332
6.57853
4.44332
4.44332
4.44332
6.57853
4.44332
4.44332
4.44332
6.57853
6.57853
4.44332
6.57853
6.57853
6.57853
4.44332
4.44332
4.44332
6.57853
4.44332
6.57853
6.57853
6.57853
4.44332
6.57853
6.57853
6.57853
4.44332
6.57853
4.44332
4.44332
4.44332
6.57853
6.57853
6.57853
6.57853
6.57853
4.44332
6.57853
6.57853
6.57853
4.44332
4.44332
6.57853
4.44332
6.57853
4.44332
4.44332
4.44332
6.57853
4.44332
6.57853
6.57853
6.57853
4.44332
6.57853
6.57853
6.57853
4.44332
6.57853
6.57853
6.57853
4.44332
6.57853
6.57853
4.44332
6.57853
4.44332
6.57853
6.57853
6.57853
4.44332
6.57853
6.57853
6.57853
4.44332
6.57853
4.44332
4.44332
4.44332
6.57853
4.44332
4.44332
4.44332
6.57853
4.44332
6.57853
6.57853
6.57853
6.57853
4.44332
4.44332
4.44332
6.57853
4.44332
6.57853
6.57853
6.57853
4.44332
4.44332
4.44332
6.57853
4.44332
6.57853
6.57853
6.57853
4.44332
6.57853
6.57853
4.44332
6.57853
4.44332
6.57853
6.57853
6.57853
4.44332
4.44332
4.44332
6.57853
4.44332
6.57853
6.57853
6.57853
4.44332
6.57853
6.57853
6.57853
4.44332
6.57853
6.57853
6.57853
6.57853
6.57853
6.57853
6.57853
6.57853
6.57853
6.57853
6.57853
6.57853
6.57853
6.57853
4.44332
6.57853
6.57853
6.57853
4.44332
4.44332
4.44332
6.57853
6.57853
6.57853
4.44332
6.57853
6.57853
4.44332
6.57853
4.44332
6.57853
6.57853
6.57853
4.44332
6.57853
4.44332
4.44332
4.44332
6.57853
4.44332
4.44332
4.44332
6.57853
6.57853
4.44332
4.44332
4.44332
4.44332
6.57853
4.44332
4.44332
6.57853
4.44332
6.57853
4.44332
6.57853
6.57853
6.57853
4.44332
6.57853
4.44332
4.44332
4.44332
6.57853
4.44332
4.44332
4.44332
6.57853
6.57853
6.57853
6.57853
4.44332
6.57853
4.44332
4.44332
4.44332
6.57853
4.44332
6.57853
6.57853
6.57853
4.44332
6.57853
6.57853
6.57853
4.44332
6.57853
4.44332
4.44332
4.44332
6.57853
6.57853
6.57853
6.57853
4.44332
6.57853
4.44332
4.44332
4.44332
6.57853
4.44332
4.44332
4.44332
6.57853
4.44332
6.57853
6.57853
6.57853
4.44332
4.44332
4.44332
6.57853
4.44332
6.57853
4.44332
6.57853
4.44332
6.57853
6.57853
6.57853
6.57853
6.57853
6.57853
6.57853
6.57853
6.57853
6.57853
6.57853
6.57853
4.44332
6.57853
4.44332
6.57853
4.44332
4.44332
4.44332
6.57853
4.44332
6.57853
4.44332
6.57853
4.44332
6.57853
4.44332
6.57853
6.57853
4.44332
6.57853
4.44332
6.57853
4.44332
6.57853
4.44332
6.57853
4.44332
6.57853
4.44332
6.57853
4.44332
6.57853
6.57853
4.44332
6.57853
4.44332
6.57853
4.44332
6.57853
4.44332
6.57853
4.44332
6.57853
4.44332
6.57853
4.44332
6.57853
4.44332
4.44332
4.44332
6.57853
6.57853
4.44332
6.57853
4.44332
6.57853
6.57853
6.57853
4.44332
6.57853
4.44332
6.57853
4.44332
6.57853
4.44332
6.57853
4.44332
6.57853
4.44332
6.57853
4.44332
6.57853
4.44332
6.57853
6.57853
4.44332
6.57853
4.44332
6.57853
4.44332
6.57853
4.44332
6.57853
4.44332
6.57853
4.44332
6.57853
4.44332
6.57853
4.44332
6.57853
4.44332
6.57853
4.44332
6.57853
6.57853
4.44332
6.57853
4.44332
6.57853
4.44332
6.57853
6.57853
6.57853
6.57853
6.57853
6.57853
6.57853
6.57853
6.57853
6.57853
6.57853
6.57853
6.57853
6.57853
6.57853
6.57853
6.57853
6.57853
6.57853
6.57853
4.44332
6.57853
4.44332
6.57853
4.44332
6.57853
4.44332
6.57853
4.44332
6.57853
6.57853
4.44332
6.57853
4.44332
6.57853
4.44332
6.57853
4.44332
6.57853
4.44332
6.57853
4.44332
6.57853
4.44332
6.57853
4.44332
6.57853
4.44332
6.57853
4.44332
6.57853
6.57853
4.44332
6.57853
4.44332
6.57853
4.44332
6.57853
4.44332
6.57853
4.44332
6.57853
4.44332
6.57853
4.44332
6.57853
6.57853
4.44332
6.57853
4.44332
6.57853
4.44332
6.57853
4.44332
6.57853
4.44332
6.57853
4.44332
6.57853
4.44332
4.44332
4.44332
6.57853
4.44332
6.57853
4.44332
6.57853
6.57853
6.57853
6.57853
6.57853
6.57853
4.44332
6.57853
4.44332
6.57853
4.44332
6.57853
4.44332
6.57853
6.57853
6.57853
4.44332
6.57853
4.44332
6.57853
6.57853
4.44332
6.57853
4.44332
6.57853
4.44332
6.57853
4.44332
6.57853
4.44332
6.57853
6.57853
6.57853
4.44332
6.57853
6.57853
4.44332
6.57853
4.44332
6.57853
6.57853
6.57853
4.44332
6.57853
6.57853
6.57853
4.44332
6.57853
4.44332
6.57853
4.44332
6.57853
6.57853
4.44332
4.44332
6.57853
6.57853
6.57853
6.57853
4.44332
6.57853
4.44332
4.44332
4.44332
6.57853
4.44332
4.44332
4.44332
6.57853
4.44332
6.57853
6.57853
4.44332
6.57853
4.44332
6.57853
4.44332
6.57853
4.44332
4.44332
4.44332
6.57853
4.44332
6.57853
4.44332
6.57853
4.44332
6.57853
4.44332
6.57853
6.57853
6.57853
6.57853
4.44332
6.57853
4.44332
6.57853
4.44332
6.57853
4.44332
4.44332
4.44332
6.57853
6.57853
4.44332
4.44332
4.44332
6.57853
4.44332
6.57853
4.44332
6.57853
6.57853
6.57853
4.44332
6.57853
4.44332
6.57853
4.44332
4.44332
6.57853
4.44332
6.57853
4.44332
6.57853
4.44332
6.57853
4.44332
6.57853
4.44332
6.57853
4.44332
4.44332
4.44332
6.57853
4.44332
6.57853
4.44332
6.57853
4.44332
6.57853
4.44332
6.57853
4.44332
6.57853
6.57853
4.44332
6.57853
4.44332
6.57853
4.44332
6.57853
4.44332
6.57853
4.44332
6.57853
4.44332
6.57853
4.44332
6.57853
6.57853
4.44332
6.57853
4.44332
6.57853
4.44332
6.57853
4.44332
6.57853
6.57853
6.57853
4.44332
6.57853
4.44332
6.57853
4.44332
4.44332
6.57853
4.44332
6.57853
4.44332
6.57853
4.44332
6.57853
6.57853
6.57853
4.44332
6.57853
4.44332
6.57853
4.44332
6.57853
6.57853
6.57853
4.44332
4.44332
6.57853
4.44332
6.57853
4.44332
6.57853
4.44332
4.44332
6.57853
6.57853
4.44332
6.57853
6.57853
6.57853
4.44332
6.57853
4.44332
6.57853
6.57853
4.44332
4.44332
4.44332
6.57853
4.44332
6.57853
4.44332
6.57853
4.44332
6.57853
4.44332
6.57853
4.44332
6.57853
6.57853
6.57853
6.57853
4.44332
6.57853
4.44332
6.57853
4.44332
6.57853
4.44332
6.57853
4.44332
6.57853
4.44332
6.57853
6.57853
6.57853
6.57853
4.44332
6.57853
4.44332
6.57853
4.44332
6.57853
4.44332
6.57853
4.44332
6.57853
6.57853
4.44332
6.57853
4.44332
6.57853
4.44332
6.57853
4.44332
6.57853
4.44332
4.44332
6.57853
4.44332
6.57853
4.44332
6.57853
4.44332
6.57853
6.57853
6.57853
4.44332
6.57853
4.44332
6.57853
4.44332
6.57853
6.57853
4.44332
6.57853
4.44332
6.57853
4.44332
6.57853
4.44332
6.57853
4.44332
6.57853
4.44332
6.57853
6.57853
4.44332
6.57853
4.44332
4.44332
4.44332
6.57853
4.44332
6.57853
4.44332
6.57853
4.44332
4.44332
4.44332
6.57853
4.44332
6.57853
6.57853
6.57853
6.57853
4.44332
6.57853
4.44332
6.57853
4.44332
6.57853
4.44332
6.57853
4.44332
6.57853
4.44332
6.57853
6.57853
4.44332
6.57853
4.44332
6.57853
4.44332
4.44332
6.57853
6.57853
6.57853
6.57853
6.57853
6.57853
6.57853
6.57853
6.57853
6.57853
6.57853
6.57853
6.57853
4.44332
6.57853
4.44332
6.57853
4.44332
6.57853
4.44332
6.57853
4.44332
6.57853
4.44332
6.57853
6.57853
4.44332
6.57853
4.44332
6.57853
4.44332
6.57853
4.44332
6.57853
4.44332
6.57853
4.44332
6.57853
4.44332
6.57853
4.44332
6.57853
4.44332
6.57853
4.44332
6.57853
4.44332
6.57853
6.57853
4.44332
6.57853
4.44332
6.57853
4.44332
6.57853
4.44332
6.57853
4.44332
6.57853
4.44332
6.57853
4.44332
6.57853
4.44332
4.44332
4.44332
6.57853
4.44332
6.57853
4.44332
6.57853
4.44332
6.57853
6.57853
6.57853
6.57853
6.57853
6.57853
6.57853
6.57853
6.57853
6.57853
6.57853
6.57853
4.44332
6.57853
4.44332
6.57853
4.44332
4.44332
4.44332
4.44332
4.44332
6.57853
4.44332
6.57853
6.57853
6.57853
4.44332
6.57853
6.57853
6.57853
6.57853
4.44332
6.57853
6.57853
6.57853
4.44332
6.57853
4.44332
4.44332
4.44332
6.57853
4.44332
4.44332
4.44332
6.57853
4.44332
6.57853
6.57853
6.57853
6.57853
4.44332
4.44332
4.44332
4.44332
4.44332
6.57853
6.57853
6.57853
4.44332
6.57853
6.57853
6.57853
6.57853
6.57853
4.44332
4.44332
4.44332
6.57853
4.44332
4.44332
4.44332
6.57853
4.44332
6.57853
6.57853
6.57853
4.44332
6.57853
6.57853
6.57853
6.57853
4.44332
6.57853
6.57853
6.57853
4.44332
6.57853
4.44332
4.44332
4.44332
6.57853
4.44332
4.44332
4.44332
6.57853
4.44332
6.57853
6.57853
6.57853
4.44332
6.57853
6.57853
6.57853
6.57853
4.44332
6.57853
4.44332
4.44332
4.44332
6.57853
4.44332
4.44332
4.44332
6.57853
4.44332
6.57853
6.57853
6.57853
4.44332
6.57853
4.44332
4.44332
4.44332
6.57853
4.44332
4.44332
6.57853
4.44332
6.57853
4.44332
4.44332
4.44332
6.57853
4.44332
4.44332
4.44332
6.57853
4.44332
6.57853
6.57853
6.57853
4.44332
6.57853
6.57853
6.57853
6.57853
4.44332
6.57853
6.57853
6.57853
4.44332
6.57853
6.57853
6.57853
4.44332
6.57853
4.44332
4.44332
4.44332
6.57853
4.44332
4.44332
4.44332
6.57853
4.44332
6.57853
6.57853
6.57853
6.57853
4.44332
6.57853
6.57853
6.57853
4.44332
6.57853
6.57853
6.57853
4.44332
6.57853
4.44332
4.44332
4.44332
6.57853
4.44332
4.44332
6.57853
4.44332
6.57853
4.44332
4.44332
4.44332
6.57853
4.44332
4.44332
4.44332
4.44332
4.44332
6.57853
6.57853
6.57853
4.44332
6.57853
6.57853
4.44332
6.57853
4.44332
6.57853
6.57853
6.57853
4.44332
6.57853
6.57853
6.57853
4.44332
6.57853
4.44332
4.44332
6.57853
4.44332
6.57853
4.44332
4.44332
4.44332
6.57853
4.44332
4.44332
4.44332
6.57853
6.57853
6.57853
4.44332
4.44332
6.57853
4.44332
6.57853
6.57853
6.57853
6.57853
6.57853
4.44332
4.44332
4.44332
6.57853
4.44332
4.44332
4.44332
6.57853
4.44332
6.57853
6.57853
6.57853
6.57853
4.44332
6.57853
6.57853
6.57853
4.44332
6.57853
6.57853
6.57853
6.57853
6.57853
6.57853
6.57853
6.57853
6.57853
6.57853
6.57853
6.57853
6.57853
6.57853
6.57853
6.57853
4.44332
6.57853
4.44332
4.44332
4.44332
4.44332
4.44332
6.57853
6.57853
6.57853
6.57853
4.44332
6.57853
4.44332
6.57853
4.44332
4.44332
6.57853
6.57853
4.44332
6.57853
6.57853
4.44332
6.57853
4.44332
6.57853
6.57853
6.57853
4.44332
6.57853
6.57853
6.57853
6.57853
4.44332
6.57853
6.57853
6.57853
4.44332
6.57853
6.57853
6.57853
4.44332
6.57853
4.44332
4.44332
4.44332
6.57853
4.44332
6.57853
4.44332
6.57853
6.57853
4.44332
6.57853
4.44332
6.57853
4.44332
6.57853
4.44332
6.57853
4.44332
6.57853
4.44332
6.57853
4.44332
4.44332
4.44332
6.57853
4.44332
6.57853
6.57853
6.57853
4.44332
6.57853
6.57853
4.44332
6.57853
4.44332
6.57853
6.57853
6.57853
4.44332
6.57853
4.44332
6.57853
6.57853
6.57853
4.44332
4.44332
4.44332
6.57853
4.44332
6.57853
6.57853
4.44332
6.57853
4.44332
4.44332
4.44332
6.57853
4.44332
6.57853
6.57853
6.57853
6.57853
4.44332
6.57853
4.44332
6.57853
4.44332
6.57853
4.44332
6.57853
4.44332
4.44332
4.44332
6.57853
6.57853
4.44332
4.44332
4.44332
6.57853
4.44332
6.57853
4.44332
6.57853
4.44332
6.57853
6.57853
4.44332
6.57853
4.44332
4.44332
4.44332
6.57853
4.44332
6.57853
6.57853
6.57853
4.44332
6.57853
6.57853
4.44332
6.57853
4.44332
6.57853
6.57853
6.57853
4.44332
6.57853
4.44332
4.44332
4.44332
6.57853
4.44332
4.44332
4.44332
6.57853
4.44332
6.57853
6.57853
4.44332
6.57853
4.44332
4.44332
4.44332
6.57853
4.44332
6.57853
6.57853
6.57853
6.57853
4.44332
4.44332
4.44332
6.57853
4.44332
6.57853
6.57853
6.57853
4.44332
6.57853
4.44332
6.57853
6.57853
4.44332
4.44332
4.44332
6.57853
4.44332
4.44332
4.44332
6.57853
4.44332
6.57853
6.57853
6.57853
6.57853
4.44332
6.57853
4.44332
6.57853
4.44332
6.57853
4.44332
6.57853
4.44332
4.44332
4.44332
6.57853
4.44332
6.57853
6.57853
4.44332
6.57853
4.44332
4.44332
6.57853
6.57853
4.44332
6.57853
6.57853
6.57853
4.44332
6.57853
6.57853
4.44332
6.57853
4.44332
6.57853
4.44332
6.57853
4.44332
4.44332
6.57853
4.44332
6.57853
4.44332
4.44332
4.44332
6.57853
4.44332
6.57853
6.57853
6.57853
4.44332
6.57853
6.57853
4.44332
6.57853
4.44332
6.57853
4.44332
6.57853
4.44332
4.44332
4.44332
6.57853
4.44332
6.57853
6.57853
4.44332
6.57853
4.44332
6.57853
4.44332
6.57853
4.44332
6.57853
4.44332
6.57853
6.57853
6.57853
6.57853
4.44332
6.57853
4.44332
4.44332
4.44332
6.57853
6.57853
4.44332
6.57853
4.44332
6.57853
4.44332
6.57853
4.44332
6.57853
6.57853
6.57853
4.44332
6.57853
6.57853
6.57853
6.57853
4.44332
6.57853
6.57853
6.57853
4.44332
6.57853
4.44332
6.57853
4.44332
6.57853
6.57853
6.57853
6.57853
4.44332
6.57853
4.44332
4.44332
4.44332
6.57853
4.44332
4.44332
6.57853
6.57853
6.57853
4.44332
4.44332
4.44332
6.57853
4.44332
4.44332
4.44332
6.57853
6.57853
6.57853
6.57853
4.44332
6.57853
6.57853
4.44332
4.44332
6.57853
4.44332
4.44332
4.44332
6.57853
6.57853
4.44332
6.57853
4.44332
6.57853
4.44332
4.44332
4.44332
6.57853
4.44332
6.57853
6.57853
4.44332
6.57853
4.44332
4.44332
4.44332
6.57853
4.44332
6.57853
6.57853
6.57853
4.44332
6.57853
6.57853
4.44332
6.57853
4.44332
6.57853
6.57853
6.57853
4.44332
6.57853
6.57853
4.44332
6.57853
4.44332
6.57853
4.44332
4.44332
4.44332
6.57853
4.44332
6.57853
6.57853
4.44332
6.57853
4.44332
6.57853
4.44332
6.57853
4.44332
6.57853
6.57853
6.57853
4.44332
6.57853
4.44332
6.57853
6.57853
4.44332
6.57853
4.44332
6.57853
4.44332
4.44332
4.44332
6.57853
4.44332
6.57853
6.57853
6.57853
4.44332
6.57853
6.57853
4.44332
6.57853
4.44332
4.44332
4.44332
6.57853
4.44332
6.57853
4.44332
6.57853
4.44332
4.44332
4.44332
6.57853
6.57853
4.44332
6.57853
4.44332
6.57853
6.57853
6.57853
4.44332
6.57853
4.44332
6.57853
4.44332
6.57853
4.44332
6.57853
6.57853
4.44332
4.44332
6.57853
6.57853
6.57853
6.57853
4.44332
6.57853
4.44332
6.57853
4.44332
6.57853
4.44332
6.57853
6.57853
4.44332
6.57853
4.44332
6.57853
4.44332
6.57853
4.44332
6.57853
6.57853
4.44332
6.57853
4.44332
6.57853
4.44332
6.57853
4.44332
6.57853
4.44332
6.57853
4.44332
6.57853
4.44332
6.57853
4.44332
6.57853
6.57853
4.44332
6.57853
4.44332
6.57853
4.44332
6.57853
4.44332
6.57853
4.44332
6.57853
6.57853
4.44332
6.57853
4.44332
6.57853
4.44332
6.57853
4.44332
6.57853
4.44332
6.57853
4.44332
6.57853
6.57853
4.44332
6.57853
4.44332
6.57853
4.44332
6.57853
4.44332
6.57853
4.44332
6.57853
4.44332
6.57853
6.57853
4.44332
6.57853
4.44332
6.57853
4.44332
6.57853
4.44332
6.57853
4.44332
6.57853
6.57853
6.57853
6.57853
4.44332
6.57853
4.44332
4.44332
4.44332
4.44332
4.44332
4.44332
4.44332
4.44332
4.44332
4.44332
4.44332
4.44332
6.57853
4.44332
6.57853
4.44332
6.57853
6.57853
4.44332
4.44332
4.44332
6.57853
6.57853
6.57853
4.44332
6.57853
4.44332
4.44332
4.44332
6.57853
6.57853
6.57853
6.57853
4.44332
6.57853
4.44332
4.44332
4.44332
6.57853
6.57853
6.57853
6.57853
4.44332
6.57853
4.44332
6.57853
6.57853
6.57853
4.44332
6.57853
6.57853
6.57853
6.57853
4.44332
6.57853
6.57853
6.57853
4.44332
6.57853
4.44332
6.57853
6.57853
4.44332
6.57853
4.44332
4.44332
4.44332
6.57853
4.44332
6.57853
6.57853
6.57853
6.57853
4.44332
4.44332
6.57853
6.57853
4.44332
6.57853
6.57853
6.57853
4.44332
6.57853
6.57853
4.44332
4.44332
4.44332
6.57853
4.44332
4.44332
4.44332
6.57853
4.44332
6.57853
6.57853
6.57853
6.57853
4.44332
4.44332
4.44332
6.57853
4.44332
6.57853
4.44332
4.44332
4.44332
6.57853
4.44332
6.57853
6.57853
6.57853
4.44332
4.44332
6.57853
4.44332
6.57853
4.44332
4.44332
4.44332
6.57853
4.44332
6.57853
4.44332
4.44332
4.44332
6.57853
4.44332
6.57853
6.57853
4.44332
6.57853
4.44332
4.44332
4.44332
6.57853
4.44332
6.57853
6.57853
6.57853
4.44332
6.57853
6.57853
4.44332
4.44332
4.44332
6.57853
4.44332
4.44332
4.44332
6.57853
4.44332
6.57853
6.57853
6.57853
4.44332
6.57853
6.57853
4.44332
6.57853
4.44332
6.57853
6.57853
6.57853
4.44332
6.57853
6.57853
6.57853
4.44332
6.57853
6.57853
6.57853
6.57853
4.44332
6.57853
6.57853
4.44332
4.44332
6.57853
6.57853
6.57853
6.57853
4.44332
6.57853
4.44332
6.57853
6.57853
6.57853
4.44332
6.57853
6.57853
6.57853
6.57853
4.44332
6.57853
6.57853
6.57853
4.44332
6.57853
6.57853
6.57853
4.44332
6.57853
4.44332
4.44332
6.57853
4.44332
6.57853
6.57853
6.57853
4.44332
6.57853
4.44332
6.57853
4.44332
6.57853
4.44332
4.44332
6.57853
6.57853
6.57853
4.44332
4.44332
4.44332
6.57853
4.44332
6.57853
6.57853
6.57853
4.44332
6.57853
6.57853
6.57853
6.57853
6.57853
6.57853
6.57853
6.57853
6.57853
6.57853
6.57853
6.57853
6.57853
6.57853
6.57853
4.44332
6.57853
4.44332
4.44332
4.44332
6.57853
4.44332
6.57853
6.57853
6.57853
6.57853
4.44332
6.57853
4.44332
4.44332
4.44332
6.57853
4.44332
4.44332
6.57853
4.44332
6.57853
4.44332
4.44332
4.44332
6.57853
4.44332
6.57853
6.57853
6.57853
4.44332
6.57853
6.57853
4.44332
6.57853
4.44332
6.57853
6.57853
6.57853
4.44332
6.57853
6.57853
6.57853
4.44332
6.57853
4.44332
4.44332
4.44332
6.57853
4.44332
4.44332
6.57853
6.57853
6.57853
4.44332
4.44332
4.44332
6.57853
4.44332
4.44332
4.44332
6.57853
4.44332
6.57853
6.57853
4.44332
6.57853
4.44332
4.44332
4.44332
6.57853
4.44332
6.57853
6.57853
6.57853
4.44332
6.57853
4.44332
4.44332
4.44332
6.57853
6.57853
6.57853
6.57853
4.44332
6.57853
4.44332
4.44332
4.44332
6.57853
4.44332
4.44332
4.44332
6.57853
4.44332
6.57853
6.57853
4.44332
6.57853
4.44332
4.44332
4.44332
4.44332
4.44332
6.57853
4.44332
4.44332
4.44332
6.57853
4.44332
6.57853
4.44332
4.44332
6.57853
4.44332
6.57853
6.57853
6.57853
4.44332
6.57853
4.44332
4.44332
4.44332
6.57853
4.44332
6.57853
4.44332
6.57853
4.44332
6.57853
4.44332
4.44332
6.57853
4.44332
6.57853
4.44332
4.44332
4.44332
6.57853
4.44332
4.44332
4.44332
6.57853
4.44332
6.57853
6.57853
6.57853
6.57853
4.44332
4.44332
4.44332
6.57853
4.44332
6.57853
6.57853
6.57853
4.44332
6.57853
6.57853
6.57853
6.57853
4.44332
6.57853
6.57853
6.57853
4.44332
6.57853
6.57853
6.57853
6.57853
6.57853
4.44332
4.44332
6.57853
4.44332
6.57853
6.57853
6.57853
4.44332
6.57853
4.44332
4.44332
4.44332
6.57853
4.44332
6.57853
6.57853
6.57853
6.57853
4.44332
4.44332
4.44332
6.57853
4.44332
6.57853
6.57853
6.57853
4.44332
6.57853
6.57853
6.57853
6.57853
4.44332
6.57853
6.57853
6.57853
4.44332
6.57853
6.57853
6.57853
6.57853
6.57853
4.44332
4.44332
6.57853
4.44332
6.57853
6.57853
6.57853
6.57853
6.57853
4.44332
4.44332
4.44332
6.57853
4.44332
4.44332
4.44332
6.57853
4.44332
6.57853
6.57853
4.44332
6.57853
4.44332
6.57853
6.57853
6.57853
4.44332
6.57853
6.57853
6.57853
4.44332
6.57853
6.57853
6.57853
6.57853
4.44332
6.57853
6.57853
6.57853
4.44332
6.57853
4.44332
4.44332
4.44332
6.57853
4.44332
4.44332
6.57853
6.57853
6.57853
4.44332
4.44332
4.44332
6.57853
4.44332
4.44332
4.44332
4.44332
4.44332
6.57853
6.57853
6.57853
6.57853
4.44332
4.44332
4.44332
6.57853
4.44332
6.57853
6.57853
6.57853
4.44332
6.57853
6.57853
6.57853
6.57853
6.57853
6.57853
6.57853
6.57853
6.57853
6.57853
6.57853
6.57853
6.57853
6.57853
6.57853
6.57853
6.57853
6.57853
6.57853
6.57853
6.57853
6.57853
6.57853
6.57853
6.57853
6.57853
4.44332
6.57853
4.44332
6.57853
4.44332
6.57853
4.44332
6.57853
6.57853
4.44332
6.57853
4.44332
6.57853
4.44332
6.57853
4.44332
6.57853
4.44332
6.57853
4.44332
6.57853
4.44332
6.57853
4.44332
6.57853
6.57853
4.44332
6.57853
4.44332
6.57853
4.44332
6.57853
4.44332
6.57853
4.44332
6.57853
6.57853
6.57853
6.57853
4.44332
6.57853
4.44332
6.57853
4.44332
4.44332
4.44332
6.57853
6.57853
4.44332
6.57853
4.44332
6.57853
4.44332
6.57853
4.44332
6.57853
6.57853
4.44332
6.57853
4.44332
6.57853
4.44332
6.57853
4.44332
6.57853
6.57853
4.44332
6.57853
4.44332
6.57853
4.44332
6.57853
4.44332
6.57853
6.57853
4.44332
6.57853
4.44332
6.57853
4.44332
6.57853
4.44332
6.57853
4.44332
6.57853
6.57853
6.57853
6.57853
4.44332
6.57853
4.44332
6.57853
4.44332
6.57853
4.44332
6.57853
6.57853
4.44332
6.57853
4.44332
6.57853
4.44332
6.57853
4.44332
6.57853
4.44332
6.57853
6.57853
4.44332
6.57853
4.44332
4.44332
4.44332
6.57853
4.44332
6.57853
4.44332
6.57853
6.57853
4.44332
6.57853
4.44332
6.57853
4.44332
6.57853
4.44332
6.57853
6.57853
4.44332
6.57853
4.44332
6.57853
4.44332
6.57853
4.44332
6.57853
4.44332
6.57853
6.57853
4.44332
6.57853
4.44332
6.57853
4.44332
4.44332
4.44332
6.57853
4.44332
6.57853
4.44332
6.57853
6.57853
4.44332
4.44332
4.44332
6.57853
4.44332
6.57853
4.44332
6.57853
4.44332
4.44332
4.44332
6.57853
6.57853
4.44332
6.57853
4.44332
6.57853
4.44332
6.57853
4.44332
6.57853
4.44332
6.57853
6.57853
4.44332
6.57853
4.44332
6.57853
4.44332
6.57853
4.44332
4.44332
4.44332
4.44332
4.44332
4.44332
4.44332
4.44332
4.44332
4.44332
4.44332
4.44332
4.44332
4.44332
4.44332
4.44332
4.44332
4.44332
4.44332
4.44332
4.44332
4.44332
4.44332
6.57853
6.57853
4.44332
6.57853
4.44332
6.57853
4.44332
6.57853
4.44332
4.44332
6.57853
6.57853
6.57853
4.44332
4.44332
4.44332
6.57853
4.44332
6.57853
6.57853
6.57853
4.44332
6.57853
6.57853
4.44332
6.57853
4.44332
6.57853
4.44332
6.57853
4.44332
6.57853
6.57853
6.57853
6.57853
4.44332
6.57853
6.57853
6.57853
6.57853
4.44332
4.44332
4.44332
6.57853
4.44332
6.57853
4.44332
6.57853
6.57853
4.44332
4.44332
4.44332
6.57853
4.44332
6.57853
6.57853
6.57853
4.44332
6.57853
6.57853
6.57853
6.57853
4.44332
6.57853
6.57853
6.57853
6.57853
4.44332
6.57853
6.57853
6.57853
4.44332
6.57853
6.57853
6.57853
6.57853
4.44332
6.57853
6.57853
6.57853
4.44332
6.57853
6.57853
6.57853
4.44332
6.57853
6.57853
6.57853
6.57853
4.44332
6.57853
6.57853
6.57853
4.44332
6.57853
6.57853
6.57853
6.57853
4.44332
6.57853
6.57853
6.57853
4.44332
6.57853
4.44332
4.44332
4.44332
6.57853
6.57853
6.57853
4.44332
4.44332
6.57853
4.44332
4.44332
4.44332
6.57853
4.44332
6.57853
6.57853
4.44332
6.57853
4.44332
4.44332
4.44332
6.57853
6.57853
6.57853
6.57853
4.44332
6.57853
4.44332
6.57853
4.44332
6.57853
4.44332
6.57853
4.44332
6.57853
6.57853
4.44332
6.57853
4.44332
6.57853
4.44332
6.57853
4.44332
6.57853
4.44332
6.57853
4.44332
6.57853
6.57853
4.44332
6.57853
4.44332
6.57853
4.44332
6.57853
4.44332
6.57853
4.44332
6.57853
6.57853
6.57853
6.57853
4.44332
6.57853
4.44332
4.44332
4.44332
6.57853
4.44332
6.57853
6.57853
4.44332
6.57853
4.44332
4.44332
4.44332
6.57853
6.57853
6.57853
6.57853
4.44332
6.57853
4.44332
4.44332
4.44332
6.57853
4.44332
4.44332
4.44332
6.57853
6.57853
4.44332
4.44332
4.44332
6.57853
4.44332
4.44332
6.57853
6.57853
4.44332
6.57853
6.57853
6.57853
4.44332
6.57853
6.57853
6.57853
6.57853
4.44332
6.57853
6.57853
6.57853
4.44332
6.57853
6.57853
6.57853
4.44332
4.44332
4.44332
4.44332
4.44332
6.57853
6.57853
4.44332
6.57853
4.44332
6.57853
4.44332
6.57853
4.44332
6.57853
4.44332
6.57853
6.57853
6.57853
4.44332
4.44332
6.57853
6.57853
6.57853
6.57853
4.44332
6.57853
6.57853
4.44332
4.44332
4.44332
6.57853
4.44332
6.57853
6.57853
6.57853
6.57853
4.44332
4.44332
4.44332
6.57853
4.44332
6.57853
6.57853
6.57853
4.44332
6.57853
4.44332
6.57853
6.57853
4.44332
4.44332
4.44332
6.57853
4.44332
4.44332
4.44332
6.57853
4.44332
6.57853
6.57853
6.57853
6.57853
4.44332
4.44332
4.44332
6.57853
4.44332
6.57853
6.57853
6.57853
4.44332
6.57853
6.57853
6.57853
6.57853
6.57853
4.44332
4.44332
4.44332
6.57853
4.44332
4.44332
6.57853
4.44332
6.57853
4.44332
4.44332
4.44332
6.57853
4.44332
4.44332
6.57853
6.57853
4.44332
6.57853
6.57853
6.57853
4.44332
6.57853
4.44332
4.44332
4.44332
6.57853
4.44332
4.44332
4.44332
4.44332
6.57853
4.44332
6.57853
6.57853
6.57853
4.44332
6.57853
4.44332
6.57853
6.57853
4.44332
4.44332
6.57853
4.44332
4.44332
4.44332
6.57853
6.57853
4.44332
4.44332
4.44332
6.57853
4.44332
4.44332
4.44332
6.57853
4.44332
6.57853
6.57853
6.57853
6.57853
6.57853
6.57853
6.57853
4.44332
6.57853
6.57853
6.57853
6.57853
4.44332
6.57853
6.57853
6.57853
4.44332
6.57853
4.44332
4.44332
4.44332
6.57853
4.44332
6.57853
6.57853
4.44332
6.57853
4.44332
4.44332
4.44332
6.57853
4.44332
6.57853
6.57853
6.57853
4.44332
6.57853
6.57853
6.57853
4.44332
4.44332
4.44332
4.44332
4.44332
4.44332
4.44332
4.44332
4.44332
4.44332
4.44332
4.44332
4.44332
4.44332
4.44332
4.44332
4.44332
4.44332
6.57853
6.57853
4.44332
6.57853
4.44332
4.44332
6.57853
6.57853
4.44332
6.57853
4.44332
4.44332
4.44332
6.57853
6.57853
4.44332
4.44332
4.44332
6.57853
4.44332
4.44332
4.44332
6.57853
6.57853
4.44332
6.57853
6.57853
4.44332
6.57853
6.57853
6.57853
6.57853
6.57853
6.57853
6.57853
6.57853
4.44332
6.57853
4.44332
6.57853
6.57853
6.57853
4.44332
6.57853
4.44332
6.57853
6.57853
4.44332
6.57853
4.44332
6.57853
4.44332
6.57853
4.44332
6.57853
4.44332
6.57853
4.44332
6.57853
6.57853
4.44332
6.57853
4.44332
6.57853
4.44332
6.57853
4.44332
6.57853
4.44332
6.57853
4.44332
6.57853
4.44332
6.57853
4.44332
6.57853
6.57853
4.44332
6.57853
4.44332
6.57853
4.44332
6.57853
4.44332
4.44332
4.44332
6.57853
4.44332
6.57853
4.44332
6.57853
4.44332
6.57853
4.44332
6.57853
6.57853
4.44332
6.57853
4.44332
6.57853
4.44332
6.57853
4.44332
6.57853
6.57853
4.44332
6.57853
4.44332
6.57853
4.44332
6.57853
4.44332
6.57853
6.57853
4.44332
6.57853
4.44332
6.57853
4.44332
6.57853
4.44332
6.57853
4.44332
6.57853
6.57853
4.44332
6.57853
4.44332
6.57853
4.44332
6.57853
4.44332
6.57853
4.44332
6.57853
4.44332
6.57853
6.57853
4.44332
6.57853
4.44332
6.57853
4.44332
4.44332
4.44332
6.57853
4.44332
6.57853
6.57853
4.44332
6.57853
4.44332
6.57853
4.44332
6.57853
6.57853
6.57853
4.44332
6.57853
6.57853
4.44332
6.57853
6.57853
6.57853
6.57853
6.57853
4.44332
6.57853
6.57853
6.57853
6.57853
6.57853
6.57853
6.57853
6.57853
6.57853
6.57853
6.57853
6.57853
6.57853
6.57853
6.57853
6.57853
6.57853
6.57853
6.57853
4.44332
6.57853
4.44332
6.57853
6.57853
4.44332
6.57853
6.57853
4.44332
6.57853
6.57853
6.57853
6.57853
6.57853
6.57853
6.57853
6.57853
4.44332
6.57853
6.57853
6.57853
4.44332
4.44332
6.57853
6.57853
6.57853
4.44332
4.44332
6.57853
6.57853
4.44332
6.57853
4.44332
4.44332
6.57853
4.44332
4.44332
6.57853
6.57853
4.44332
6.57853
6.57853
4.44332
4.44332
6.57853
6.57853
6.57853
6.57853
4.44332
6.57853
6.57853
4.44332
4.44332
6.57853
4.44332
4.44332
6.57853
4.44332
6.57853
4.44332
4.44332
4.44332
6.57853
6.57853
4.44332
4.44332
4.44332
6.57853
4.44332
4.44332
4.44332
6.57853
6.57853
4.44332
4.44332
4.44332
6.57853
4.44332
4.44332
4.44332
6.57853
4.44332
6.57853
6.57853
4.44332
6.57853
6.57853
4.44332
4.44332
6.57853
4.44332
6.57853
6.57853
6.57853
6.57853
4.44332
4.44332
4.44332
6.57853
4.44332
6.57853
6.57853
4.44332
4.44332
6.57853
6.57853
4.44332
4.44332
4.44332
6.57853
6.57853
4.44332
4.44332
6.57853
6.57853
6.57853
4.44332
4.44332
6.57853
4.44332
4.44332
4.44332
6.57853
4.44332
6.57853
6.57853
6.57853
6.57853
4.44332
4.44332
4.44332
6.57853
4.44332
4.44332
6.57853
6.57853
6.57853
4.44332
4.44332
4.44332
6.57853
4.44332
6.57853
6.57853
6.57853
4.44332
6.57853
6.57853
6.57853
6.57853
4.44332
6.57853
6.57853
6.57853
4.44332
4.44332
4.44332
4.44332
6.57853
4.44332
4.44332
6.57853
6.57853
4.44332
6.57853
6.57853
4.44332
6.57853
4.44332
4.44332
6.57853
6.57853
4.44332
6.57853
4.44332
4.44332
4.44332
6.57853
6.57853
4.44332
6.57853
6.57853
6.57853
4.44332
6.57853
4.44332
6.57853
6.57853
4.44332
6.57853
4.44332
4.44332
4.44332
6.57853
6.57853
4.44332
4.44332
6.57853
6.57853
6.57853
6.57853
4.44332
4.44332
6.57853
6.57853
4.44332
6.57853
6.57853
4.44332
6.57853
4.44332
4.44332
4.44332
6.57853
4.44332
6.57853
6.57853
6.57853
6.57853
6.57853
6.57853
4.44332
4.44332
6.57853
4.44332
4.44332
6.57853
6.57853
6.57853
6.57853
6.57853
4.44332
6.57853
6.57853
4.44332
6.57853
6.57853
6.57853
6.57853
4.44332
6.57853
6.57853
6.57853
4.44332
4.44332
4.44332
6.57853
6.57853
4.44332
6.57853
4.44332
6.57853
4.44332
4.44332
4.44332
6.57853
4.44332
6.57853
6.57853
4.44332
6.57853
6.57853
6.57853
4.44332
6.57853
6.57853
6.57853
6.57853
4.44332
6.57853
6.57853
6.57853
4.44332
6.57853
6.57853
6.57853
6.57853
4.44332
4.44332
4.44332
4.44332
4.44332
4.44332
4.44332
4.44332
4.44332
4.44332
4.44332
4.44332
4.44332
4.44332
6.57853
4.44332
6.57853
6.57853
6.57853
6.57853
4.44332
4.44332
4.44332
4.44332
4.44332
6.57853
6.57853
6.57853
4.44332
6.57853
6.57853
4.44332
6.57853
4.44332
6.57853
6.57853
6.57853
4.44332
6.57853
6.57853
4.44332
6.57853
4.44332
6.57853
6.57853
6.57853
4.44332
6.57853
6.57853
4.44332
6.57853
4.44332
6.57853
6.57853
6.57853
4.44332
6.57853
4.44332
4.44332
6.57853
4.44332
6.57853
6.57853
6.57853
4.44332
6.57853
4.44332
4.44332
6.57853
4.44332
4.44332
4.44332
4.44332
4.44332
6.57853
4.44332
6.57853
6.57853
4.44332
4.44332
4.44332
6.57853
4.44332
6.57853
4.44332
6.57853
6.57853
4.44332
6.57853
6.57853
6.57853
4.44332
4.44332
6.57853
4.44332
6.57853
4.44332
6.57853
6.57853
6.57853
6.57853
4.44332
6.57853
6.57853
6.57853
4.44332
6.57853
4.44332
6.57853
6.57853
6.57853
4.44332
6.57853
6.57853
4.44332
4.44332
4.44332
6.57853
4.44332
6.57853
6.57853
6.57853
6.57853
4.44332
4.44332
4.44332
6.57853
4.44332
6.57853
4.44332
6.57853
6.57853
4.44332
4.44332
4.44332
6.57853
4.44332
6.57853
6.57853
6.57853
6.57853
4.44332
4.44332
6.57853
6.57853
4.44332
6.57853
6.57853
4.44332
6.57853
4.44332
6.57853
4.44332
6.57853
4.44332
6.57853
6.57853
6.57853
6.57853
4.44332
6.57853
4.44332
6.57853
6.57853
6.57853
6.57853
4.44332
6.57853
4.44332
6.57853
4.44332
6.57853
4.44332
4.44332
6.57853
4.44332
6.57853
4.44332
6.57853
4.44332
6.57853
4.44332
4.44332
6.57853
4.44332
6.57853
4.44332
4.44332
4.44332
6.57853
6.57853
6.57853
6.57853
4.44332
6.57853
4.44332
4.44332
4.44332
6.57853
4.44332
4.44332
6.57853
4.44332
6.57853
4.44332
4.44332
4.44332
6.57853
4.44332
6.57853
6.57853
4.44332
6.57853
4.44332
4.44332
4.44332
6.57853
4.44332
6.57853
6.57853
4.44332
6.57853
4.44332
4.44332
4.44332
6.57853
4.44332
6.57853
6.57853
4.44332
6.57853
4.44332
4.44332
4.44332
6.57853
4.44332
6.57853
6.57853
4.44332
6.57853
4.44332
4.44332
4.44332
6.57853
4.44332
6.57853
6.57853
4.44332
6.57853
4.44332
4.44332
4.44332
6.57853
4.44332
6.57853
6.57853
6.57853
6.57853
4.44332
6.57853
4.44332
4.44332
4.44332
6.57853
4.44332
4.44332
4.44332
6.57853
6.57853
6.57853
6.57853
6.57853
6.57853
6.57853
6.57853
6.57853
6.57853
6.57853
6.57853
6.57853
4.44332
6.57853
4.44332
6.57853
4.44332
6.57853
4.44332
6.57853
6.57853
6.57853
6.57853
6.57853
6.57853
6.57853
6.57853
6.57853
6.57853
6.57853
6.57853
6.57853
6.57853
6.57853
6.57853
6.57853
4.44332
6.57853
4.44332
6.57853
6.57853
6.57853
6.57853
6.57853
4.44332
6.57853
6.57853
4.44332
6.57853
4.44332
6.57853
6.57853
6.57853
6.57853
4.44332
4.44332
4.44332
6.57853
4.44332
6.57853
6.57853
6.57853
4.44332
6.57853
6.57853
6.57853
6.57853
4.44332
6.57853
6.57853
6.57853
4.44332
6.57853
4.44332
6.57853
6.57853
4.44332
6.57853
6.57853
6.57853
4.44332
6.57853
4.44332
4.44332
6.57853
4.44332
6.57853
6.57853
6.57853
4.44332
6.57853
6.57853
4.44332
6.57853
4.44332
6.57853
6.57853
6.57853
4.44332
6.57853
4.44332
6.57853
6.57853
4.44332
6.57853
6.57853
6.57853
4.44332
6.57853
6.57853
6.57853
6.57853
4.44332
6.57853
6.57853
4.44332
4.44332
6.57853
4.44332
4.44332
6.57853
4.44332
6.57853
4.44332
4.44332
4.44332
6.57853
4.44332
4.44332
6.57853
4.44332
6.57853
4.44332
6.57853
4.44332
6.57853
4.44332
4.44332
6.57853
4.44332
6.57853
4.44332
4.44332
4.44332
6.57853
4.44332
4.44332
6.57853
4.44332
6.57853
4.44332
4.44332
4.44332
6.57853
4.44332
4.44332
6.57853
4.44332
6.57853
4.44332
6.57853
4.44332
6.57853
4.44332
4.44332
6.57853
4.44332
6.57853
4.44332
4.44332
4.44332
6.57853
4.44332
6.57853
6.57853
4.44332
6.57853
4.44332
4.44332
4.44332
6.57853
4.44332
6.57853
6.57853
4.44332
6.57853
4.44332
4.44332
4.44332
6.57853
4.44332
6.57853
6.57853
4.44332
6.57853
4.44332
4.44332
4.44332
6.57853
4.44332
6.57853
6.57853
6.57853
6.57853
4.44332
4.44332
4.44332
6.57853
4.44332
6.57853
4.44332
6.57853
6.57853
4.44332
4.44332
6.57853
6.57853
4.44332
6.57853
6.57853
4.44332
6.57853
4.44332
4.44332
4.44332
4.44332
4.44332
4.44332
4.44332
4.44332
4.44332
4.44332
4.44332
4.44332
4.44332
4.44332
6.57853
6.57853
4.44332
4.44332
4.44332
6.57853
4.44332
6.57853
4.44332
6.57853
6.57853
6.57853
6.57853
4.44332
4.44332
4.44332
4.44332
4.44332
6.57853
6.57853
6.57853
6.57853
4.44332
4.44332
6.57853
6.57853
4.44332
6.57853
6.57853
6.57853
4.44332
6.57853
6.57853
4.44332
6.57853
4.44332
6.57853
6.57853
4.44332
6.57853
4.44332
6.57853
6.57853
4.44332
4.44332
6.57853
6.57853
4.44332
6.57853
4.44332
6.57853
6.57853
6.57853
4.44332
6.57853
6.57853
4.44332
6.57853
4.44332
6.57853
6.57853
6.57853
4.44332
6.57853
6.57853
4.44332
4.44332
4.44332
6.57853
6.57853
6.57853
4.44332
6.57853
6.57853
4.44332
6.57853
4.44332
6.57853
4.44332
4.44332
6.57853
4.44332
6.57853
4.44332
6.57853
6.57853
6.57853
4.44332
6.57853
6.57853
4.44332
4.44332
4.44332
6.57853
6.57853
6.57853
4.44332
6.57853
6.57853
6.57853
6.57853
4.44332
6.57853
6.57853
6.57853
4.44332
6.57853
6.57853
4.44332
6.57853
4.44332
6.57853
6.57853
4.44332
4.44332
6.57853
4.44332
4.44332
6.57853
4.44332
6.57853
6.57853
6.57853
4.44332
6.57853
4.44332
4.44332
6.57853
4.44332
6.57853
6.57853
4.44332
4.44332
4.44332
4.44332
6.57853
6.57853
4.44332
6.57853
4.44332
4.44332
4.44332
6.57853
4.44332
6.57853
6.57853
6.57853
4.44332
6.57853
6.57853
4.44332
6.57853
4.44332
6.57853
6.57853
6.57853
4.44332
6.57853
6.57853
6.57853
6.57853
4.44332
6.57853
6.57853
6.57853
4.44332
6.57853
4.44332
4.44332
6.57853
4.44332
6.57853
6.57853
6.57853
6.57853
6.57853
4.44332
4.44332
4.44332
6.57853
6.57853
6.57853
4.44332
6.57853
6.57853
4.44332
4.44332
4.44332
6.57853
6.57853
6.57853
6.57853
4.44332
6.57853
4.44332
4.44332
6.57853
4.44332
6.57853
6.57853
6.57853
4.44332
6.57853
4.44332
6.57853
6.57853
4.44332
6.57853
4.44332
6.57853
6.57853
6.57853
6.57853
4.44332
4.44332
4.44332
4.44332
4.44332
6.57853
6.57853
4.44332
6.57853
4.44332
4.44332
4.44332
6.57853
4.44332
6.57853
6.57853
4.44332
6.57853
4.44332
4.44332
4.44332
6.57853
4.44332
6.57853
6.57853
4.44332
6.57853
4.44332
6.57853
6.57853
6.57853
6.57853
4.44332
4.44332
4.44332
6.57853
4.44332
6.57853
6.57853
4.44332
4.44332
6.57853
6.57853
4.44332
6.57853
4.44332
6.57853
6.57853
6.57853
6.57853
4.44332
4.44332
4.44332
4.44332
4.44332
6.57853
6.57853
6.57853
4.44332
6.57853
6.57853
6.57853
6.57853
4.44332
6.57853
6.57853
6.57853
6.57853
4.44332
4.44332
4.44332
6.57853
4.44332
6.57853
6.57853
4.44332
4.44332
6.57853
6.57853
6.57853
4.44332
4.44332
6.57853
6.57853
6.57853
6.57853
4.44332
6.57853
6.57853
6.57853
4.44332
6.57853
6.57853
4.44332
6.57853
6.57853
6.57853
4.44332
4.44332
4.44332
6.57853
6.57853
6.57853
6.57853
4.44332
6.57853
4.44332
4.44332
4.44332
6.57853
6.57853
6.57853
6.57853
4.44332
6.57853
4.44332
6.57853
6.57853
6.57853
6.57853
4.44332
6.57853
6.57853
4.44332
6.57853
4.44332
4.44332
4.44332
4.44332
6.57853
4.44332
6.57853
6.57853
6.57853
4.44332
6.57853
6.57853
4.44332
6.57853
4.44332
6.57853
6.57853
6.57853
6.57853
4.44332
6.57853
4.44332
4.44332
4.44332
6.57853
4.44332
4.44332
6.57853
6.57853
6.57853
4.44332
4.44332
4.44332
6.57853
6.57853
6.57853
6.57853
4.44332
6.57853
4.44332
4.44332
4.44332
6.57853
6.57853
6.57853
6.57853
4.44332
6.57853
4.44332
6.57853
6.57853
6.57853
6.57853
4.44332
6.57853
6.57853
6.57853
4.44332
6.57853
6.57853
6.57853
6.57853
4.44332
6.57853
6.57853
6.57853
4.44332
6.57853
6.57853
4.44332
4.44332
4.44332
6.57853
4.44332
4.44332
4.44332
6.57853
6.57853
4.44332
4.44332
4.44332
6.57853
4.44332
4.44332
4.44332
6.57853
6.57853
4.44332
6.57853
6.57853
6.57853
4.44332
6.57853
6.57853
4.44332
4.44332
4.44332
6.57853
6.57853
6.57853
6.57853
4.44332
4.44332
4.44332
6.57853
4.44332
6.57853
6.57853
4.44332
6.57853
4.44332
4.44332
4.44332
6.57853
4.44332
6.57853
6.57853
4.44332
6.57853
4.44332
6.57853
6.57853
6.57853
6.57853
4.44332
4.44332
4.44332
6.57853
4.44332
6.57853
6.57853
4.44332
6.57853
4.44332
4.44332
4.44332
4.44332
6.57853
4.44332
4.44332
4.44332
6.57853
4.44332
4.44332
4.44332
4.44332
6.57853
4.44332
4.44332
4.44332
6.57853
4.44332
4.44332
4.44332
6.57853
6.57853
4.44332
4.44332
4.44332
6.57853
4.44332
4.44332
6.57853
4.44332
6.57853
4.44332
4.44332
4.44332
6.57853
6.57853
4.44332
4.44332
4.44332
6.57853
4.44332
4.44332
6.57853
6.57853
6.57853
4.44332
4.44332
4.44332
6.57853
4.44332
4.44332
6.57853
6.57853
6.57853
4.44332
4.44332
4.44332
6.57853
6.57853
6.57853
6.57853
6.57853
6.57853
4.44332
4.44332
6.57853
4.44332
4.44332
4.44332
6.57853
6.57853
6.57853
4.44332
6.57853
6.57853
4.44332
6.57853
4.44332
6.57853
6.57853
4.44332
4.44332
6.57853
6.57853
4.44332
6.57853
4.44332
6.57853
6.57853
6.57853
6.57853
4.44332
4.44332
4.44332
4.44332
4.44332
6.57853
6.57853
4.44332
6.57853
4.44332
4.44332
6.57853
6.57853
4.44332
6.57853
6.57853
4.44332
6.57853
4.44332
4.44332
4.44332
6.57853
6.57853
4.44332
4.44332
4.44332
6.57853
4.44332
6.57853
6.57853
6.57853
6.57853
4.44332
4.44332
4.44332
6.57853
4.44332
6.57853
4.44332
4.44332
6.57853
4.44332
6.57853
6.57853
6.57853
6.57853
6.57853
6.57853
6.57853
6.57853
4.44332
6.57853
6.57853
6.57853
6.57853
4.44332
6.57853
6.57853
6.57853
4.44332
6.57853
6.57853
4.44332
6.57853
4.44332
6.57853
6.57853
6.57853
4.44332
6.57853
6.57853
6.57853
6.57853
4.44332
6.57853
6.57853
6.57853
4.44332
6.57853
4.44332
4.44332
6.57853
4.44332
6.57853
6.57853
6.57853
6.57853
6.57853
4.44332
4.44332
4.44332
6.57853
4.44332
4.44332
6.57853
6.57853
6.57853
4.44332
4.44332
4.44332
6.57853
4.44332
4.44332
4.44332
6.57853
6.57853
4.44332
4.44332
4.44332
6.57853
4.44332
4.44332
4.44332
6.57853
4.44332
6.57853
6.57853
4.44332
6.57853
4.44332
6.57853
6.57853
6.57853
4.44332
6.57853
6.57853
4.44332
6.57853
4.44332
6.57853
6.57853
6.57853
4.44332
6.57853
6.57853
6.57853
6.57853
4.44332
6.57853
6.57853
6.57853
4.44332
6.57853
6.57853
6.57853
6.57853
6.57853
6.57853
6.57853
6.57853
4.44332
6.57853
6.57853
6.57853
4.44332
6.57853
4.44332
4.44332
4.44332
6.57853
6.57853
6.57853
6.57853
4.44332
6.57853
4.44332
4.44332
4.44332
6.57853
4.44332
6.57853
6.57853
4.44332
6.57853
4.44332
4.44332
4.44332
6.57853
4.44332
6.57853
6.57853
6.57853
4.44332
6.57853
6.57853
6.57853
6.57853
6.57853
6.57853
6.57853
6.57853
4.44332
6.57853
6.57853
6.57853
6.57853
6.57853
4.44332
4.44332
4.44332
6.57853
4.44332
4.44332
4.44332
6.57853
6.57853
4.44332
4.44332
4.44332
6.57853
4.44332
4.44332
4.44332
6.57853
4.44332
6.57853
6.57853
6.57853
6.57853
4.44332
6.57853
6.57853
6.57853
4.44332
6.57853
6.57853
6.57853
4.44332
6.57853
4.44332
4.44332
6.57853
4.44332
6.57853
6.57853
6.57853
6.57853
6.57853
4.44332
4.44332
6.57853
4.44332
6.57853
6.57853
6.57853
6.57853
6.57853
4.44332
4.44332
4.44332
6.57853
6.57853
6.57853
6.57853
4.44332
6.57853
4.44332
4.44332
4.44332
6.57853
4.44332
4.44332
4.44332
6.57853
6.57853
4.44332
6.57853
6.57853
6.57853
4.44332
6.57853
4.44332
4.44332
4.44332
6.57853
4.44332
4.44332
6.57853
6.57853
6.57853
4.44332
4.44332
4.44332
6.57853
4.44332
4.44332
4.44332
6.57853
4.44332
6.57853
6.57853
6.57853
4.44332
6.57853
6.57853
6.57853
6.57853
4.44332
6.57853
6.57853
6.57853
4.44332
6.57853
4.44332
4.44332
4.44332
6.57853
6.57853
6.57853
6.57853
4.44332
6.57853
4.44332
4.44332
4.44332
6.57853
4.44332
4.44332
4.44332
6.57853
6.57853
4.44332
6.57853
6.57853
6.57853
4.44332
6.57853
6.57853
6.57853
4.44332
6.57853
4.44332
4.44332
4.44332
6.57853
6.57853
6.57853
6.57853
4.44332
6.57853
4.44332
4.44332
4.44332
6.57853
6.57853
4.44332
4.44332
4.44332
6.57853
4.44332
4.44332
4.44332
6.57853
4.44332
6.57853
6.57853
4.44332
6.57853
4.44332
4.44332
4.44332
4.44332
4.44332
6.57853
6.57853
6.57853
4.44332
6.57853
6.57853
6.57853
6.57853
4.44332
6.57853
6.57853
6.57853
4.44332
6.57853
6.57853
6.57853
4.44332
6.57853
6.57853
6.57853
6.57853
4.44332
6.57853
6.57853
6.57853
4.44332
6.57853
4.44332
4.44332
4.44332
6.57853
6.57853
4.44332
4.44332
4.44332
6.57853
4.44332
4.44332
4.44332
6.57853
4.44332
6.57853
6.57853
6.57853
6.57853
4.44332
4.44332
4.44332
4.44332
4.44332
6.57853
6.57853
6.57853
4.44332
6.57853
6.57853
4.44332
4.44332
4.44332
6.57853
4.44332
4.44332
4.44332
6.57853
4.44332
6.57853
6.57853
6.57853
6.57853
4.44332
6.57853
4.44332
6.57853
6.57853
4.44332
4.44332
6.57853
6.57853
6.57853
6.57853
4.44332
4.44332
4.44332
6.57853
4.44332
6.57853
6.57853
6.57853
4.44332
6.57853
6.57853
6.57853
6.57853
4.44332
6.57853
6.57853
6.57853
4.44332
4.44332
4.44332
6.57853
6.57853
6.57853
6.57853
4.44332
4.44332
4.44332
4.44332
4.44332
6.57853
6.57853
6.57853
6.57853
4.44332
4.44332
4.44332
6.57853
4.44332
6.57853
4.44332
4.44332
6.57853
4.44332
6.57853
4.44332
4.44332
4.44332
6.57853
4.44332
4.44332
4.44332
6.57853
6.57853
4.44332
4.44332
4.44332
4.44332
4.44332
6.57853
6.57853
4.44332
6.57853
6.57853
6.57853
6.57853
6.57853
4.44332
6.57853
6.57853
4.44332
6.57853
4.44332
6.57853
4.44332
6.57853
4.44332
6.57853
6.57853
4.44332
6.57853
6.57853
6.57853
6.57853
6.57853
6.57853
6.57853
6.57853
6.57853
6.57853
6.57853
6.57853
6.57853
6.57853
4.44332
6.57853
6.57853
4.44332
4.44332
4.44332
4.44332
4.44332
6.57853
4.44332
6.57853
6.57853
4.44332
6.57853
4.44332
4.44332
4.44332
6.57853
4.44332
6.57853
6.57853
4.44332
6.57853
6.57853
6.57853
6.57853
6.57853
4.44332
6.57853
6.57853
4.44332
6.57853
6.57853
6.57853
6.57853
6.57853
4.44332
6.57853
6.57853
4.44332
6.57853
4.44332
6.57853
6.57853
6.57853
4.44332
6.57853
6.57853
4.44332
6.57853
4.44332
4.44332
4.44332
4.44332
4.44332
4.44332
4.44332
4.44332
4.44332
4.44332
4.44332
4.44332
4.44332
4.44332
6.57853
4.44332
4.44332
6.57853
4.44332
4.44332
4.44332
4.44332
4.44332
6.57853
6.57853
4.44332
4.44332
4.44332
6.57853
4.44332
6.57853
6.57853
6.57853
6.57853
6.57853
6.57853
4.44332
6.57853
4.44332
4.44332
4.44332
6.57853
4.44332
4.44332
6.57853
6.57853
6.57853
4.44332
4.44332
4.44332
6.57853
4.44332
6.57853
6.57853
4.44332
6.57853
4.44332
6.57853
4.44332
6.57853
6.57853
6.57853
6.57853
4.44332
6.57853
4.44332
6.57853
4.44332
6.57853
6.57853
6.57853
6.57853
6.57853
6.57853
4.44332
6.57853
4.44332
6.57853
4.44332
4.44332
4.44332
6.57853
4.44332
6.57853
6.57853
4.44332
6.57853
4.44332
4.44332
4.44332
6.57853
4.44332
6.57853
4.44332
4.44332
6.57853
4.44332
6.57853
4.44332
6.57853
4.44332
4.44332
4.44332
6.57853
6.57853
6.57853
4.44332
6.57853
4.44332
4.44332
6.57853
4.44332
4.44332
4.44332
6.57853
6.57853
4.44332
6.57853
6.57853
6.57853
4.44332
6.57853
6.57853
6.57853
6.57853
6.57853
6.57853
4.44332
6.57853
6.57853
6.57853
4.44332
6.57853
4.44332
6.57853
6.57853
6.57853
6.57853
4.44332
6.57853
4.44332
6.57853
6.57853
6.57853
6.57853
4.44332
6.57853
6.57853
4.44332
6.57853
6.57853
4.44332
6.57853
6.57853
4.44332
6.57853
4.44332
6.57853
4.44332
4.44332
4.44332
6.57853
6.57853
4.44332
4.44332
6.57853
6.57853
4.44332
6.57853
6.57853
4.44332
6.57853
6.57853
4.44332
6.57853
6.57853
4.44332
6.57853
6.57853
6.57853
4.44332
6.57853
6.57853
4.44332
4.44332
6.57853
6.57853
4.44332
6.57853
6.57853
6.57853
6.57853
6.57853
4.44332
6.57853
6.57853
4.44332
6.57853
4.44332
6.57853
6.57853
6.57853
4.44332
6.57853
6.57853
6.57853
6.57853
4.44332
6.57853
6.57853
6.57853
4.44332
4.44332
4.44332
4.44332
4.44332
4.44332
4.44332
4.44332
4.44332
4.44332
4.44332
4.44332
4.44332
4.44332
4.44332
4.44332
6.57853
6.57853
4.44332
6.57853
4.44332
6.57853
4.44332
6.57853
4.44332
6.57853
4.44332
6.57853
6.57853
4.44332
6.57853
4.44332
6.57853
4.44332
6.57853
6.57853
4.44332
6.57853
4.44332
6.57853
4.44332
6.57853
4.44332
6.57853
6.57853
4.44332
6.57853
4.44332
6.57853
4.44332
6.57853
4.44332
6.57853
6.57853
4.44332
6.57853
4.44332
6.57853
4.44332
6.57853
4.44332
6.57853
6.57853
4.44332
6.57853
4.44332
6.57853
4.44332
6.57853
4.44332
6.57853
6.57853
4.44332
6.57853
4.44332
6.57853
4.44332
6.57853
6.57853
4.44332
6.57853
4.44332
6.57853
4.44332
6.57853
4.44332
6.57853
6.57853
4.44332
6.57853
4.44332
6.57853
4.44332
6.57853
4.44332
6.57853
6.57853
4.44332
6.57853
4.44332
6.57853
4.44332
6.57853
6.57853
4.44332
6.57853
4.44332
6.57853
4.44332
6.57853
4.44332
6.57853
6.57853
4.44332
4.44332
4.44332
6.57853
4.44332
6.57853
4.44332
6.57853
6.57853
4.44332
6.57853
4.44332
4.44332
6.57853
6.57853
6.57853
6.57853
6.57853
4.44332
4.44332
4.44332
6.57853
4.44332
6.57853
6.57853
6.57853
6.57853
4.44332
4.44332
4.44332
6.57853
4.44332
6.57853
6.57853
6.57853
4.44332
6.57853
6.57853
4.44332
6.57853
4.44332
6.57853
6.57853
6.57853
4.44332
6.57853
6.57853
6.57853
6.57853
4.44332
6.57853
6.57853
6.57853
4.44332
4.44332
6.57853
4.44332
4.44332
4.44332
6.57853
4.44332
4.44332
4.44332
6.57853
4.44332
6.57853
6.57853
4.44332
6.57853
4.44332
4.44332
4.44332
6.57853
4.44332
6.57853
6.57853
6.57853
6.57853
4.44332
6.57853
6.57853
6.57853
4.44332
6.57853
6.57853
6.57853
6.57853
4.44332
6.57853
6.57853
6.57853
4.44332
6.57853
6.57853
6.57853
4.44332
4.44332
6.57853
6.57853
6.57853
4.44332
6.57853
6.57853
6.57853
4.44332
6.57853
4.44332
4.44332
4.44332
6.57853
6.57853
6.57853
6.57853
4.44332
6.57853
4.44332
4.44332
4.44332
6.57853
4.44332
4.44332
4.44332
6.57853
4.44332
6.57853
6.57853
4.44332
6.57853
4.44332
6.57853
6.57853
6.57853
4.44332
6.57853
6.57853
6.57853
4.44332
6.57853
4.44332
4.44332
6.57853
4.44332
6.57853
6.57853
6.57853
4.44332
4.44332
4.44332
4.44332
4.44332
6.57853
6.57853
6.57853
6.57853
4.44332
6.57853
4.44332
4.44332
4.44332
6.57853
4.44332
4.44332
4.44332
6.57853
4.44332
6.57853
6.57853
4.44332
6.57853
4.44332
4.44332
4.44332
6.57853
4.44332
6.57853
6.57853
6.57853
4.44332
6.57853
4.44332
4.44332
4.44332
6.57853
6.57853
6.57853
6.57853
4.44332
6.57853
4.44332
6.57853
6.57853
6.57853
4.44332
4.44332
4.44332
6.57853
6.57853
6.57853
6.57853
6.57853
6.57853
4.44332
4.44332
4.44332
6.57853
4.44332
6.57853
6.57853
6.57853
4.44332
6.57853
6.57853
6.57853
6.57853
4.44332
6.57853
6.57853
6.57853
4.44332
6.57853
6.57853
6.57853
4.44332
6.57853
4.44332
4.44332
4.44332
4.44332
4.44332
4.44332
4.44332
4.44332
4.44332
4.44332
4.44332
4.44332
4.44332
4.44332
6.57853
4.44332
6.57853
6.57853
6.57853
6.57853
4.44332
4.44332
6.57853
6.57853
4.44332
4.44332
4.44332
6.57853
4.44332
6.57853
6.57853
6.57853
6.57853
4.44332
6.57853
6.57853
4.44332
4.44332
6.57853
6.57853
4.44332
4.44332
6.57853
4.44332
4.44332
4.44332
6.57853
4.44332
4.44332
4.44332
4.44332
6.57853
4.44332
4.44332
6.57853
6.57853
4.44332
4.44332
6.57853
4.44332
4.44332
6.57853
6.57853
6.57853
4.44332
6.57853
6.57853
6.57853
6.57853
6.57853
6.57853
4.44332
6.57853
4.44332
6.57853
4.44332
6.57853
4.44332
6.57853
4.44332
6.57853
6.57853
6.57853
6.57853
4.44332
6.57853
6.57853
6.57853
4.44332
6.57853
6.57853
6.57853
6.57853
4.44332
4.44332
4.44332
4.44332
4.44332
6.57853
4.44332
6.57853
6.57853
6.57853
4.44332
6.57853
4.44332
6.57853
6.57853
6.57853
6.57853
4.44332
6.57853
6.57853
6.57853
4.44332
6.57853
6.57853
6.57853
4.44332
4.44332
4.44332
4.44332
4.44332
6.57853
6.57853
6.57853
6.57853
4.44332
6.57853
4.44332
6.57853
4.44332
6.57853
6.57853
4.44332
4.44332
4.44332
4.44332
6.57853
6.57853
6.57853
4.44332
4.44332
4.44332
4.44332
4.44332
6.57853
6.57853
6.57853
6.57853
4.44332
6.57853
4.44332
4.44332
4.44332
6.57853
4.44332
4.44332
4.44332
4.44332
4.44332
4.44332
6.57853
6.57853
6.57853
6.57853
6.57853
6.57853
6.57853
4.44332
4.44332
4.44332
6.57853
4.44332
4.44332
6.57853
4.44332
4.44332
4.44332
4.44332
4.44332
6.57853
6.57853
6.57853
4.44332
6.57853
4.44332
4.44332
6.57853
6.57853
6.57853
6.57853
6.57853
4.44332
6.57853
4.44332
6.57853
6.57853
6.57853
6.57853
6.57853
6.57853
4.44332
4.44332
4.44332
6.57853
4.44332
4.44332
4.44332
6.57853
4.44332
6.57853
6.57853
4.44332
4.44332
4.44332
6.57853
6.57853
4.44332
4.44332
4.44332
4.44332
6.57853
4.44332
4.44332
4.44332
6.57853
6.57853
4.44332
6.57853
4.44332
4.44332
4.44332
6.57853
6.57853
4.44332
4.44332
4.44332
4.44332
6.57853
6.57853
4.44332
4.44332
4.44332
6.57853
4.44332
4.44332
4.44332
4.44332
4.44332
6.57853
4.44332
6.57853
4.44332
6.57853
6.57853
4.44332
6.57853
4.44332
4.44332
4.44332
4.44332
4.44332
6.57853
4.44332
4.44332
4.44332
6.57853
6.57853
4.44332
4.44332
4.44332
4.44332
4.44332
6.57853
6.57853
6.57853
4.44332
4.44332
4.44332
6.57853
6.57853
6.57853
6.57853
4.44332
6.57853
4.44332
6.57853
6.57853
6.57853
4.44332
4.44332
6.57853
4.44332
6.57853
6.57853
6.57853
4.44332
6.57853
4.44332
4.44332
4.44332
6.57853
4.44332
4.44332
4.44332
4.44332
4.44332
6.57853
6.57853
4.44332
6.57853
6.57853
6.57853
4.44332
4.44332
4.44332
4.44332
4.44332
6.57853
4.44332
6.57853
4.44332
4.44332
4.44332
6.57853
4.44332
6.57853
6.57853
6.57853
6.57853
4.44332
4.44332
4.44332
4.44332
4.44332
4.44332
4.44332
6.57853
4.44332
6.57853
6.57853
4.44332
6.57853
4.44332
4.44332
4.44332
4.44332
4.44332
6.57853
6.57853
6.57853
4.44332
4.44332
4.44332
6.57853
6.57853
4.44332
4.44332
4.44332
6.57853
4.44332
6.57853
6.57853
6.57853
4.44332
6.57853
4.44332
6.57853
4.44332
6.57853
4.44332
6.57853
6.57853
6.57853
6.57853
4.44332
6.57853
6.57853
6.57853
4.44332
6.57853
6.57853
6.57853
6.57853
6.57853
6.57853
6.57853
6.57853
4.44332
4.44332
4.44332
4.44332
4.44332
4.44332
4.44332
4.44332
4.44332
4.44332
4.44332
4.44332
4.44332
4.44332
4.44332
4.44332
4.44332
4.44332
4.44332
4.44332
6.57853
4.44332
6.57853
4.44332
6.57853
4.44332
6.57853
4.44332
6.57853
6.57853
6.57853
4.44332
6.57853
4.44332
4.44332
6.57853
4.44332
6.57853
6.57853
6.57853
6.57853
6.57853
4.44332
4.44332
4.44332
6.57853
4.44332
4.44332
6.57853
4.44332
4.44332
6.57853
6.57853
6.57853
6.57853
4.44332
4.44332
6.57853
4.44332
4.44332
6.57853
6.57853
6.57853
4.44332
6.57853
4.44332
4.44332
4.44332
6.57853
4.44332
4.44332
4.44332
6.57853
4.44332
4.44332
4.44332
6.57853
6.57853
6.57853
6.57853
4.44332
4.44332
6.57853
4.44332
4.44332
6.57853
6.57853
6.57853
4.44332
6.57853
4.44332
4.44332
4.44332
6.57853
4.44332
4.44332
4.44332
6.57853
4.44332
6.57853
6.57853
6.57853
4.44332
4.44332
4.44332
6.57853
4.44332
6.57853
6.57853
4.44332
6.57853
4.44332
4.44332
4.44332
6.57853
4.44332
4.44332
4.44332
6.57853
4.44332
4.44332
4.44332
6.57853
4.44332
6.57853
6.57853
6.57853
4.44332
6.57853
6.57853
6.57853
4.44332
6.57853
4.44332
4.44332
4.44332
6.57853
6.57853
6.57853
6.57853
6.57853
6.57853
4.44332
4.44332
4.44332
6.57853
4.44332
4.44332
6.57853
4.44332
4.44332
6.57853
6.57853
6.57853
6.57853
4.44332
4.44332
6.57853
4.44332
4.44332
6.57853
4.44332
4.44332
4.44332
6.57853
4.44332
6.57853
6.57853
4.44332
6.57853
6.57853
6.57853
4.44332
6.57853
4.44332
4.44332
4.44332
6.57853
4.44332
4.44332
4.44332
6.57853
4.44332
6.57853
6.57853
6.57853
4.44332
6.57853
6.57853
6.57853
6.57853
4.44332
6.57853
6.57853
6.57853
4.44332
6.57853
6.57853
4.44332
6.57853
6.57853
4.44332
4.44332
4.44332
6.57853
4.44332
4.44332
6.57853
4.44332
4.44332
6.57853
6.57853
4.44332
6.57853
4.44332
6.57853
6.57853
6.57853
4.44332
6.57853
6.57853
6.57853
4.44332
6.57853
6.57853
6.57853
4.44332
6.57853
6.57853
6.57853
4.44332
4.44332
6.57853
6.57853
6.57853
4.44332
6.57853
6.57853
6.57853
4.44332
6.57853
4.44332
6.57853
6.57853
6.57853
6.57853
6.57853
4.44332
4.44332
4.44332
4.44332
4.44332
4.44332
4.44332
4.44332
6.57853
6.57853
4.44332
4.44332
6.57853
6.57853
4.44332
4.44332
6.57853
4.44332
6.57853
4.44332
4.44332
6.57853
6.57853
6.57853
6.57853
4.44332
4.44332
4.44332
4.44332
6.57853
6.57853
4.44332
4.44332
6.57853
6.57853
6.57853
6.57853
4.44332
6.57853
4.44332
6.57853
4.44332
6.57853
6.57853
6.57853
6.57853
6.57853
6.57853
4.44332
4.44332
6.57853
6.57853
6.57853
6.57853
4.44332
6.57853
6.57853
4.44332
4.44332
4.44332
4.44332
6.57853
4.44332
4.44332
4.44332
4.44332
6.57853
6.57853
4.44332
6.57853
6.57853
4.44332
4.44332
4.44332
4.44332
6.57853
4.44332
6.57853
6.57853
4.44332
4.44332
6.57853
6.57853
4.44332
4.44332
6.57853
4.44332
4.44332
6.57853
6.57853
4.44332
4.44332
6.57853
4.44332
4.44332
4.44332
4.44332
4.44332
4.44332
4.44332
4.44332
4.44332
4.44332
4.44332
4.44332
4.44332
4.44332
4.44332
6.57853
6.57853
6.57853
4.44332
6.57853
4.44332
6.57853
4.44332
6.57853
4.44332
6.57853
4.44332
6.57853
4.44332
6.57853
6.57853
4.44332
6.57853
4.44332
6.57853
4.44332
6.57853
4.44332
6.57853
4.44332
6.57853
4.44332
6.57853
4.44332
6.57853
4.44332
6.57853
4.44332
6.57853
4.44332
6.57853
4.44332
6.57853
6.57853
6.57853
4.44332
6.57853
4.44332
6.57853
4.44332
6.57853
4.44332
6.57853
4.44332
6.57853
4.44332
6.57853
4.44332
6.57853
4.44332
6.57853
4.44332
6.57853
4.44332
6.57853
4.44332
6.57853
4.44332
6.57853
4.44332
6.57853
6.57853
4.44332
4.44332
4.44332
4.44332
6.57853
4.44332
6.57853
4.44332
6.57853
4.44332
6.57853
4.44332
6.57853
4.44332
6.57853
4.44332
6.57853
4.44332
6.57853
4.44332
6.57853
6.57853
6.57853
4.44332
6.57853
4.44332
6.57853
4.44332
6.57853
4.44332
6.57853
4.44332
6.57853
4.44332
6.57853
6.57853
4.44332
4.44332
6.57853
4.44332
4.44332
4.44332
6.57853
4.44332
4.44332
4.44332
6.57853
4.44332
6.57853
4.44332
6.57853
4.44332
6.57853
4.44332
6.57853
4.44332
6.57853
4.44332
6.57853
4.44332
6.57853
4.44332
4.44332
4.44332
6.57853
4.44332
6.57853
4.44332
6.57853
4.44332
6.57853
4.44332
6.57853
4.44332
6.57853
4.44332
6.57853
4.44332
6.57853
4.44332
6.57853
4.44332
6.57853
4.44332
6.57853
4.44332
6.57853
4.44332
6.57853
4.44332
6.57853
4.44332
6.57853
4.44332
6.57853
4.44332
4.44332
4.44332
6.57853
4.44332
6.57853
4.44332
6.57853
4.44332
6.57853
4.44332
6.57853
6.57853
4.44332
6.57853
4.44332
6.57853
4.44332
6.57853
4.44332
6.57853
4.44332
6.57853
4.44332
6.57853
4.44332
6.57853
4.44332
6.57853
4.44332
6.57853
4.44332
4.44332
4.44332
6.57853
4.44332
6.57853
4.44332
6.57853
6.57853
6.57853
4.44332
6.57853
4.44332
6.57853
6.57853
4.44332
6.57853
4.44332
6.57853
4.44332
6.57853
4.44332
6.57853
4.44332
6.57853
4.44332
6.57853
4.44332
6.57853
4.44332
6.57853
4.44332
6.57853
4.44332
6.57853
4.44332
6.57853
6.57853
6.57853
4.44332
6.57853
4.44332
6.57853
4.44332
6.57853
4.44332
6.57853
4.44332
6.57853
4.44332
6.57853
4.44332
6.57853
4.44332
6.57853
4.44332
6.57853
4.44332
6.57853
4.44332
6.57853
4.44332
6.57853
6.57853
4.44332
6.57853
4.44332
6.57853
4.44332
6.57853
6.57853
6.57853
4.44332
6.57853
4.44332
6.57853
4.44332
6.57853
4.44332
6.57853
4.44332
6.57853
4.44332
6.57853
4.44332
6.57853
6.57853
6.57853
6.57853
6.57853
6.57853
6.57853
6.57853
6.57853
6.57853
6.57853
6.57853
4.44332
6.57853
4.44332
6.57853
6.57853
6.57853
4.44332
6.57853
6.57853
4.44332
4.44332
6.57853
4.44332
6.57853
6.57853
6.57853
4.44332
4.44332
4.44332
4.44332
4.44332
6.57853
6.57853
6.57853
4.44332
6.57853
6.57853
4.44332
4.44332
6.57853
6.57853
6.57853
4.44332
6.57853
6.57853
6.57853
4.44332
6.57853
4.44332
4.44332
4.44332
6.57853
4.44332
4.44332
6.57853
6.57853
4.44332
6.57853
6.57853
6.57853
4.44332
6.57853
4.44332
4.44332
4.44332
6.57853
6.57853
6.57853
6.57853
4.44332
6.57853
4.44332
4.44332
4.44332
6.57853
6.57853
6.57853
4.44332
6.57853
4.44332
4.44332
4.44332
6.57853
4.44332
4.44332
4.44332
6.57853
4.44332
6.57853
6.57853
6.57853
4.44332
4.44332
4.44332
6.57853
4.44332
4.44332
4.44332
6.57853
4.44332
6.57853
6.57853
6.57853
4.44332
6.57853
6.57853
4.44332
4.44332
4.44332
6.57853
6.57853
6.57853
4.44332
6.57853
4.44332
4.44332
4.44332
6.57853
4.44332
4.44332
4.44332
6.57853
6.57853
4.44332
4.44332
4.44332
4.44332
6.57853
6.57853
6.57853
6.57853
4.44332
6.57853
4.44332
6.57853
4.44332
6.57853
4.44332
6.57853
4.44332
6.57853
4.44332
6.57853
4.44332
6.57853
6.57853
6.57853
6.57853
6.57853
6.57853
4.44332
6.57853
6.57853
4.44332
6.57853
6.57853
4.44332
4.44332
4.44332
6.57853
4.44332
4.44332
6.57853
6.57853
4.44332
6.57853
6.57853
6.57853
4.44332
6.57853
4.44332
4.44332
4.44332
6.57853
4.44332
4.44332
6.57853
6.57853
6.57853
4.44332
6.57853
4.44332
6.57853
4.44332
6.57853
6.57853
6.57853
4.44332
6.57853
4.44332
6.57853
4.44332
6.57853
4.44332
6.57853
4.44332
6.57853
4.44332
6.57853
4.44332
6.57853
6.57853
4.44332
6.57853
6.57853
4.44332
4.44332
6.57853
4.44332
6.57853
4.44332
6.57853
4.44332
6.57853
4.44332
6.57853
4.44332
6.57853
4.44332
6.57853
4.44332
6.57853
4.44332
6.57853
4.44332
6.57853
4.44332
6.57853
4.44332
6.57853
6.57853
4.44332
6.57853
4.44332
6.57853
4.44332
6.57853
4.44332
6.57853
4.44332
6.57853
4.44332
6.57853
4.44332
6.57853
4.44332
6.57853
4.44332
6.57853
4.44332
6.57853
4.44332
6.57853
4.44332
6.57853
6.57853
4.44332
6.57853
4.44332
6.57853
4.44332
6.57853
4.44332
6.57853
4.44332
6.57853
4.44332
6.57853
4.44332
6.57853
4.44332
6.57853
4.44332
6.57853
4.44332
6.57853
4.44332
6.57853
4.44332
4.44332
6.57853
4.44332
6.57853
4.44332
6.57853
4.44332
6.57853
4.44332
6.57853
4.44332
6.57853
4.44332
6.57853
4.44332
6.57853
4.44332
4.44332
4.44332
6.57853
4.44332
6.57853
4.44332
6.57853
4.44332
4.44332
4.44332
6.57853
4.44332
6.57853
6.57853
4.44332
6.57853
4.44332
4.44332
4.44332
6.57853
4.44332
6.57853
4.44332
6.57853
4.44332
6.57853
4.44332
6.57853
4.44332
6.57853
4.44332
6.57853
4.44332
6.57853
4.44332
6.57853
4.44332
6.57853
6.57853
4.44332
6.57853
4.44332
6.57853
4.44332
6.57853
4.44332
6.57853
4.44332
6.57853
4.44332
6.57853
4.44332
6.57853
4.44332
6.57853
4.44332
6.57853
6.57853
4.44332
6.57853
4.44332
6.57853
4.44332
6.57853
4.44332
6.57853
4.44332
6.57853
4.44332
6.57853
4.44332
6.57853
4.44332
6.57853
6.57853
4.44332
6.57853
4.44332
6.57853
4.44332
6.57853
4.44332
6.57853
6.57853
4.44332
4.44332
6.57853
4.44332
6.57853
4.44332
6.57853
4.44332
6.57853
4.44332
6.57853
4.44332
6.57853
4.44332
6.57853
6.57853
4.44332
6.57853
4.44332
6.57853
6.57853
6.57853
6.57853
6.57853
4.44332
6.57853
4.44332
6.57853
6.57853
6.57853
4.44332
6.57853
4.44332
4.44332
4.44332
6.57853
4.44332
6.57853
4.44332
6.57853
4.44332
6.57853
4.44332
6.57853
4.44332
6.57853
4.44332
6.57853
4.44332
6.57853
4.44332
6.57853
4.44332
6.57853
6.57853
4.44332
6.57853
4.44332
6.57853
4.44332
6.57853
4.44332
6.57853
4.44332
6.57853
4.44332
6.57853
4.44332
6.57853
4.44332
6.57853
4.44332
6.57853
4.44332
6.57853
4.44332
6.57853
4.44332
6.57853
6.57853
4.44332
6.57853
4.44332
6.57853
4.44332
6.57853
4.44332
6.57853
4.44332
6.57853
4.44332
6.57853
4.44332
6.57853
4.44332
6.57853
4.44332
6.57853
4.44332
4.44332
4.44332
6.57853
4.44332
6.57853
6.57853
4.44332
6.57853
4.44332
6.57853
4.44332
6.57853
4.44332
6.57853
4.44332
6.57853
4.44332
6.57853
4.44332
6.57853
4.44332
6.57853
4.44332
6.57853
6.57853
4.44332
6.57853
4.44332
6.57853
4.44332
6.57853
4.44332
6.57853
4.44332
6.57853
4.44332
6.57853
4.44332
6.57853
4.44332
6.57853
4.44332
6.57853
6.57853
4.44332
6.57853
4.44332
6.57853
4.44332
6.57853
4.44332
6.57853
4.44332
6.57853
4.44332
6.57853
4.44332
6.57853
4.44332
6.57853
6.57853
4.44332
6.57853
6.57853
6.57853
6.57853
6.57853
6.57853
6.57853
6.57853
6.57853
6.57853
6.57853
6.57853
6.57853
6.57853
6.57853
6.57853
6.57853
6.57853
6.57853
4.44332
6.57853
4.44332
6.57853
4.44332
4.44332
6.57853
4.44332
6.57853
6.57853
4.44332
4.44332
6.57853
4.44332
4.44332
4.44332
6.57853
4.44332
4.44332
6.57853
6.57853
4.44332
6.57853
6.57853
6.57853
4.44332
6.57853
4.44332
4.44332
6.57853
4.44332
6.57853
6.57853
6.57853
4.44332
6.57853
4.44332
4.44332
6.57853
6.57853
4.44332
6.57853
4.44332
6.57853
6.57853
6.57853
6.57853
6.57853
6.57853
6.57853
6.57853
6.57853
6.57853
6.57853
6.57853
6.57853
4.44332
6.57853
4.44332
6.57853
4.44332
6.57853
4.44332
6.57853
6.57853
4.44332
6.57853
4.44332
6.57853
4.44332
6.57853
4.44332
6.57853
4.44332
6.57853
4.44332
4.44332
6.57853
6.57853
4.44332
6.57853
4.44332
6.57853
4.44332
6.57853
4.44332
6.57853
4.44332
6.57853
6.57853
6.57853
4.44332
6.57853
6.57853
6.57853
6.57853
6.57853
6.57853
6.57853
6.57853
6.57853
6.57853
6.57853
6.57853
6.57853
6.57853
6.57853
6.57853
6.57853
4.44332
6.57853
4.44332
4.44332
4.44332
6.57853
4.44332
6.57853
6.57853
6.57853
6.57853
6.57853
6.57853
6.57853
6.57853
4.44332
4.44332
6.57853
4.44332
4.44332
4.44332
6.57853
4.44332
6.57853
6.57853
6.57853
6.57853
6.57853
6.57853
6.57853
4.44332
6.57853
4.44332
4.44332
4.44332
6.57853
4.44332
4.44332
4.44332
6.57853
6.57853
6.57853
6.57853
6.57853
6.57853
6.57853
4.44332
6.57853
4.44332
4.44332
4.44332
4.44332
4.44332
4.44332
4.44332
6.57853
4.44332
6.57853
6.57853
4.44332
4.44332
4.44332
4.44332
4.44332
4.44332
4.44332
4.44332
4.44332
4.44332
4.44332
4.44332
4.44332
4.44332
4.44332
4.44332
4.44332
4.44332
4.44332
6.57853
4.44332
6.57853
4.44332
4.44332
4.44332
6.57853
6.57853
6.57853
4.44332
4.44332
4.44332
4.44332
4.44332
4.44332
4.44332
4.44332
4.44332
4.44332
4.44332
4.44332
4.44332
6.57853
6.57853
4.44332
6.57853
4.44332
6.57853
4.44332
6.57853
4.44332
4.44332
6.57853
4.44332
4.44332
6.57853
4.44332
4.44332
4.44332
4.44332
6.57853
4.44332
4.44332
6.57853
6.57853
4.44332
4.44332
6.57853
6.57853
4.44332
6.57853
6.57853
4.44332
6.57853
6.57853
6.57853
6.57853
6.57853
6.57853
4.44332
4.44332
6.57853
4.44332
4.44332
4.44332
6.57853
6.57853
4.44332
4.44332
6.57853
6.57853
4.44332
4.44332
6.57853
4.44332
4.44332
6.57853
4.44332
6.57853
4.44332
4.44332
4.44332
6.57853
6.57853
4.44332
4.44332
6.57853
6.57853
4.44332
4.44332
6.57853
4.44332
4.44332
6.57853
6.57853
4.44332
6.57853
6.57853
6.57853
4.44332
6.57853
4.44332
4.44332
4.44332
4.44332
6.57853
6.57853
4.44332
6.57853
6.57853
4.44332
4.44332
6.57853
4.44332
4.44332
4.44332
6.57853
4.44332
4.44332
6.57853
4.44332
4.44332
6.57853
6.57853
4.44332
6.57853
6.57853
4.44332
4.44332
6.57853
6.57853
4.44332
4.44332
6.57853
4.44332
4.44332
6.57853
6.57853
4.44332
4.44332
6.57853
4.44332
4.44332
6.57853
6.57853
4.44332
4.44332
4.44332
6.57853
6.57853
6.57853
4.44332
4.44332
6.57853
6.57853
4.44332
4.44332
4.44332
4.44332
4.44332
4.44332
4.44332
4.44332
4.44332
4.44332
4.44332
4.44332
4.44332
4.44332
4.44332
4.44332
4.44332
6.57853
4.44332
6.57853
6.57853
6.57853
4.44332
6.57853
6.57853
6.57853
4.44332
4.44332
4.44332
4.44332
6.57853
4.44332
6.57853
4.44332
4.44332
4.44332
6.57853
4.44332
4.44332
4.44332
6.57853
6.57853
6.57853
6.57853
6.57853
6.57853
6.57853
6.57853
6.57853
6.57853
4.44332
4.44332
4.44332
4.44332
6.57853
4.44332
4.44332
4.44332
4.44332
6.57853
6.57853
6.57853
6.57853
4.44332
6.57853
6.57853
6.57853
6.57853
6.57853
6.57853
6.57853
6.57853
6.57853
6.57853
6.57853
6.57853
4.44332
4.44332
4.44332
4.44332
4.44332
6.57853
4.44332
4.44332
4.44332
4.44332
4.44332
4.44332
4.44332
4.44332
4.44332
4.44332
4.44332
4.44332
4.44332
4.44332
6.57853
4.44332
6.57853
4.44332
6.57853
4.44332
6.57853
4.44332
6.57853
4.44332
6.57853
4.44332
6.57853
4.44332
4.44332
4.44332
6.57853
4.44332
6.57853
4.44332
6.57853
4.44332
6.57853
4.44332
4.44332
6.57853
4.44332
4.44332
6.57853
4.44332
6.57853
4.44332
6.57853
4.44332
6.57853
4.44332
4.44332
4.44332
6.57853
4.44332
6.57853
4.44332
6.57853
6.57853
4.44332
6.57853
4.44332
4.44332
4.44332
6.57853
4.44332
6.57853
4.44332
6.57853
4.44332
4.44332
4.44332
6.57853
4.44332
6.57853
4.44332
6.57853
4.44332
6.57853
6.57853
6.57853
4.44332
6.57853
6.57853
4.44332
6.57853
4.44332
6.57853
6.57853
6.57853
4.44332
6.57853
4.44332
6.57853
4.44332
6.57853
6.57853
6.57853
4.44332
6.57853
4.44332
6.57853
4.44332
6.57853
6.57853
6.57853
6.57853
6.57853
6.57853
4.44332
6.57853
4.44332
6.57853
6.57853
6.57853
4.44332
6.57853
4.44332
6.57853
4.44332
6.57853
4.44332
4.44332
4.44332
6.57853
4.44332
6.57853
6.57853
4.44332
6.57853
4.44332
6.57853
4.44332
4.44332
4.44332
6.57853
4.44332
6.57853
4.44332
6.57853
4.44332
6.57853
6.57853
6.57853
4.44332
6.57853
4.44332
6.57853
4.44332
6.57853
4.44332
4.44332
4.44332
6.57853
4.44332
6.57853
4.44332
6.57853
4.44332
4.44332
4.44332
6.57853
4.44332
6.57853
6.57853
4.44332
6.57853
4.44332
6.57853
6.57853
6.57853
4.44332
6.57853
4.44332
6.57853
4.44332
6.57853
4.44332
4.44332
4.44332
6.57853
4.44332
6.57853
4.44332
6.57853
4.44332
4.44332
4.44332
6.57853
4.44332
6.57853
4.44332
6.57853
4.44332
6.57853
6.57853
6.57853
4.44332
6.57853
6.57853
6.57853
6.57853
4.44332
6.57853
4.44332
6.57853
4.44332
6.57853
6.57853
6.57853
4.44332
6.57853
6.57853
6.57853
4.44332
6.57853
4.44332
6.57853
4.44332
6.57853
6.57853
6.57853
6.57853
6.57853
6.57853
6.57853
6.57853
6.57853
6.57853
6.57853
6.57853
6.57853
6.57853
6.57853
6.57853
4.44332
4.44332
4.44332
6.57853
6.57853
6.57853
6.57853
6.57853
6.57853
4.44332
4.44332
4.44332
4.44332
4.44332
4.44332
4.44332
4.44332
4.44332
6.57853
6.57853
6.57853
6.57853
6.57853
6.57853
6.57853
6.57853
6.57853
4.44332
4.44332
6.57853
6.57853
6.57853
6.57853
4.44332
4.44332
4.44332
4.44332
4.44332
4.44332
4.44332
4.44332
4.44332
6.57853
6.57853
6.57853
6.57853
6.57853
6.57853
6.57853
6.57853
6.57853
6.57853
4.44332
4.44332
4.44332
4.44332
4.44332
4.44332
4.44332
6.57853
4.44332
6.57853
6.57853
6.57853
6.57853
4.44332
4.44332
6.57853
6.57853
4.44332
6.57853
4.44332
6.57853
4.44332
6.57853
6.57853
6.57853
6.57853
6.57853
6.57853
6.57853
6.57853
6.57853
6.57853
4.44332
4.44332
4.44332
4.44332
4.44332
4.44332
4.44332
4.44332
4.44332
6.57853
6.57853
6.57853
6.57853
6.57853
6.57853
6.57853
6.57853
4.44332
4.44332
4.44332
4.44332
6.57853
6.57853
6.57853
6.57853
6.57853
4.44332
4.44332
4.44332
4.44332
4.44332
4.44332
4.44332
6.57853
6.57853
6.57853
6.57853
4.44332
4.44332
6.57853
4.44332
4.44332
6.57853
6.57853
4.44332
6.57853
4.44332
6.57853
4.44332
4.44332
4.44332
6.57853
6.57853
4.44332
4.44332
4.44332
4.44332
4.44332
6.57853
6.57853
6.57853
6.57853
6.57853
6.57853
6.57853
6.57853
4.44332
6.57853
6.57853
6.57853
6.57853
6.57853
6.57853
6.57853
6.57853
4.44332
4.44332
4.44332
4.44332
4.44332
4.44332
4.44332
4.44332
4.44332
6.57853
6.57853
6.57853
6.57853
6.57853
6.57853
6.57853
6.57853
6.57853
6.57853
4.44332
6.57853
6.57853
6.57853
6.57853
4.44332
4.44332
4.44332
4.44332
4.44332
4.44332
4.44332
4.44332
4.44332
6.57853
6.57853
6.57853
6.57853
6.57853
6.57853
6.57853
6.57853
6.57853
6.57853
4.44332
4.44332
4.44332
4.44332
4.44332
4.44332
4.44332
6.57853
6.57853
6.57853
6.57853
6.57853
6.57853
6.57853
6.57853
6.57853
4.44332
6.57853
6.57853
4.44332
4.44332
4.44332
4.44332
6.57853
6.57853
6.57853
6.57853
6.57853
6.57853
6.57853
6.57853
6.57853
4.44332
4.44332
4.44332
4.44332
4.44332
4.44332
4.44332
4.44332
4.44332
4.44332
6.57853
6.57853
6.57853
4.44332
6.57853
6.57853
6.57853
4.44332
6.57853
6.57853
6.57853
6.57853
6.57853
6.57853
4.44332
4.44332
4.44332
4.44332
4.44332
4.44332
4.44332
6.57853
6.57853
4.44332
4.44332
4.44332
4.44332
4.44332
4.44332
4.44332
4.44332
4.44332
6.57853
6.57853
6.57853
6.57853
6.57853
6.57853
6.57853
6.57853
4.44332
4.44332
4.44332
4.44332
4.44332
4.44332
6.57853
4.44332
6.57853
4.44332
6.57853
6.57853
6.57853
4.44332
6.57853
6.57853
6.57853
4.44332
6.57853
4.44332
4.44332
4.44332
6.57853
4.44332
4.44332
4.44332
6.57853
4.44332
6.57853
6.57853
6.57853
4.44332
6.57853
6.57853
6.57853
6.57853
4.44332
6.57853
6.57853
6.57853
4.44332
6.57853
4.44332
4.44332
4.44332
6.57853
4.44332
4.44332
4.44332
6.57853
4.44332
6.57853
6.57853
6.57853
4.44332
6.57853
6.57853
6.57853
4.44332
6.57853
6.57853
6.57853
6.57853
4.44332
6.57853
6.57853
6.57853
4.44332
6.57853
4.44332
4.44332
4.44332
6.57853
4.44332
4.44332
4.44332
6.57853
4.44332
6.57853
6.57853
6.57853
4.44332
6.57853
6.57853
4.44332
4.44332
6.57853
4.44332
4.44332
4.44332
6.57853
4.44332
6.57853
6.57853
6.57853
4.44332
6.57853
6.57853
6.57853
4.44332
6.57853
4.44332
6.57853
6.57853
6.57853
4.44332
6.57853
6.57853
6.57853
4.44332
6.57853
4.44332
4.44332
4.44332
6.57853
4.44332
4.44332
4.44332
4.44332
4.44332
4.44332
4.44332
4.44332
4.44332
4.44332
4.44332
4.44332
4.44332
4.44332
4.44332
6.57853
4.44332
6.57853
6.57853
6.57853
6.57853
4.44332
6.57853
6.57853
6.57853
6.57853
6.57853
6.57853
6.57853
6.57853
6.57853
4.44332
4.44332
4.44332
4.44332
4.44332
4.44332
4.44332
4.44332
4.44332
4.44332
6.57853
6.57853
6.57853
6.57853
6.57853
6.57853
6.57853
4.44332
6.57853
4.44332
4.44332
4.44332
4.44332
4.44332
4.44332
4.44332
6.57853
4.44332
6.57853
6.57853
6.57853
6.57853
6.57853
6.57853
4.44332
4.44332
4.44332
4.44332
4.44332
4.44332
4.44332
6.57853
6.57853
6.57853
4.44332
4.44332
4.44332
4.44332
4.44332
4.44332
4.44332
6.57853
6.57853
6.57853
6.57853
6.57853
6.57853
6.57853
6.57853
6.57853
4.44332
4.44332
4.44332
4.44332
4.44332
4.44332
4.44332
6.57853
4.44332
6.57853
6.57853
4.44332
4.44332
4.44332
4.44332
4.44332
6.57853
4.44332
6.57853
6.57853
6.57853
6.57853
6.57853
4.44332
4.44332
4.44332
4.44332
4.44332
4.44332
4.44332
4.44332
4.44332
6.57853
4.44332
6.57853
4.44332
6.57853
4.44332
6.57853
4.44332
6.57853
4.44332
6.57853
6.57853
6.57853
4.44332
4.44332
6.57853
6.57853
4.44332
6.57853
6.57853
6.57853
4.44332
4.44332
6.57853
6.57853
4.44332
6.57853
4.44332
4.44332
4.44332
6.57853
6.57853
6.57853
6.57853
6.57853
6.57853
6.57853
6.57853
6.57853
6.57853
6.57853
6.57853
6.57853
6.57853
4.44332
6.57853
4.44332
6.57853
4.44332
6.57853
4.44332
6.57853
4.44332
6.57853
4.44332
6.57853
4.44332
6.57853
6.57853
6.57853
4.44332
6.57853
4.44332
6.57853
4.44332
6.57853
4.44332
6.57853
4.44332
6.57853
4.44332
4.44332
6.57853
4.44332
6.57853
4.44332
6.57853
4.44332
6.57853
4.44332
6.57853
4.44332
6.57853
6.57853
6.57853
4.44332
6.57853
4.44332
6.57853
4.44332
6.57853
4.44332
6.57853
4.44332
6.57853
4.44332
6.57853
4.44332
6.57853
4.44332
6.57853
4.44332
6.57853
4.44332
4.44332
4.44332
6.57853
6.57853
6.57853
6.57853
4.44332
6.57853
4.44332
6.57853
4.44332
6.57853
6.57853
6.57853
4.44332
6.57853
4.44332
6.57853
4.44332
6.57853
4.44332
6.57853
4.44332
6.57853
6.57853
4.44332
4.44332
6.57853
4.44332
6.57853
4.44332
6.57853
4.44332
6.57853
4.44332
6.57853
4.44332
6.57853
4.44332
6.57853
4.44332
6.57853
4.44332
6.57853
4.44332
6.57853
4.44332
6.57853
4.44332
4.44332
4.44332
6.57853
4.44332
6.57853
4.44332
6.57853
4.44332
6.57853
4.44332
6.57853
4.44332
6.57853
4.44332
6.57853
4.44332
6.57853
4.44332
6.57853
4.44332
6.57853
4.44332
6.57853
6.57853
4.44332
6.57853
4.44332
6.57853
4.44332
6.57853
4.44332
6.57853
4.44332
6.57853
4.44332
6.57853
4.44332
6.57853
4.44332
6.57853
4.44332
6.57853
6.57853
6.57853
4.44332
6.57853
4.44332
6.57853
6.57853
4.44332
6.57853
4.44332
6.57853
4.44332
6.57853
4.44332
6.57853
4.44332
6.57853
4.44332
6.57853
4.44332
6.57853
4.44332
6.57853
4.44332
6.57853
4.44332
6.57853
4.44332
6.57853
4.44332
6.57853
4.44332
6.57853
4.44332
6.57853
4.44332
6.57853
4.44332
6.57853
4.44332
6.57853
4.44332
6.57853
4.44332
6.57853
4.44332
6.57853
4.44332
6.57853
6.57853
4.44332
6.57853
4.44332
6.57853
4.44332
6.57853
4.44332
6.57853
4.44332
6.57853
4.44332
6.57853
4.44332
6.57853
4.44332
6.57853
4.44332
6.57853
4.44332
6.57853
4.44332
6.57853
4.44332
6.57853
4.44332
6.57853
4.44332
6.57853
4.44332
6.57853
4.44332
6.57853
4.44332
4.44332
4.44332
6.57853
4.44332
6.57853
6.57853
4.44332
6.57853
4.44332
6.57853
4.44332
6.57853
4.44332
6.57853
4.44332
6.57853
4.44332
6.57853
4.44332
6.57853
4.44332
6.57853
4.44332
6.57853
4.44332
6.57853
4.44332
6.57853
4.44332
6.57853
4.44332
6.57853
4.44332
6.57853
4.44332
6.57853
4.44332
6.57853
4.44332
6.57853
6.57853
4.44332
6.57853
4.44332
6.57853
4.44332
6.57853
4.44332
6.57853
4.44332
6.57853
4.44332
6.57853
4.44332
6.57853
4.44332
6.57853
4.44332
6.57853
4.44332
6.57853
4.44332
6.57853
4.44332
6.57853
4.44332
6.57853
4.44332
6.57853
4.44332
6.57853
4.44332
6.57853
4.44332
6.57853
6.57853
4.44332
6.57853
4.44332
6.57853
4.44332
6.57853
4.44332
6.57853
4.44332
6.57853
4.44332
6.57853
4.44332
6.57853
4.44332
6.57853
4.44332
6.57853
4.44332
6.57853
4.44332
6.57853
4.44332
6.57853
4.44332
4.44332
4.44332
4.44332
4.44332
6.57853
4.44332
6.57853
6.57853
6.57853
6.57853
4.44332
6.57853
4.44332
4.44332
4.44332
6.57853
4.44332
6.57853
4.44332
6.57853
4.44332
4.44332
4.44332
6.57853
4.44332
6.57853
4.44332
6.57853
4.44332
6.57853
4.44332
6.57853
4.44332
4.44332
6.57853
4.44332
6.57853
4.44332
4.44332
4.44332
6.57853
4.44332
6.57853
4.44332
6.57853
4.44332
6.57853
6.57853
6.57853
4.44332
6.57853
4.44332
4.44332
4.44332
6.57853
4.44332
6.57853
4.44332
6.57853
6.57853
4.44332
4.44332
6.57853
6.57853
6.57853
6.57853
4.44332
6.57853
4.44332
6.57853
4.44332
6.57853
4.44332
4.44332
4.44332
6.57853
4.44332
6.57853
6.57853
6.57853
4.44332
6.57853
4.44332
6.57853
4.44332
6.57853
6.57853
6.57853
4.44332
6.57853
6.57853
6.57853
4.44332
6.57853
4.44332
6.57853
4.44332
6.57853
6.57853
6.57853
4.44332
6.57853
4.44332
4.44332
4.44332
6.57853
4.44332
6.57853
4.44332
6.57853
4.44332
6.57853
6.57853
6.57853
4.44332
6.57853
4.44332
6.57853
4.44332
6.57853
4.44332
4.44332
4.44332
6.57853
4.44332
6.57853
4.44332
6.57853
4.44332
6.57853
4.44332
6.57853
4.44332
4.44332
6.57853
4.44332
6.57853
4.44332
4.44332
4.44332
6.57853
4.44332
6.57853
4.44332
6.57853
4.44332
6.57853
4.44332
6.57853
4.44332
4.44332
4.44332
6.57853
4.44332
6.57853
6.57853
6.57853
4.44332
6.57853
6.57853
6.57853
6.57853
4.44332
6.57853
4.44332
6.57853
4.44332
4.44332
4.44332
4.44332
4.44332
4.44332
4.44332
4.44332
4.44332
6.57853
4.44332
6.57853
6.57853
4.44332
6.57853
4.44332
6.57853
4.44332
6.57853
4.44332
6.57853
4.44332
6.57853
4.44332
6.57853
4.44332
6.57853
4.44332
6.57853
4.44332
6.57853
6.57853
4.44332
6.57853
4.44332
6.57853
4.44332
6.57853
4.44332
4.44332
4.44332
6.57853
4.44332
6.57853
4.44332
6.57853
4.44332
6.57853
4.44332
6.57853
4.44332
6.57853
4.44332
6.57853
4.44332
6.57853
6.57853
6.57853
4.44332
6.57853
6.57853
4.44332
6.57853
4.44332
4.44332
4.44332
6.57853
4.44332
6.57853
4.44332
6.57853
4.44332
6.57853
4.44332
6.57853
4.44332
6.57853
4.44332
6.57853
4.44332
6.57853
6.57853
6.57853
4.44332
6.57853
4.44332
6.57853
4.44332
6.57853
4.44332
6.57853
6.57853
4.44332
6.57853
6.57853
6.57853
4.44332
6.57853
4.44332
6.57853
4.44332
6.57853
4.44332
6.57853
4.44332
6.57853
4.44332
6.57853
4.44332
6.57853
4.44332
6.57853
4.44332
6.57853
4.44332
6.57853
4.44332
6.57853
4.44332
6.57853
4.44332
6.57853
6.57853
4.44332
6.57853
4.44332
6.57853
4.44332
6.57853
4.44332
6.57853
4.44332
6.57853
4.44332
6.57853
4.44332
6.57853
4.44332
6.57853
4.44332
6.57853
4.44332
6.57853
4.44332
6.57853
4.44332
6.57853
4.44332
6.57853
4.44332
6.57853
4.44332
6.57853
4.44332
6.57853
4.44332
6.57853
4.44332
6.57853
4.44332
6.57853
4.44332
6.57853
4.44332
6.57853
4.44332
6.57853
4.44332
6.57853
4.44332
6.57853
4.44332
6.57853
4.44332
6.57853
4.44332
6.57853
4.44332
6.57853
4.44332
6.57853
4.44332
6.57853
4.44332
6.57853
4.44332
6.57853
4.44332
6.57853
4.44332
6.57853
4.44332
6.57853
4.44332
6.57853
4.44332
6.57853
4.44332
6.57853
4.44332
6.57853
4.44332
6.57853
4.44332
6.57853
4.44332
4.44332
4.44332
6.57853
4.44332
6.57853
4.44332
6.57853
4.44332
4.44332
6.57853
6.57853
4.44332
6.57853
4.44332
6.57853
4.44332
6.57853
4.44332
6.57853
4.44332
6.57853
6.57853
4.44332
6.57853
4.44332
6.57853
4.44332
6.57853
4.44332
6.57853
4.44332
6.57853
4.44332
6.57853
4.44332
6.57853
4.44332
6.57853
4.44332
6.57853
4.44332
6.57853
4.44332
6.57853
4.44332
6.57853
4.44332
6.57853
4.44332
6.57853
4.44332
6.57853
4.44332
6.57853
4.44332
6.57853
4.44332
6.57853
6.57853
4.44332
6.57853
4.44332
6.57853
4.44332
6.57853
4.44332
6.57853
6.57853
6.57853
4.44332
6.57853
4.44332
6.57853
4.44332
6.57853
6.57853
6.57853
4.44332
6.57853
4.44332
6.57853
4.44332
6.57853
6.57853
6.57853
4.44332
6.57853
4.44332
6.57853
4.44332
6.57853
4.44332
6.57853
4.44332
6.57853
6.57853
4.44332
6.57853
4.44332
6.57853
4.44332
6.57853
4.44332
6.57853
4.44332
4.44332
4.44332
6.57853
4.44332
4.44332
4.44332
6.57853
4.44332
6.57853
4.44332
6.57853
4.44332
6.57853
4.44332
4.44332
4.44332
6.57853
6.57853
4.44332
4.44332
6.57853
4.44332
4.44332
6.57853
6.57853
4.44332
4.44332
6.57853
4.44332
4.44332
6.57853
6.57853
4.44332
4.44332
6.57853
6.57853
4.44332
6.57853
4.44332
4.44332
4.44332
6.57853
4.44332
6.57853
6.57853
4.44332
6.57853
6.57853
4.44332
4.44332
6.57853
6.57853
4.44332
6.57853
6.57853
4.44332
4.44332
6.57853
6.57853
6.57853
4.44332
4.44332
6.57853
4.44332
4.44332
6.57853
6.57853
4.44332
4.44332
6.57853
4.44332
6.57853
6.57853
6.57853
4.44332
6.57853
6.57853
6.57853
4.44332
6.57853
6.57853
4.44332
6.57853
4.44332
4.44332
4.44332
6.57853
4.44332
6.57853
6.57853
6.57853
4.44332
4.44332
6.57853
6.57853
4.44332
6.57853
6.57853
4.44332
4.44332
6.57853
6.57853
6.57853
6.57853
4.44332
4.44332
6.57853
6.57853
6.57853
4.44332
6.57853
4.44332
4.44332
6.57853
4.44332
6.57853
6.57853
4.44332
4.44332
6.57853
4.44332
4.44332
6.57853
6.57853
4.44332
4.44332
6.57853
6.57853
4.44332
6.57853
6.57853
4.44332
4.44332
6.57853
6.57853
4.44332
4.44332
6.57853
4.44332
4.44332
6.57853
6.57853
4.44332
4.44332
6.57853
4.44332
4.44332
4.44332
4.44332
4.44332
4.44332
6.57853
4.44332
6.57853
4.44332
4.44332
4.44332
6.57853
6.57853
4.44332
6.57853
4.44332
4.44332
4.44332
4.44332
6.57853
6.57853
4.44332
4.44332
6.57853
6.57853
6.57853
4.44332
4.44332
6.57853
6.57853
4.44332
4.44332
6.57853
4.44332
4.44332
6.57853
6.57853
4.44332
4.44332
6.57853
6.57853
4.44332
6.57853
6.57853
4.44332
4.44332
6.57853
4.44332
4.44332
4.44332
4.44332
4.44332
4.44332
4.44332
4.44332
4.44332
4.44332
4.44332
4.44332
4.44332
6.57853
4.44332
6.57853
6.57853
6.57853
6.57853
6.57853
4.44332
4.44332
4.44332
6.57853
6.57853
6.57853
6.57853
6.57853
4.44332
6.57853
6.57853
6.57853
4.44332
6.57853
6.57853
6.57853
6.57853
6.57853
6.57853
6.57853
6.57853
6.57853
6.57853
6.57853
6.57853
6.57853
6.57853
4.44332
6.57853
6.57853
4.44332
4.44332
4.44332
4.44332
4.44332
4.44332
4.44332
6.57853
6.57853
4.44332
4.44332
6.57853
6.57853
4.44332
4.44332
4.44332
4.44332
6.57853
6.57853
6.57853
6.57853
6.57853
6.57853
6.57853
6.57853
6.57853
4.44332
4.44332
4.44332
4.44332
4.44332
4.44332
4.44332
4.44332
4.44332
6.57853
6.57853
6.57853
6.57853
6.57853
4.44332
4.44332
4.44332
6.57853
4.44332
6.57853
6.57853
6.57853
6.57853
6.57853
6.57853
6.57853
4.44332
4.44332
4.44332
4.44332
4.44332
4.44332
4.44332
6.57853
6.57853
6.57853
6.57853
4.44332
4.44332
4.44332
4.44332
6.57853
6.57853
6.57853
6.57853
6.57853
6.57853
6.57853
6.57853
6.57853
4.44332
4.44332
4.44332
4.44332
4.44332
4.44332
4.44332
4.44332
4.44332
4.44332
4.44332
4.44332
4.44332
4.44332
4.44332
4.44332
4.44332
4.44332
4.44332
4.44332
4.44332
6.57853
4.44332
4.44332
4.44332
4.44332
4.44332
4.44332
6.57853
4.44332
4.44332
4.44332
4.44332
4.44332
4.44332
4.44332
4.44332
6.57853
6.57853
6.57853
6.57853
6.57853
6.57853
6.57853
6.57853
6.57853
6.57853
6.57853
6.57853
6.57853
6.57853
6.57853
6.57853
6.57853
6.57853
6.57853
6.57853
4.44332
6.57853
4.44332
6.57853
4.44332
6.57853
4.44332
6.57853
4.44332
6.57853
4.44332
6.57853
4.44332
6.57853
4.44332
6.57853
4.44332
6.57853
4.44332
6.57853
4.44332
6.57853
6.57853
4.44332
6.57853
4.44332
6.57853
4.44332
6.57853
4.44332
6.57853
6.57853
6.57853
6.57853
6.57853
6.57853
6.57853
6.57853
6.57853
6.57853
6.57853
4.44332
6.57853
4.44332
4.44332
6.57853
4.44332
4.44332
4.44332
4.44332
4.44332
4.44332
6.57853
6.57853
4.44332
6.57853
4.44332
4.44332
6.57853
6.57853
4.44332
4.44332
6.57853
4.44332
6.57853
6.57853
4.44332
4.44332
6.57853
4.44332
4.44332
6.57853
4.44332
6.57853
6.57853
6.57853
6.57853
6.57853
4.44332
4.44332
4.44332
4.44332
4.44332
6.57853
4.44332
6.57853
6.57853
6.57853
6.57853
6.57853
4.44332
6.57853
4.44332
6.57853
6.57853
4.44332
4.44332
6.57853
4.44332
6.57853
6.57853
6.57853
4.44332
4.44332
6.57853
4.44332
6.57853
6.57853
4.44332
4.44332
6.57853
6.57853
4.44332
6.57853
6.57853
6.57853
6.57853
4.44332
4.44332
4.44332
4.44332
4.44332
6.57853
4.44332
6.57853
6.57853
4.44332
6.57853
6.57853
4.44332
4.44332
4.44332
4.44332
4.44332
6.57853
4.44332
6.57853
4.44332
6.57853
4.44332
4.44332
6.57853
6.57853
6.57853
4.44332
4.44332
6.57853
4.44332
6.57853
6.57853
4.44332
6.57853
6.57853
4.44332
4.44332
6.57853
4.44332
4.44332
6.57853
4.44332
4.44332
6.57853
4.44332
6.57853
6.57853
6.57853
4.44332
4.44332
6.57853
6.57853
4.44332
6.57853
6.57853
6.57853
6.57853
4.44332
4.44332
6.57853
4.44332
4.44332
6.57853
4.44332
6.57853
6.57853
6.57853
4.44332
4.44332
6.57853
4.44332
4.44332
6.57853
4.44332
4.44332
6.57853
6.57853
4.44332
6.57853
6.57853
6.57853
6.57853
6.57853
6.57853
4.44332
6.57853
6.57853
4.44332
6.57853
6.57853
4.44332
6.57853
6.57853
4.44332
4.44332
4.44332
4.44332
6.57853
4.44332
6.57853
6.57853
4.44332
6.57853
6.57853
4.44332
4.44332
6.57853
4.44332
4.44332
6.57853
6.57853
4.44332
6.57853
4.44332
6.57853
6.57853
4.44332
4.44332
4.44332
6.57853
4.44332
6.57853
6.57853
6.57853
4.44332
6.57853
4.44332
4.44332
6.57853
4.44332
6.57853
6.57853
6.57853
4.44332
6.57853
6.57853
6.57853
6.57853
6.57853
6.57853
6.57853
6.57853
6.57853
4.44332
4.44332
4.44332
6.57853
4.44332
4.44332
6.57853
6.57853
6.57853
6.57853
6.57853
4.44332
6.57853
4.44332
4.44332
6.57853
6.57853
6.57853
4.44332
6.57853
6.57853
6.57853
6.57853
6.57853
6.57853
6.57853
4.44332
6.57853
4.44332
4.44332
6.57853
6.57853
6.57853
4.44332
6.57853
6.57853
4.44332
4.44332
4.44332
4.44332
4.44332
4.44332
6.57853
6.57853
6.57853
4.44332
6.57853
6.57853
4.44332
4.44332
4.44332
6.57853
4.44332
6.57853
6.57853
6.57853
6.57853
4.44332
4.44332
4.44332
6.57853
4.44332
6.57853
6.57853
6.57853
4.44332
6.57853
6.57853
6.57853
4.44332
4.44332
6.57853
6.57853
6.57853
6.57853
6.57853
6.57853
4.44332
6.57853
6.57853
4.44332
4.44332
4.44332
6.57853
4.44332
6.57853
4.44332
6.57853
6.57853
4.44332
4.44332
4.44332
6.57853
4.44332
4.44332
6.57853
6.57853
4.44332
6.57853
6.57853
6.57853
4.44332
6.57853
4.44332
4.44332
6.57853
6.57853
6.57853
6.57853
6.57853
4.44332
6.57853
4.44332
4.44332
4.44332
4.44332
4.44332
4.44332
4.44332
4.44332
4.44332
6.57853
4.44332
4.44332
6.57853
4.44332
4.44332
6.57853
6.57853
6.57853
6.57853
6.57853
6.57853
4.44332
6.57853
6.57853
4.44332
6.57853
6.57853
4.44332
4.44332
4.44332
6.57853
6.57853
6.57853
4.44332
6.57853
6.57853
4.44332
4.44332
4.44332
6.57853
4.44332
6.57853
6.57853
6.57853
6.57853
6.57853
6.57853
6.57853
4.44332
6.57853
4.44332
4.44332
4.44332
4.44332
4.44332
4.44332
4.44332
6.57853
6.57853
6.57853
6.57853
6.57853
6.57853
4.44332
6.57853
6.57853
4.44332
6.57853
6.57853
4.44332
4.44332
4.44332
4.44332
4.44332
6.57853
6.57853
6.57853
4.44332
6.57853
6.57853
6.57853
4.44332
6.57853
6.57853
6.57853
6.57853
4.44332
4.44332
4.44332
6.57853
4.44332
6.57853
6.57853
6.57853
6.57853
6.57853
6.57853
6.57853
4.44332
6.57853
4.44332
4.44332
4.44332
6.57853
4.44332
4.44332
4.44332
4.44332
4.44332
6.57853
6.57853
6.57853
4.44332
6.57853
4.44332
6.57853
6.57853
4.44332
6.57853
6.57853
6.57853
4.44332
6.57853
6.57853
4.44332
4.44332
4.44332
4.44332
4.44332
4.44332
6.57853
6.57853
6.57853
4.44332
6.57853
6.57853
4.44332
4.44332
4.44332
6.57853
4.44332
6.57853
4.44332
4.44332
6.57853
4.44332
4.44332
4.44332
6.57853
4.44332
6.57853
6.57853
6.57853
4.44332
6.57853
6.57853
6.57853
6.57853
6.57853
4.44332
6.57853
4.44332
4.44332
6.57853
6.57853
4.44332
6.57853
6.57853
4.44332
4.44332
4.44332
4.44332
4.44332
4.44332
6.57853
6.57853
6.57853
6.57853
6.57853
6.57853
4.44332
4.44332
4.44332
6.57853
4.44332
4.44332
6.57853
6.57853
6.57853
4.44332
6.57853
4.44332
4.44332
4.44332
4.44332
4.44332
4.44332
4.44332
6.57853
6.57853
4.44332
4.44332
4.44332
4.44332
4.44332
4.44332
4.44332
4.44332
4.44332
6.57853
6.57853
6.57853
6.57853
6.57853
6.57853
4.44332
6.57853
6.57853
4.44332
4.44332
4.44332
6.57853
6.57853
6.57853
4.44332
4.44332
6.57853
4.44332
4.44332
4.44332
4.44332
4.44332
4.44332
6.57853
4.44332
4.44332
6.57853
6.57853
6.57853
6.57853
4.44332
6.57853
6.57853
6.57853
6.57853
6.57853
6.57853
6.57853
4.44332
6.57853
4.44332
6.57853
6.57853
6.57853
6.57853
6.57853
4.44332
6.57853
6.57853
4.44332
4.44332
4.44332
4.44332
4.44332
4.44332
6.57853
6.57853
6.57853
4.44332
4.44332
6.57853
6.57853
4.44332
4.44332
6.57853
4.44332
4.44332
6.57853
6.57853
6.57853
6.57853
4.44332
4.44332
6.57853
4.44332
4.44332
6.57853
6.57853
6.57853
4.44332
6.57853
4.44332
4.44332
4.44332
6.57853
4.44332
4.44332
4.44332
6.57853
4.44332
6.57853
6.57853
6.57853
6.57853
4.44332
4.44332
4.44332
4.44332
4.44332
6.57853
6.57853
6.57853
4.44332
6.57853
6.57853
4.44332
6.57853
6.57853
4.44332
4.44332
4.44332
6.57853
6.57853
6.57853
4.44332
4.44332
6.57853
4.44332
4.44332
6.57853
6.57853
4.44332
6.57853
4.44332
4.44332
6.57853
4.44332
4.44332
4.44332
6.57853
4.44332
4.44332
4.44332
4.44332
4.44332
4.44332
4.44332
4.44332
4.44332
4.44332
4.44332
6.57853
4.44332
4.44332
4.44332
4.44332
4.44332
6.57853
4.44332
4.44332
6.57853
6.57853
6.57853
6.57853
6.57853
4.44332
6.57853
4.44332
4.44332
6.57853
6.57853
6.57853
4.44332
6.57853
6.57853
6.57853
6.57853
6.57853
6.57853
6.57853
4.44332
6.57853
4.44332
4.44332
6.57853
6.57853
6.57853
6.57853
6.57853
6.57853
4.44332
6.57853
6.57853
4.44332
4.44332
4.44332
4.44332
4.44332
6.57853
4.44332
4.44332
6.57853
4.44332
4.44332
4.44332
4.44332
4.44332
4.44332
6.57853
4.44332
4.44332
6.57853
6.57853
6.57853
4.44332
6.57853
6.57853
6.57853
6.57853
4.44332
6.57853
6.57853
4.44332
4.44332
6.57853
4.44332
4.44332
6.57853
6.57853
4.44332
6.57853
6.57853
6.57853
6.57853
4.44332
4.44332
4.44332
4.44332
4.44332
4.44332
6.57853
6.57853
6.57853
6.57853
6.57853
6.57853
6.57853
6.57853
4.44332
6.57853
4.44332
6.57853
6.57853
6.57853
4.44332
6.57853
4.44332
4.44332
4.44332
6.57853
4.44332
4.44332
6.57853
4.44332
6.57853
4.44332
6.57853
4.44332
6.57853
4.44332
4.44332
4.44332
6.57853
4.44332
6.57853
6.57853
6.57853
4.44332
6.57853
4.44332
6.57853
6.57853
4.44332
4.44332
4.44332
6.57853
4.44332
6.57853
4.44332
6.57853
4.44332
6.57853
6.57853
6.57853
4.44332
6.57853
4.44332
4.44332
4.44332
6.57853
4.44332
4.44332
4.44332
6.57853
4.44332
6.57853
4.44332
6.57853
4.44332
6.57853
6.57853
4.44332
6.57853
4.44332
6.57853
4.44332
6.57853
4.44332
6.57853
4.44332
6.57853
4.44332
6.57853
4.44332
6.57853
4.44332
4.44332
4.44332
6.57853
4.44332
6.57853
6.57853
4.44332
6.57853
4.44332
6.57853
4.44332
6.57853
4.44332
6.57853
4.44332
6.57853
4.44332
6.57853
4.44332
6.57853
4.44332
6.57853
4.44332
6.57853
4.44332
6.57853
6.57853
4.44332
6.57853
4.44332
6.57853
4.44332
6.57853
4.44332
6.57853
6.57853
6.57853
4.44332
6.57853
4.44332
6.57853
4.44332
6.57853
6.57853
4.44332
6.57853
4.44332
6.57853
6.57853
6.57853
4.44332
6.57853
4.44332
6.57853
4.44332
6.57853
4.44332
6.57853
6.57853
4.44332
4.44332
4.44332
6.57853
4.44332
6.57853
4.44332
6.57853
4.44332
6.57853
6.57853
6.57853
4.44332
6.57853
4.44332
6.57853
6.57853
4.44332
4.44332
4.44332
6.57853
4.44332
6.57853
6.57853
6.57853
4.44332
6.57853
4.44332
4.44332
4.44332
6.57853
6.57853
4.44332
6.57853
4.44332
6.57853
4.44332
6.57853
4.44332
6.57853
4.44332
6.57853
4.44332
4.44332
4.44332
6.57853
4.44332
6.57853
6.57853
4.44332
6.57853
4.44332
6.57853
4.44332
6.57853
4.44332
6.57853
4.44332
6.57853
4.44332
6.57853
4.44332
6.57853
6.57853
4.44332
6.57853
4.44332
6.57853
4.44332
6.57853
4.44332
4.44332
4.44332
6.57853
4.44332
6.57853
4.44332
6.57853
4.44332
6.57853
4.44332
6.57853
6.57853
6.57853
6.57853
6.57853
6.57853
4.44332
6.57853
6.57853
6.57853
4.44332
6.57853
4.44332
6.57853
4.44332
6.57853
4.44332
6.57853
4.44332
6.57853
6.57853
4.44332
6.57853
4.44332
6.57853
6.57853
6.57853
4.44332
6.57853
4.44332
4.44332
4.44332
6.57853
4.44332
6.57853
4.44332
6.57853
4.44332
6.57853
4.44332
6.57853
6.57853
4.44332
6.57853
4.44332
6.57853
4.44332
6.57853
4.44332
6.57853
4.44332
4.44332
4.44332
6.57853
4.44332
6.57853
6.57853
4.44332
6.57853
6.57853
6.57853
4.44332
6.57853
4.44332
6.57853
6.57853
6.57853
4.44332
6.57853
6.57853
4.44332
6.57853
4.44332
6.57853
4.44332
6.57853
4.44332
6.57853
4.44332
6.57853
4.44332
6.57853
6.57853
4.44332
6.57853
4.44332
6.57853
4.44332
6.57853
4.44332
6.57853
4.44332
6.57853
4.44332
4.44332
6.57853
6.57853
6.57853
4.44332
6.57853
6.57853
6.57853
4.44332
6.57853
6.57853
6.57853
4.44332
6.57853
4.44332
6.57853
4.44332
6.57853
6.57853
6.57853
6.57853
4.44332
6.57853
6.57853
6.57853
4.44332
6.57853
4.44332
6.57853
4.44332
6.57853
6.57853
6.57853
6.57853
4.44332
6.57853
6.57853
6.57853
4.44332
6.57853
4.44332
6.57853
4.44332
6.57853
4.44332
6.57853
4.44332
6.57853
6.57853
4.44332
6.57853
4.44332
6.57853
4.44332
6.57853
4.44332
6.57853
4.44332
6.57853
4.44332
6.57853
6.57853
6.57853
4.44332
6.57853
6.57853
4.44332
6.57853
6.57853
6.57853
4.44332
6.57853
4.44332
4.44332
4.44332
6.57853
4.44332
6.57853
4.44332
6.57853
4.44332
6.57853
4.44332
6.57853
4.44332
4.44332
4.44332
6.57853
4.44332
6.57853
6.57853
4.44332
6.57853
6.57853
4.44332
4.44332
6.57853
4.44332
6.57853
4.44332
6.57853
6.57853
6.57853
4.44332
6.57853
4.44332
4.44332
4.44332
6.57853
4.44332
4.44332
6.57853
4.44332
6.57853
4.44332
6.57853
4.44332
6.57853
4.44332
6.57853
6.57853
6.57853
4.44332
6.57853
4.44332
6.57853
4.44332
6.57853
4.44332
6.57853
4.44332
6.57853
6.57853
6.57853
4.44332
6.57853
6.57853
4.44332
6.57853
4.44332
4.44332
4.44332
6.57853
4.44332
6.57853
6.57853
6.57853
4.44332
6.57853
4.44332
6.57853
4.44332
6.57853
6.57853
6.57853
4.44332
6.57853
4.44332
6.57853
4.44332
6.57853
4.44332
6.57853
4.44332
6.57853
4.44332
6.57853
4.44332
6.57853
4.44332
6.57853
4.44332
6.57853
4.44332
6.57853
4.44332
6.57853
4.44332
6.57853
4.44332
6.57853
4.44332
6.57853
4.44332
6.57853
4.44332
6.57853
4.44332
6.57853
4.44332
6.57853
4.44332
6.57853
6.57853
4.44332
6.57853
6.57853
6.57853
4.44332
6.57853
4.44332
6.57853
4.44332
6.57853
4.44332
4.44332
4.44332
6.57853
4.44332
6.57853
4.44332
6.57853
4.44332
6.57853
4.44332
6.57853
4.44332
4.44332
4.44332
6.57853
4.44332
6.57853
6.57853
6.57853
6.57853
4.44332
6.57853
4.44332
6.57853
4.44332
6.57853
4.44332
6.57853
4.44332
6.57853
4.44332
6.57853
4.44332
6.57853
4.44332
6.57853
4.44332
4.44332
4.44332
6.57853
6.57853
4.44332
6.57853
4.44332
6.57853
4.44332
4.44332
4.44332
4.44332
4.44332
4.44332
4.44332
4.44332
4.44332
4.44332
4.44332
4.44332
4.44332
4.44332
4.44332
4.44332
4.44332
6.57853
4.44332
4.44332
4.44332
4.44332
4.44332
6.57853
4.44332
4.44332
4.44332
6.57853
4.44332
4.44332
6.57853
4.44332
6.57853
4.44332
4.44332
4.44332
6.57853
4.44332
4.44332
4.44332
6.57853
4.44332
6.57853
6.57853
6.57853
4.44332
6.57853
6.57853
6.57853
4.44332
6.57853
4.44332
4.44332
4.44332
6.57853
4.44332
4.44332
6.57853
6.57853
4.44332
6.57853
6.57853
6.57853
4.44332
6.57853
4.44332
4.44332
6.57853
4.44332
6.57853
6.57853
6.57853
4.44332
6.57853
4.44332
4.44332
4.44332
6.57853
4.44332
4.44332
4.44332
6.57853
4.44332
6.57853
6.57853
6.57853
4.44332
6.57853
6.57853
6.57853
4.44332
6.57853
4.44332
6.57853
4.44332
4.44332
4.44332
6.57853
6.57853
4.44332
4.44332
4.44332
6.57853
4.44332
4.44332
4.44332
6.57853
4.44332
6.57853
6.57853
6.57853
4.44332
6.57853
6.57853
6.57853
4.44332
6.57853
4.44332
4.44332
4.44332
6.57853
4.44332
4.44332
6.57853
4.44332
6.57853
4.44332
4.44332
4.44332
6.57853
4.44332
4.44332
6.57853
6.57853
4.44332
6.57853
6.57853
6.57853
4.44332
6.57853
4.44332
4.44332
4.44332
6.57853
4.44332
4.44332
4.44332
6.57853
6.57853
4.44332
4.44332
4.44332
6.57853
4.44332
4.44332
4.44332
6.57853
4.44332
6.57853
6.57853
6.57853
4.44332
6.57853
6.57853
6.57853
4.44332
6.57853
6.57853
6.57853
6.57853
4.44332
6.57853
6.57853
6.57853
4.44332
6.57853
4.44332
4.44332
4.44332
6.57853
4.44332
4.44332
6.57853
6.57853
4.44332
6.57853
6.57853
6.57853
4.44332
6.57853
6.57853
6.57853
6.57853
4.44332
6.57853
6.57853
6.57853
4.44332
6.57853
4.44332
4.44332
4.44332
6.57853
4.44332
4.44332
4.44332
6.57853
6.57853
4.44332
4.44332
4.44332
6.57853
4.44332
4.44332
4.44332
6.57853
4.44332
6.57853
6.57853
6.57853
4.44332
6.57853
6.57853
6.57853
6.57853
4.44332
6.57853
6.57853
6.57853
4.44332
6.57853
6.57853
4.44332
4.44332
6.57853
6.57853
6.57853
6.57853
6.57853
6.57853
6.57853
6.57853
6.57853
6.57853
6.57853
6.57853
6.57853
6.57853
4.44332
6.57853
4.44332
6.57853
6.57853
6.57853
6.57853
6.57853
4.44332
6.57853
6.57853
6.57853
4.44332
6.57853
6.57853
6.57853
6.57853
4.44332
6.57853
6.57853
6.57853
4.44332
6.57853
4.44332
4.44332
4.44332
6.57853
4.44332
4.44332
6.57853
6.57853
4.44332
6.57853
6.57853
6.57853
6.57853
4.44332
6.57853
6.57853
6.57853
4.44332
6.57853
6.57853
6.57853
4.44332
6.57853
4.44332
4.44332
4.44332
6.57853
4.44332
6.57853
6.57853
6.57853
6.57853
4.44332
6.57853
6.57853
6.57853
4.44332
6.57853
6.57853
6.57853
4.44332
6.57853
4.44332
4.44332
4.44332
6.57853
6.57853
6.57853
4.44332
4.44332
6.57853
4.44332
4.44332
4.44332
6.57853
4.44332
6.57853
6.57853
6.57853
4.44332
6.57853
6.57853
4.44332
6.57853
4.44332
6.57853
6.57853
6.57853
4.44332
6.57853
6.57853
6.57853
4.44332
6.57853
4.44332
4.44332
6.57853
4.44332
6.57853
6.57853
6.57853
4.44332
6.57853
4.44332
6.57853
6.57853
6.57853
4.44332
6.57853
6.57853
4.44332
4.44332
4.44332
6.57853
4.44332
4.44332
4.44332
6.57853
4.44332
6.57853
6.57853
4.44332
6.57853
4.44332
4.44332
4.44332
6.57853
4.44332
6.57853
6.57853
6.57853
6.57853
4.44332
4.44332
4.44332
6.57853
4.44332
6.57853
6.57853
6.57853
4.44332
6.57853
6.57853
4.44332
6.57853
6.57853
6.57853
4.44332
4.44332
4.44332
6.57853
4.44332
6.57853
6.57853
6.57853
4.44332
6.57853
6.57853
4.44332
6.57853
4.44332
6.57853
6.57853
6.57853
4.44332
6.57853
6.57853
6.57853
4.44332
6.57853
4.44332
4.44332
6.57853
4.44332
6.57853
6.57853
6.57853
6.57853
6.57853
4.44332
6.57853
6.57853
6.57853
4.44332
6.57853
6.57853
6.57853
6.57853
4.44332
6.57853
6.57853
6.57853
6.57853
6.57853
6.57853
6.57853
6.57853
6.57853
6.57853
6.57853
6.57853
6.57853
6.57853
6.57853
6.57853
4.44332
6.57853
6.57853
4.44332
4.44332
4.44332
4.44332
6.57853
4.44332
6.57853
6.57853
6.57853
4.44332
6.57853
6.57853
6.57853
6.57853
4.44332
6.57853
6.57853
6.57853
6.57853
6.57853
6.57853
6.57853
6.57853
6.57853
6.57853
6.57853
4.44332
6.57853
4.44332
4.44332
4.44332
4.44332
4.44332
4.44332
4.44332
6.57853
6.57853
6.57853
4.44332
4.44332
6.57853
6.57853
6.57853
4.44332
4.44332
4.44332
6.57853
4.44332
4.44332
4.44332
4.44332
4.44332
6.57853
6.57853
6.57853
6.57853
4.44332
4.44332
6.57853
6.57853
4.44332
4.44332
6.57853
6.57853
4.44332
4.44332
6.57853
4.44332
6.57853
4.44332
4.44332
4.44332
6.57853
4.44332
4.44332
6.57853
6.57853
4.44332
6.57853
6.57853
4.44332
6.57853
6.57853
4.44332
6.57853
6.57853
4.44332
4.44332
6.57853
4.44332
6.57853
6.57853
6.57853
6.57853
6.57853
4.44332
4.44332
6.57853
4.44332
6.57853
4.44332
4.44332
4.44332
6.57853
4.44332
4.44332
4.44332
6.57853
6.57853
4.44332
4.44332
4.44332
6.57853
4.44332
4.44332
6.57853
4.44332
6.57853
4.44332
4.44332
4.44332
6.57853
6.57853
4.44332
4.44332
4.44332
6.57853
4.44332
4.44332
4.44332
6.57853
6.57853
4.44332
6.57853
6.57853
6.57853
6.57853
6.57853
6.57853
6.57853
6.57853
6.57853
6.57853
6.57853
6.57853
6.57853
6.57853
6.57853
6.57853
4.44332
6.57853
4.44332
6.57853
4.44332
6.57853
6.57853
4.44332
4.44332
4.44332
6.57853
4.44332
4.44332
6.57853
6.57853
4.44332
6.57853
6.57853
4.44332
6.57853
4.44332
6.57853
6.57853
6.57853
4.44332
6.57853
6.57853
6.57853
6.57853
4.44332
6.57853
6.57853
6.57853
4.44332
6.57853
6.57853
6.57853
4.44332
6.57853
6.57853
6.57853
6.57853
4.44332
6.57853
6.57853
6.57853
6.57853
6.57853
6.57853
6.57853
6.57853
6.57853
6.57853
6.57853
6.57853
6.57853
6.57853
6.57853
6.57853
6.57853
6.57853
6.57853
4.44332
6.57853
6.57853
4.44332
6.57853
6.57853
6.57853
4.44332
4.44332
4.44332
6.57853
4.44332
4.44332
4.44332
4.44332
6.57853
6.57853
4.44332
4.44332
6.57853
4.44332
6.57853
4.44332
4.44332
6.57853
6.57853
6.57853
4.44332
6.57853
6.57853
6.57853
6.57853
6.57853
6.57853
6.57853
6.57853
6.57853
6.57853
6.57853
6.57853
6.57853
4.44332
6.57853
6.57853
6.57853
6.57853
6.57853
6.57853
6.57853
6.57853
4.44332
6.57853
6.57853
4.44332
6.57853
4.44332
4.44332
4.44332
6.57853
4.44332
4.44332
6.57853
6.57853
4.44332
4.44332
6.57853
4.44332
6.57853
4.44332
4.44332
6.57853
6.57853
4.44332
4.44332
6.57853
4.44332
6.57853
6.57853
6.57853
6.57853
6.57853
6.57853
6.57853
6.57853
6.57853
6.57853
6.57853
6.57853
4.44332
6.57853
4.44332
6.57853
6.57853
4.44332
6.57853
6.57853
6.57853
4.44332
4.44332
6.57853
6.57853
4.44332
4.44332
6.57853
6.57853
6.57853
4.44332
4.44332
6.57853
6.57853
4.44332
6.57853
6.57853
4.44332
6.57853
4.44332
4.44332
6.57853
6.57853
4.44332
6.57853
6.57853
4.44332
4.44332
6.57853
6.57853
6.57853
6.57853
4.44332
6.57853
4.44332
4.44332
4.44332
6.57853
6.57853
6.57853
4.44332
4.44332
6.57853
6.57853
4.44332
4.44332
6.57853
6.57853
6.57853
4.44332
4.44332
6.57853
6.57853
4.44332
6.57853
4.44332
4.44332
4.44332
4.44332
6.57853
6.57853
4.44332
4.44332
6.57853
6.57853
6.57853
4.44332
4.44332
6.57853
6.57853
4.44332
4.44332
6.57853
6.57853
4.44332
6.57853
6.57853
6.57853
6.57853
4.44332
4.44332
6.57853
4.44332
4.44332
6.57853
6.57853
6.57853
6.57853
6.57853
6.57853
6.57853
6.57853
6.57853
6.57853
6.57853
6.57853
6.57853
6.57853
6.57853
4.44332
6.57853
6.57853
6.57853
6.57853
6.57853
6.57853
4.44332
4.44332
6.57853
4.44332
4.44332
6.57853
4.44332
6.57853
6.57853
4.44332
4.44332
6.57853
4.44332
4.44332
6.57853
6.57853
4.44332
4.44332
6.57853
6.57853
6.57853
4.44332
6.57853
6.57853
4.44332
4.44332
6.57853
6.57853
4.44332
6.57853
4.44332
6.57853
6.57853
4.44332
4.44332
6.57853
6.57853
4.44332
6.57853
6.57853
6.57853
6.57853
4.44332
4.44332
6.57853
4.44332
4.44332
6.57853
6.57853
6.57853
6.57853
4.44332
4.44332
6.57853
4.44332
4.44332
6.57853
6.57853
6.57853
4.44332
4.44332
4.44332
6.57853
4.44332
6.57853
4.44332
4.44332
6.57853
6.57853
6.57853
6.57853
4.44332
4.44332
4.44332
4.44332
4.44332
4.44332
4.44332
6.57853
6.57853
6.57853
6.57853
6.57853
6.57853
6.57853
6.57853
6.57853
6.57853
6.57853
6.57853
6.57853
6.57853
6.57853
6.57853
6.57853
4.44332
6.57853
6.57853
6.57853
6.57853
6.57853
6.57853
6.57853
6.57853
6.57853
4.44332
4.44332
6.57853
6.57853
6.57853
6.57853
6.57853
4.44332
4.44332
4.44332
4.44332
6.57853
6.57853
4.44332
4.44332
4.44332
4.44332
6.57853
6.57853
6.57853
6.57853
6.57853
6.57853
6.57853
6.57853
6.57853
6.57853
6.57853
6.57853
6.57853
6.57853
6.57853
6.57853
6.57853
6.57853
4.44332
4.44332
4.44332
4.44332
4.44332
6.57853
4.44332
4.44332
4.44332
4.44332
4.44332
4.44332
4.44332
4.44332
6.57853
6.57853
6.57853
6.57853
6.57853
6.57853
6.57853
6.57853
4.44332
4.44332
4.44332
6.57853
6.57853
6.57853
6.57853
4.44332
6.57853
4.44332
6.57853
4.44332
4.44332
4.44332
4.44332
4.44332
4.44332
4.44332
6.57853
6.57853
6.57853
6.57853
6.57853
6.57853
6.57853
6.57853
4.44332
4.44332
4.44332
4.44332
6.57853
6.57853
6.57853
6.57853
6.57853
4.44332
4.44332
4.44332
4.44332
4.44332
4.44332
6.57853
4.44332
4.44332
4.44332
4.44332
4.44332
4.44332
6.57853
6.57853
4.44332
4.44332
6.57853
6.57853
6.57853
6.57853
4.44332
4.44332
4.44332
4.44332
6.57853
6.57853
6.57853
6.57853
4.44332
4.44332
6.57853
6.57853
6.57853
6.57853
6.57853
6.57853
6.57853
6.57853
6.57853
4.44332
6.57853
4.44332
4.44332
4.44332
6.57853
4.44332
4.44332
4.44332
6.57853
6.57853
6.57853
6.57853
4.44332
4.44332
4.44332
4.44332
6.57853
6.57853
6.57853
6.57853
4.44332
4.44332
4.44332
4.44332
4.44332
6.57853
6.57853
6.57853
6.57853
6.57853
6.57853
6.57853
6.57853
4.44332
6.57853
6.57853
6.57853
6.57853
6.57853
6.57853
4.44332
4.44332
4.44332
6.57853
6.57853
6.57853
6.57853
6.57853
6.57853
4.44332
6.57853
6.57853
6.57853
4.44332
6.57853
6.57853
6.57853
6.57853
4.44332
4.44332
4.44332
4.44332
4.44332
4.44332
4.44332
6.57853
6.57853
6.57853
6.57853
6.57853
6.57853
6.57853
6.57853
4.44332
6.57853
6.57853
6.57853
6.57853
6.57853
6.57853
6.57853
6.57853
4.44332
4.44332
6.57853
6.57853
6.57853
6.57853
4.44332
4.44332
4.44332
6.57853
6.57853
6.57853
6.57853
6.57853
6.57853
6.57853
6.57853
4.44332
4.44332
6.57853
6.57853
6.57853
6.57853
6.57853
6.57853
4.44332
6.57853
4.44332
6.57853
6.57853
4.44332
6.57853
4.44332
4.44332
6.57853
6.57853
4.44332
6.57853
6.57853
6.57853
4.44332
6.57853
6.57853
6.57853
6.57853
4.44332
6.57853
6.57853
6.57853
4.44332
6.57853
6.57853
4.44332
4.44332
4.44332
6.57853
6.57853
6.57853
4.44332
6.57853
4.44332
6.57853
6.57853
6.57853
6.57853
4.44332
6.57853
6.57853
6.57853
4.44332
6.57853
4.44332
4.44332
4.44332
4.44332
6.57853
6.57853
4.44332
4.44332
4.44332
4.44332
4.44332
4.44332
4.44332
4.44332
6.57853
6.57853
6.57853
6.57853
6.57853
6.57853
4.44332
6.57853
6.57853
4.44332
4.44332
4.44332
4.44332
4.44332
4.44332
4.44332
4.44332
6.57853
6.57853
6.57853
6.57853
4.44332
4.44332
6.57853
6.57853
6.57853
6.57853
6.57853
6.57853
6.57853
6.57853
6.57853
4.44332
6.57853
6.57853
6.57853
4.44332
6.57853
4.44332
6.57853
4.44332
6.57853
6.57853
4.44332
6.57853
4.44332
6.57853
4.44332
6.57853
4.44332
6.57853
4.44332
4.44332
6.57853
4.44332
6.57853
4.44332
6.57853
4.44332
6.57853
4.44332
6.57853
4.44332
6.57853
6.57853
4.44332
6.57853
4.44332
6.57853
6.57853
6.57853
4.44332
6.57853
4.44332
6.57853
4.44332
6.57853
6.57853
4.44332
6.57853
4.44332
6.57853
4.44332
6.57853
4.44332
6.57853
4.44332
6.57853
6.57853
4.44332
6.57853
4.44332
6.57853
4.44332
4.44332
4.44332
6.57853
4.44332
6.57853
6.57853
4.44332
6.57853
6.57853
6.57853
4.44332
6.57853
4.44332
6.57853
4.44332
6.57853
6.57853
4.44332
6.57853
4.44332
6.57853
4.44332
6.57853
6.57853
4.44332
6.57853
4.44332
6.57853
4.44332
6.57853
4.44332
6.57853
4.44332
4.44332
6.57853
4.44332
6.57853
4.44332
6.57853
4.44332
6.57853
4.44332
6.57853
6.57853
4.44332
6.57853
4.44332
6.57853
4.44332
6.57853
4.44332
6.57853
4.44332
6.57853
6.57853
4.44332
6.57853
4.44332
6.57853
4.44332
4.44332
6.57853
4.44332
6.57853
4.44332
6.57853
4.44332
6.57853
4.44332
6.57853
6.57853
4.44332
6.57853
4.44332
6.57853
4.44332
6.57853
4.44332
6.57853
6.57853
4.44332
6.57853
4.44332
6.57853
4.44332
6.57853
4.44332
6.57853
6.57853
4.44332
6.57853
4.44332
6.57853
4.44332
6.57853
4.44332
6.57853
6.57853
4.44332
6.57853
4.44332
6.57853
4.44332
6.57853
4.44332
6.57853
6.57853
4.44332
6.57853
4.44332
6.57853
4.44332
6.57853
4.44332
6.57853
6.57853
4.44332
6.57853
4.44332
6.57853
4.44332
6.57853
4.44332
6.57853
6.57853
4.44332
6.57853
4.44332
6.57853
4.44332
6.57853
4.44332
6.57853
6.57853
4.44332
6.57853
4.44332
6.57853
4.44332
6.57853
6.57853
4.44332
6.57853
4.44332
6.57853
4.44332
6.57853
6.57853
4.44332
6.57853
4.44332
6.57853
4.44332
6.57853
6.57853
4.44332
6.57853
4.44332
6.57853
4.44332
6.57853
6.57853
4.44332
6.57853
4.44332
6.57853
4.44332
4.44332
4.44332
4.44332
4.44332
4.44332
4.44332
4.44332
4.44332
4.44332
4.44332
4.44332
4.44332
4.44332
4.44332
6.57853
4.44332
6.57853
6.57853
4.44332
6.57853
4.44332
6.57853
4.44332
6.57853
6.57853
4.44332
6.57853
4.44332
6.57853
4.44332
6.57853
6.57853
4.44332
6.57853
4.44332
6.57853
4.44332
6.57853
6.57853
4.44332
6.57853
4.44332
6.57853
4.44332
6.57853
6.57853
4.44332
6.57853
4.44332
6.57853
4.44332
6.57853
6.57853
4.44332
6.57853
4.44332
6.57853
4.44332
6.57853
6.57853
4.44332
6.57853
4.44332
6.57853
4.44332
6.57853
6.57853
4.44332
6.57853
4.44332
6.57853
4.44332
6.57853
6.57853
6.57853
4.44332
4.44332
6.57853
4.44332
6.57853
6.57853
4.44332
6.57853
4.44332
6.57853
6.57853
4.44332
6.57853
4.44332
6.57853
4.44332
6.57853
4.44332
6.57853
6.57853
4.44332
6.57853
4.44332
6.57853
4.44332
6.57853
4.44332
6.57853
6.57853
4.44332
6.57853
4.44332
6.57853
6.57853
4.44332
6.57853
4.44332
6.57853
4.44332
6.57853
4.44332
6.57853
6.57853
4.44332
6.57853
4.44332
6.57853
4.44332
6.57853
4.44332
6.57853
6.57853
4.44332
6.57853
4.44332
6.57853
4.44332
6.57853
4.44332
6.57853
6.57853
4.44332
6.57853
4.44332
6.57853
4.44332
6.57853
6.57853
4.44332
6.57853
6.57853
6.57853
6.57853
6.57853
6.57853
6.57853
6.57853
4.44332
6.57853
4.44332
6.57853
4.44332
4.44332
6.57853
4.44332
6.57853
4.44332
6.57853
4.44332
6.57853
4.44332
6.57853
6.57853
4.44332
6.57853
6.57853
6.57853
4.44332
6.57853
6.57853
4.44332
6.57853
4.44332
6.57853
4.44332
6.57853
6.57853
4.44332
6.57853
4.44332
6.57853
4.44332
4.44332
6.57853
6.57853
6.57853
4.44332
6.57853
6.57853
6.57853
4.44332
6.57853
4.44332
6.57853
6.57853
4.44332
6.57853
4.44332
6.57853
4.44332
6.57853
6.57853
4.44332
6.57853
4.44332
6.57853
4.44332
6.57853
6.57853
4.44332
6.57853
4.44332
6.57853
4.44332
6.57853
6.57853
4.44332
6.57853
4.44332
6.57853
4.44332
6.57853
6.57853
4.44332
6.57853
4.44332
6.57853
4.44332
6.57853
6.57853
4.44332
6.57853
4.44332
6.57853
4.44332
6.57853
4.44332
6.57853
6.57853
4.44332
6.57853
4.44332
6.57853
4.44332
6.57853
6.57853
4.44332
6.57853
4.44332
4.44332
4.44332
6.57853
6.57853
4.44332
6.57853
4.44332
6.57853
4.44332
6.57853
6.57853
4.44332
6.57853
4.44332
6.57853
4.44332
4.44332
6.57853
4.44332
6.57853
4.44332
6.57853
4.44332
6.57853
6.57853
4.44332
6.57853
4.44332
6.57853
4.44332
6.57853
6.57853
4.44332
4.44332
4.44332
6.57853
4.44332
6.57853
4.44332
6.57853
6.57853
4.44332
6.57853
4.44332
6.57853
6.57853
4.44332
6.57853
4.44332
6.57853
4.44332
6.57853
4.44332
6.57853
6.57853
4.44332
6.57853
4.44332
6.57853
4.44332
6.57853
6.57853
4.44332
6.57853
4.44332
6.57853
4.44332
6.57853
6.57853
4.44332
6.57853
4.44332
6.57853
4.44332
6.57853
6.57853
6.57853
6.57853
4.44332
6.57853
4.44332
6.57853
6.57853
6.57853
6.57853
6.57853
6.57853
6.57853
6.57853
6.57853
6.57853
6.57853
6.57853
6.57853
6.57853
6.57853
4.44332
6.57853
6.57853
4.44332
6.57853
4.44332
6.57853
4.44332
6.57853
4.44332
6.57853
6.57853
4.44332
6.57853
4.44332
6.57853
4.44332
6.57853
6.57853
4.44332
6.57853
4.44332
6.57853
4.44332
6.57853
6.57853
4.44332
6.57853
4.44332
4.44332
4.44332
6.57853
6.57853
4.44332
6.57853
4.44332
6.57853
4.44332
4.44332
4.44332
4.44332
6.57853
4.44332
6.57853
4.44332
4.44332
6.57853
4.44332
6.57853
6.57853
6.57853
4.44332
6.57853
6.57853
4.44332
6.57853
4.44332
6.57853
4.44332
6.57853
4.44332
6.57853
6.57853
4.44332
6.57853
4.44332
6.57853
6.57853
4.44332
6.57853
4.44332
6.57853
6.57853
6.57853
6.57853
6.57853
4.44332
4.44332
6.57853
4.44332
4.44332
6.57853
4.44332
6.57853
4.44332
6.57853
6.57853
6.57853
6.57853
4.44332
6.57853
4.44332
6.57853
4.44332
6.57853
4.44332
6.57853
4.44332
6.57853
4.44332
6.57853
6.57853
4.44332
6.57853
4.44332
6.57853
4.44332
6.57853
6.57853
6.57853
6.57853
6.57853
6.57853
4.44332
6.57853
4.44332
6.57853
6.57853
6.57853
4.44332
6.57853
4.44332
6.57853
6.57853
4.44332
4.44332
4.44332
6.57853
4.44332
6.57853
4.44332
6.57853
6.57853
4.44332
6.57853
4.44332
6.57853
4.44332
6.57853
4.44332
6.57853
4.44332
6.57853
6.57853
4.44332
6.57853
4.44332
6.57853
4.44332
6.57853
6.57853
6.57853
4.44332
6.57853
4.44332
6.57853
4.44332
4.44332
6.57853
4.44332
6.57853
4.44332
6.57853
4.44332
6.57853
6.57853
6.57853
6.57853
6.57853
4.44332
6.57853
4.44332
6.57853
4.44332
6.57853
4.44332
6.57853
4.44332
6.57853
6.57853
4.44332
6.57853
4.44332
6.57853
4.44332
6.57853
4.44332
6.57853
4.44332
6.57853
4.44332
6.57853
4.44332
6.57853
6.57853
4.44332
6.57853
4.44332
6.57853
4.44332
6.57853
4.44332
6.57853
6.57853
4.44332
6.57853
4.44332
6.57853
4.44332
6.57853
6.57853
4.44332
6.57853
4.44332
6.57853
4.44332
6.57853
6.57853
4.44332
6.57853
6.57853
6.57853
6.57853
6.57853
6.57853
6.57853
6.57853
6.57853
6.57853
6.57853
6.57853
6.57853
6.57853
6.57853
6.57853
6.57853
4.44332
6.57853
6.57853
4.44332
6.57853
4.44332
6.57853
4.44332
6.57853
6.57853
4.44332
6.57853
4.44332
6.57853
6.57853
4.44332
6.57853
4.44332
6.57853
4.44332
6.57853
6.57853
4.44332
6.57853
4.44332
6.57853
4.44332
6.57853
6.57853
4.44332
6.57853
4.44332
6.57853
4.44332
6.57853
6.57853
4.44332
6.57853
4.44332
6.57853
4.44332
6.57853
6.57853
4.44332
6.57853
4.44332
6.57853
4.44332
6.57853
6.57853
4.44332
6.57853
4.44332
6.57853
4.44332
6.57853
6.57853
4.44332
6.57853
4.44332
6.57853
6.57853
4.44332
6.57853
4.44332
6.57853
4.44332
6.57853
6.57853
4.44332
6.57853
4.44332
6.57853
4.44332
6.57853
6.57853
4.44332
6.57853
4.44332
6.57853
4.44332
6.57853
6.57853
4.44332
6.57853
4.44332
6.57853
4.44332
6.57853
6.57853
4.44332
6.57853
4.44332
6.57853
4.44332
6.57853
6.57853
4.44332
6.57853
4.44332
6.57853
4.44332
6.57853
4.44332
4.44332
6.57853
4.44332
6.57853
4.44332
6.57853
4.44332
6.57853
6.57853
6.57853
6.57853
4.44332
6.57853
4.44332
6.57853
4.44332
6.57853
6.57853
4.44332
6.57853
4.44332
6.57853
6.57853
4.44332
6.57853
4.44332
6.57853
4.44332
6.57853
6.57853
4.44332
6.57853
4.44332
6.57853
4.44332
6.57853
4.44332
6.57853
6.57853
4.44332
6.57853
4.44332
6.57853
4.44332
6.57853
6.57853
4.44332
6.57853
4.44332
6.57853
6.57853
4.44332
6.57853
4.44332
6.57853
4.44332
6.57853
4.44332
6.57853
6.57853
4.44332
6.57853
4.44332
6.57853
4.44332
6.57853
6.57853
6.57853
6.57853
4.44332
6.57853
4.44332
6.57853
4.44332
6.57853
6.57853
6.57853
6.57853
6.57853
6.57853
6.57853
6.57853
6.57853
6.57853
6.57853
6.57853
6.57853
6.57853
6.57853
6.57853
6.57853
6.57853
6.57853
6.57853
6.57853
6.57853
6.57853
6.57853
6.57853
6.57853
6.57853
6.57853
6.57853
6.57853
6.57853
6.57853
6.57853
6.57853
6.57853
6.57853
6.57853
6.57853
6.57853
4.44332
4.44332
4.44332
4.44332
4.44332
4.44332
6.57853
6.57853
4.44332
4.44332
4.44332
4.44332
4.44332
6.57853
6.57853
6.57853
6.57853
4.44332
4.44332
4.44332
6.57853
6.57853
6.57853
6.57853
6.57853
4.44332
4.44332
6.57853
6.57853
6.57853
6.57853
6.57853
4.44332
4.44332
6.57853
6.57853
6.57853
6.57853
6.57853
6.57853
6.57853
6.57853
6.57853
4.44332
4.44332
4.44332
4.44332
4.44332
6.57853
6.57853
4.44332
6.57853
6.57853
6.57853
6.57853
6.57853
4.44332
4.44332
4.44332
4.44332
4.44332
4.44332
4.44332
4.44332
6.57853
6.57853
4.44332
4.44332
4.44332
4.44332
4.44332
6.57853
6.57853
6.57853
6.57853
4.44332
4.44332
4.44332
6.57853
6.57853
6.57853
6.57853
6.57853
4.44332
4.44332
6.57853
6.57853
6.57853
6.57853
6.57853
6.57853
6.57853
4.44332
4.44332
6.57853
6.57853
6.57853
6.57853
6.57853
6.57853
6.57853
6.57853
6.57853
6.57853
6.57853
6.57853
6.57853
4.44332
6.57853
6.57853
6.57853
6.57853
6.57853
6.57853
6.57853
6.57853
4.44332
6.57853
6.57853
6.57853
6.57853
4.44332
6.57853
4.44332
4.44332
6.57853
6.57853
6.57853
6.57853
6.57853
6.57853
6.57853
4.44332
4.44332
4.44332
4.44332
4.44332
4.44332
6.57853
6.57853
6.57853
4.44332
4.44332
4.44332
4.44332
4.44332
4.44332
6.57853
6.57853
4.44332
6.57853
6.57853
6.57853
6.57853
6.57853
4.44332
4.44332
4.44332
6.57853
6.57853
4.44332
6.57853
6.57853
6.57853
4.44332
4.44332
4.44332
6.57853
6.57853
6.57853
6.57853
4.44332
4.44332
4.44332
6.57853
6.57853
6.57853
6.57853
4.44332
4.44332
4.44332
4.44332
6.57853
6.57853
6.57853
4.44332
4.44332
4.44332
4.44332
4.44332
4.44332
6.57853
6.57853
6.57853
6.57853
6.57853
6.57853
6.57853
6.57853
6.57853
6.57853
6.57853
6.57853
6.57853
6.57853
6.57853
6.57853
6.57853
6.57853
6.57853
4.44332
6.57853
6.57853
6.57853
6.57853
4.44332
6.57853
4.44332
4.44332
4.44332
6.57853
6.57853
6.57853
6.57853
4.44332
6.57853
4.44332
4.44332
6.57853
4.44332
4.44332
6.57853
4.44332
4.44332
6.57853
6.57853
4.44332
6.57853
4.44332
4.44332
6.57853
6.57853
6.57853
4.44332
6.57853
6.57853
4.44332
4.44332
6.57853
4.44332
4.44332
6.57853
4.44332
6.57853
6.57853
4.44332
4.44332
6.57853
4.44332
6.57853
6.57853
4.44332
6.57853
6.57853
4.44332
4.44332
6.57853
4.44332
6.57853
6.57853
4.44332
6.57853
6.57853
4.44332
6.57853
6.57853
6.57853
6.57853
4.44332
4.44332
6.57853
6.57853
6.57853
6.57853
6.57853
6.57853
4.44332
6.57853
6.57853
4.44332
4.44332
6.57853
6.57853
4.44332
4.44332
4.44332
6.57853
4.44332
6.57853
6.57853
4.44332
6.57853
4.44332
6.57853
4.44332
4.44332
6.57853
4.44332
4.44332
6.57853
6.57853
4.44332
6.57853
4.44332
4.44332
6.57853
4.44332
4.44332
6.57853
6.57853
4.44332
6.57853
4.44332
4.44332
4.44332
4.44332
4.44332
6.57853
6.57853
4.44332
6.57853
4.44332
6.57853
4.44332
4.44332
4.44332
6.57853
6.57853
4.44332
4.44332
6.57853
6.57853
6.57853
6.57853
4.44332
6.57853
4.44332
4.44332
4.44332
4.44332
4.44332
6.57853
4.44332
4.44332
6.57853
4.44332
6.57853
6.57853
6.57853
6.57853
6.57853
6.57853
4.44332
4.44332
6.57853
6.57853
4.44332
6.57853
6.57853
6.57853
6.57853
4.44332
6.57853
6.57853
4.44332
4.44332
6.57853
6.57853
6.57853
6.57853
4.44332
6.57853
6.57853
4.44332
4.44332
6.57853
6.57853
6.57853
6.57853
4.44332
6.57853
6.57853
4.44332
6.57853
4.44332
6.57853
4.44332
6.57853
4.44332
6.57853
4.44332
6.57853
6.57853
4.44332
6.57853
4.44332
6.57853
4.44332
6.57853
4.44332
4.44332
6.57853
4.44332
6.57853
4.44332
6.57853
4.44332
6.57853
4.44332
6.57853
4.44332
6.57853
6.57853
6.57853
4.44332
4.44332
6.57853
4.44332
4.44332
4.44332
6.57853
4.44332
4.44332
6.57853
6.57853
6.57853
4.44332
6.57853
4.44332
6.57853
4.44332
6.57853
6.57853
4.44332
6.57853
4.44332
6.57853
6.57853
6.57853
6.57853
6.57853
6.57853
4.44332
4.44332
4.44332
6.57853
4.44332
4.44332
6.57853
6.57853
4.44332
6.57853
6.57853
6.57853
6.57853
4.44332
6.57853
4.44332
6.57853
4.44332
6.57853
6.57853
6.57853
6.57853
4.44332
6.57853
4.44332
6.57853
4.44332
6.57853
6.57853
6.57853
4.44332
4.44332
6.57853
4.44332
4.44332
4.44332
6.57853
4.44332
6.57853
6.57853
6.57853
6.57853
6.57853
6.57853
4.44332
6.57853
4.44332
6.57853
6.57853
6.57853
6.57853
4.44332
4.44332
4.44332
6.57853
4.44332
6.57853
4.44332
6.57853
4.44332
6.57853
6.57853
6.57853
6.57853
4.44332
6.57853
4.44332
4.44332
4.44332
6.57853
4.44332
6.57853
6.57853
4.44332
6.57853
4.44332
4.44332
4.44332
6.57853
4.44332
4.44332
6.57853
4.44332
6.57853
4.44332
6.57853
4.44332
6.57853
4.44332
6.57853
6.57853
6.57853
4.44332
6.57853
6.57853
6.57853
4.44332
6.57853
6.57853
6.57853
6.57853
4.44332
6.57853
6.57853
6.57853
4.44332
6.57853
4.44332
6.57853
4.44332
6.57853
4.44332
4.44332
4.44332
6.57853
4.44332
6.57853
6.57853
6.57853
4.44332
6.57853
4.44332
6.57853
6.57853
6.57853
6.57853
4.44332
6.57853
4.44332
6.57853
4.44332
6.57853
4.44332
6.57853
6.57853
6.57853
4.44332
6.57853
4.44332
6.57853
4.44332
6.57853
6.57853
4.44332
6.57853
6.57853
6.57853
4.44332
4.44332
4.44332
4.44332
6.57853
4.44332
4.44332
6.57853
6.57853
4.44332
6.57853
6.57853
4.44332
4.44332
6.57853
4.44332
6.57853
6.57853
4.44332
4.44332
6.57853
6.57853
4.44332
6.57853
6.57853
4.44332
6.57853
6.57853
6.57853
4.44332
4.44332
4.44332
6.57853
4.44332
6.57853
4.44332
4.44332
4.44332
6.57853
4.44332
6.57853
6.57853
4.44332
6.57853
4.44332
6.57853
4.44332
4.44332
4.44332
6.57853
4.44332
6.57853
4.44332
6.57853
6.57853
4.44332
6.57853
4.44332
6.57853
4.44332
4.44332
4.44332
6.57853
4.44332
4.44332
4.44332
6.57853
4.44332
6.57853
6.57853
6.57853
4.44332
4.44332
6.57853
4.44332
6.57853
6.57853
6.57853
4.44332
6.57853
4.44332
4.44332
6.57853
6.57853
6.57853
4.44332
6.57853
6.57853
6.57853
4.44332
6.57853
4.44332
6.57853
4.44332
4.44332
6.57853
4.44332
6.57853
4.44332
4.44332
6.57853
4.44332
4.44332
6.57853
4.44332
4.44332
4.44332
6.57853
4.44332
6.57853
4.44332
4.44332
4.44332
6.57853
6.57853
4.44332
4.44332
6.57853
4.44332
4.44332
6.57853
4.44332
4.44332
4.44332
6.57853
4.44332
6.57853
4.44332
4.44332
4.44332
6.57853
6.57853
6.57853
4.44332
6.57853
6.57853
4.44332
6.57853
6.57853
4.44332
4.44332
6.57853
4.44332
6.57853
6.57853
6.57853
4.44332
4.44332
6.57853
4.44332
6.57853
6.57853
6.57853
4.44332
6.57853
6.57853
6.57853
4.44332
4.44332
6.57853
4.44332
4.44332
6.57853
6.57853
4.44332
6.57853
4.44332
6.57853
6.57853
6.57853
4.44332
6.57853
6.57853
6.57853
4.44332
6.57853
4.44332
6.57853
6.57853
4.44332
6.57853
6.57853
6.57853
4.44332
6.57853
4.44332
4.44332
4.44332
6.57853
6.57853
6.57853
6.57853
4.44332
6.57853
6.57853
6.57853
4.44332
6.57853
6.57853
6.57853
4.44332
6.57853
4.44332
4.44332
4.44332
6.57853
6.57853
4.44332
4.44332
4.44332
6.57853
6.57853
6.57853
4.44332
6.57853
6.57853
6.57853
6.57853
4.44332
6.57853
6.57853
6.57853
4.44332
4.44332
4.44332
4.44332
4.44332
6.57853
6.57853
6.57853
6.57853
6.57853
6.57853
6.57853
6.57853
6.57853
6.57853
6.57853
6.57853
6.57853
6.57853
6.57853
6.57853
4.44332
6.57853
4.44332
4.44332
6.57853
6.57853
6.57853
4.44332
4.44332
4.44332
6.57853
4.44332
6.57853
6.57853
6.57853
4.44332
6.57853
6.57853
6.57853
6.57853
4.44332
6.57853
6.57853
6.57853
4.44332
6.57853
6.57853
4.44332
4.44332
6.57853
4.44332
4.44332
6.57853
6.57853
6.57853
6.57853
6.57853
6.57853
6.57853
6.57853
6.57853
6.57853
6.57853
6.57853
6.57853
6.57853
4.44332
6.57853
4.44332
4.44332
4.44332
4.44332
4.44332
6.57853
6.57853
4.44332
4.44332
6.57853
6.57853
4.44332
4.44332
4.44332
4.44332
4.44332
4.44332
4.44332
4.44332
4.44332
4.44332
4.44332
4.44332
6.57853
4.44332
6.57853
6.57853
6.57853
6.57853
4.44332
4.44332
4.44332
6.57853
4.44332
4.44332
4.44332
6.57853
6.57853
4.44332
6.57853
6.57853
4.44332
6.57853
6.57853
6.57853
6.57853
4.44332
6.57853
6.57853
6.57853
4.44332
4.44332
4.44332
6.57853
4.44332
6.57853
6.57853
6.57853
6.57853
4.44332
4.44332
4.44332
6.57853
4.44332
6.57853
6.57853
6.57853
4.44332
4.44332
6.57853
6.57853
6.57853
4.44332
4.44332
6.57853
6.57853
4.44332
4.44332
6.57853
4.44332
6.57853
6.57853
4.44332
6.57853
4.44332
4.44332
6.57853
6.57853
4.44332
6.57853
6.57853
4.44332
4.44332
6.57853
6.57853
4.44332
6.57853
4.44332
6.57853
6.57853
4.44332
4.44332
6.57853
6.57853
4.44332
6.57853
6.57853
6.57853
6.57853
4.44332
4.44332
4.44332
6.57853
4.44332
6.57853
6.57853
6.57853
4.44332
6.57853
6.57853
4.44332
6.57853
4.44332
4.44332
4.44332
6.57853
6.57853
4.44332
4.44332
6.57853
4.44332
6.57853
6.57853
4.44332
6.57853
6.57853
6.57853
4.44332
6.57853
4.44332
4.44332
4.44332
6.57853
6.57853
6.57853
6.57853
4.44332
6.57853
4.44332
4.44332
4.44332
6.57853
6.57853
6.57853
4.44332
4.44332
6.57853
6.57853
4.44332
4.44332
6.57853
6.57853
6.57853
6.57853
6.57853
4.44332
6.57853
6.57853
4.44332
6.57853
6.57853
4.44332
6.57853
6.57853
4.44332
4.44332
6.57853
6.57853
6.57853
6.57853
4.44332
4.44332
6.57853
6.57853
6.57853
4.44332
6.57853
6.57853
4.44332
6.57853
6.57853
4.44332
6.57853
6.57853
4.44332
4.44332
6.57853
4.44332
4.44332
6.57853
6.57853
4.44332
4.44332
6.57853
6.57853
4.44332
4.44332
6.57853
6.57853
6.57853
6.57853
4.44332
4.44332
6.57853
4.44332
6.57853
6.57853
4.44332
4.44332
6.57853
6.57853
4.44332
6.57853
6.57853
6.57853
6.57853
4.44332
4.44332
6.57853
4.44332
4.44332
6.57853
6.57853
4.44332
4.44332
6.57853
6.57853
4.44332
6.57853
6.57853
6.57853
6.57853
4.44332
4.44332
6.57853
6.57853
4.44332
6.57853
6.57853
4.44332
4.44332
6.57853
6.57853
4.44332
6.57853
6.57853
4.44332
4.44332
6.57853
6.57853
6.57853
4.44332
6.57853
4.44332
6.57853
4.44332
4.44332
6.57853
6.57853
4.44332
4.44332
6.57853
4.44332
4.44332
6.57853
6.57853
4.44332
4.44332
6.57853
4.44332
4.44332
6.57853
6.57853
4.44332
4.44332
6.57853
6.57853
4.44332
6.57853
6.57853
4.44332
4.44332
6.57853
6.57853
6.57853
6.57853
4.44332
6.57853
6.57853
4.44332
4.44332
6.57853
6.57853
4.44332
6.57853
6.57853
6.57853
6.57853
4.44332
4.44332
6.57853
6.57853
4.44332
6.57853
6.57853
4.44332
4.44332
6.57853
6.57853
4.44332
4.44332
6.57853
4.44332
4.44332
4.44332
6.57853
6.57853
6.57853
6.57853
4.44332
6.57853
6.57853
6.57853
6.57853
6.57853
6.57853
6.57853
6.57853
6.57853
6.57853
6.57853
6.57853
4.44332
6.57853
6.57853
6.57853
6.57853
6.57853
6.57853
6.57853
4.44332
6.57853
4.44332
4.44332
4.44332
4.44332
6.57853
6.57853
6.57853
6.57853
6.57853
6.57853
4.44332
4.44332
6.57853
4.44332
4.44332
4.44332
4.44332
4.44332
4.44332
4.44332
4.44332
6.57853
6.57853
4.44332
6.57853
6.57853
6.57853
6.57853
6.57853
6.57853
6.57853
6.57853
4.44332
6.57853
6.57853
6.57853
6.57853
6.57853
4.44332
4.44332
4.44332
4.44332
4.44332
4.44332
4.44332
6.57853
4.44332
6.57853
6.57853
6.57853
4.44332
4.44332
4.44332
4.44332
4.44332
6.57853
4.44332
6.57853
6.57853
4.44332
4.44332
6.57853
4.44332
6.57853
6.57853
4.44332
6.57853
6.57853
6.57853
6.57853
4.44332
4.44332
6.57853
6.57853
4.44332
6.57853
6.57853
6.57853
4.44332
6.57853
6.57853
4.44332
4.44332
6.57853
4.44332
4.44332
4.44332
6.57853
4.44332
6.57853
6.57853
6.57853
4.44332
4.44332
4.44332
6.57853
4.44332
6.57853
4.44332
4.44332
4.44332
6.57853
4.44332
6.57853
6.57853
4.44332
4.44332
6.57853
4.44332
4.44332
6.57853
6.57853
4.44332
6.57853
6.57853
4.44332
6.57853
4.44332
4.44332
6.57853
6.57853
4.44332
6.57853
6.57853
4.44332
4.44332
6.57853
6.57853
4.44332
4.44332
6.57853
4.44332
6.57853
6.57853
4.44332
6.57853
6.57853
4.44332
4.44332
6.57853
4.44332
4.44332
6.57853
6.57853
4.44332
4.44332
4.44332
6.57853
4.44332
6.57853
6.57853
6.57853
6.57853
6.57853
4.44332
6.57853
6.57853
4.44332
4.44332
6.57853
6.57853
4.44332
4.44332
6.57853
4.44332
4.44332
6.57853
6.57853
6.57853
4.44332
4.44332
6.57853
4.44332
6.57853
4.44332
4.44332
6.57853
6.57853
4.44332
4.44332
6.57853
4.44332
4.44332
6.57853
6.57853
6.57853
4.44332
4.44332
6.57853
4.44332
4.44332
6.57853
6.57853
6.57853
4.44332
4.44332
6.57853
6.57853
6.57853
4.44332
4.44332
6.57853
6.57853
4.44332
4.44332
6.57853
4.44332
4.44332
6.57853
6.57853
4.44332
4.44332
6.57853
4.44332
4.44332
6.57853
4.44332
6.57853
6.57853
4.44332
4.44332
6.57853
4.44332
4.44332
6.57853
6.57853
4.44332
4.44332
4.44332
6.57853
4.44332
4.44332
4.44332
4.44332
4.44332
4.44332
4.44332
4.44332
4.44332
4.44332
4.44332
4.44332
4.44332
4.44332
6.57853
4.44332
4.44332
4.44332
4.44332
4.44332
6.57853
6.57853
6.57853
4.44332
4.44332
6.57853
6.57853
4.44332
6.57853
6.57853
6.57853
6.57853
4.44332
4.44332
6.57853
6.57853
4.44332
6.57853
6.57853
4.44332
4.44332
6.57853
6.57853
4.44332
4.44332
6.57853
4.44332
4.44332
6.57853
6.57853
4.44332
4.44332
6.57853
4.44332
6.57853
6.57853
4.44332
4.44332
6.57853
4.44332
6.57853
4.44332
4.44332
6.57853
6.57853
4.44332
4.44332
6.57853
6.57853
4.44332
6.57853
4.44332
4.44332
6.57853
6.57853
4.44332
4.44332
6.57853
4.44332
4.44332
6.57853
6.57853
6.57853
6.57853
4.44332
4.44332
6.57853
4.44332
4.44332
6.57853
6.57853
4.44332
4.44332
6.57853
6.57853
4.44332
6.57853
6.57853
6.57853
6.57853
4.44332
4.44332
6.57853
4.44332
4.44332
6.57853
6.57853
4.44332
4.44332
6.57853
6.57853
4.44332
6.57853
6.57853
4.44332
6.57853
4.44332
4.44332
6.57853
6.57853
4.44332
6.57853
6.57853
4.44332
4.44332
6.57853
6.57853
4.44332
6.57853
6.57853
6.57853
6.57853
4.44332
4.44332
6.57853
6.57853
6.57853
6.57853
4.44332
4.44332
6.57853
6.57853
4.44332
6.57853
4.44332
6.57853
6.57853
4.44332
4.44332
6.57853
6.57853
4.44332
4.44332
6.57853
4.44332
4.44332
6.57853
6.57853
4.44332
4.44332
6.57853
6.57853
6.57853
4.44332
4.44332
6.57853
6.57853
4.44332
4.44332
6.57853
4.44332
4.44332
6.57853
6.57853
4.44332
4.44332
6.57853
6.57853
6.57853
4.44332
4.44332
6.57853
6.57853
4.44332
4.44332
6.57853
4.44332
4.44332
6.57853
6.57853
6.57853
6.57853
4.44332
4.44332
6.57853
4.44332
4.44332
6.57853
6.57853
4.44332
4.44332
6.57853
6.57853
4.44332
6.57853
6.57853
4.44332
4.44332
6.57853
6.57853
6.57853
6.57853
4.44332
6.57853
6.57853
4.44332
4.44332
6.57853
6.57853
4.44332
6.57853
6.57853
4.44332
4.44332
6.57853
6.57853
6.57853
6.57853
4.44332
6.57853
6.57853
4.44332
4.44332
6.57853
6.57853
4.44332
6.57853
6.57853
4.44332
4.44332
6.57853
6.57853
6.57853
6.57853
4.44332
6.57853
6.57853
4.44332
4.44332
6.57853
6.57853
6.57853
6.57853
6.57853
6.57853
6.57853
6.57853
6.57853
6.57853
4.44332
6.57853
4.44332
6.57853
6.57853
6.57853
4.44332
6.57853
6.57853
6.57853
4.44332
4.44332
6.57853
4.44332
4.44332
4.44332
4.44332
4.44332
6.57853
6.57853
6.57853
6.57853
6.57853
6.57853
4.44332
4.44332
6.57853
6.57853
6.57853
6.57853
6.57853
6.57853
6.57853
6.57853
6.57853
4.44332
4.44332
6.57853
6.57853
6.57853
6.57853
6.57853
6.57853
6.57853
6.57853
6.57853
6.57853
6.57853
4.44332
6.57853
4.44332
4.44332
4.44332
4.44332
4.44332
6.57853
6.57853
6.57853
6.57853
6.57853
6.57853
6.57853
6.57853
4.44332
4.44332
6.57853
6.57853
4.44332
6.57853
6.57853
4.44332
4.44332
4.44332
6.57853
6.57853
4.44332
4.44332
6.57853
6.57853
6.57853
6.57853
4.44332
4.44332
6.57853
6.57853
6.57853
6.57853
6.57853
4.44332
4.44332
6.57853
6.57853
6.57853
6.57853
4.44332
6.57853
6.57853
6.57853
4.44332
4.44332
6.57853
6.57853
6.57853
6.57853
6.57853
4.44332
4.44332
6.57853
4.44332
4.44332
4.44332
6.57853
6.57853
4.44332
4.44332
4.44332
6.57853
6.57853
4.44332
6.57853
6.57853
4.44332
6.57853
4.44332
4.44332
6.57853
4.44332
4.44332
6.57853
6.57853
4.44332
4.44332
4.44332
6.57853
4.44332
4.44332
6.57853
6.57853
6.57853
6.57853
6.57853
4.44332
4.44332
6.57853
4.44332
4.44332
6.57853
6.57853
6.57853
6.57853
4.44332
6.57853
6.57853
4.44332
4.44332
6.57853
6.57853
6.57853
4.44332
6.57853
4.44332
6.57853
6.57853
4.44332
4.44332
6.57853
6.57853
4.44332
6.57853
6.57853
4.44332
4.44332
6.57853
6.57853
4.44332
4.44332
6.57853
6.57853
6.57853
4.44332
4.44332
6.57853
6.57853
4.44332
4.44332
4.44332
4.44332
4.44332
6.57853
6.57853
4.44332
6.57853
4.44332
6.57853
6.57853
4.44332
4.44332
6.57853
6.57853
4.44332
4.44332
6.57853
4.44332
4.44332
6.57853
6.57853
4.44332
4.44332
6.57853
6.57853
6.57853
6.57853
4.44332
4.44332
6.57853
6.57853
4.44332
4.44332
4.44332
4.44332
6.57853
6.57853
4.44332
4.44332
4.44332
6.57853
6.57853
6.57853
4.44332
4.44332
6.57853
6.57853
4.44332
4.44332
6.57853
4.44332
4.44332
6.57853
6.57853
6.57853
6.57853
6.57853
6.57853
6.57853
6.57853
6.57853
6.57853
6.57853
6.57853
6.57853
4.44332
6.57853
4.44332
4.44332
4.44332
6.57853
6.57853
6.57853
4.44332
4.44332
6.57853
6.57853
6.57853
6.57853
4.44332
4.44332
4.44332
4.44332
6.57853
4.44332
4.44332
4.44332
4.44332
4.44332
6.57853
6.57853
4.44332
4.44332
6.57853
4.44332
4.44332
6.57853
4.44332
4.44332
6.57853
4.44332
4.44332
4.44332
6.57853
4.44332
6.57853
4.44332
4.44332
6.57853
6.57853
6.57853
6.57853
4.44332
4.44332
4.44332
4.44332
4.44332
4.44332
4.44332
6.57853
6.57853
6.57853
6.57853
6.57853
6.57853
6.57853
6.57853
6.57853
4.44332
4.44332
4.44332
4.44332
4.44332
4.44332
4.44332
4.44332
6.57853
4.44332
4.44332
4.44332
4.44332
4.44332
4.44332
4.44332
4.44332
6.57853
6.57853
4.44332
4.44332
6.57853
6.57853
6.57853
6.57853
6.57853
4.44332
4.44332
4.44332
4.44332
4.44332
4.44332
4.44332
6.57853
4.44332
4.44332
4.44332
4.44332
4.44332
4.44332
4.44332
6.57853
4.44332
4.44332
4.44332
4.44332
4.44332
4.44332
4.44332
6.57853
4.44332
4.44332
4.44332
4.44332
4.44332
4.44332
4.44332
4.44332
4.44332
6.57853
6.57853
6.57853
6.57853
6.57853
6.57853
6.57853
6.57853
4.44332
4.44332
4.44332
4.44332
4.44332
4.44332
4.44332
4.44332
6.57853
4.44332
6.57853
6.57853
6.57853
4.44332
4.44332
4.44332
4.44332
6.57853
6.57853
6.57853
6.57853
6.57853
6.57853
6.57853
4.44332
4.44332
4.44332
4.44332
4.44332
4.44332
4.44332
4.44332
6.57853
4.44332
6.57853
4.44332
6.57853
6.57853
6.57853
6.57853
4.44332
6.57853
4.44332
4.44332
4.44332
6.57853
6.57853
6.57853
6.57853
6.57853
6.57853
6.57853
6.57853
4.44332
4.44332
4.44332
4.44332
4.44332
6.57853
6.57853
6.57853
6.57853
6.57853
6.57853
6.57853
6.57853
4.44332
6.57853
6.57853
6.57853
4.44332
4.44332
4.44332
4.44332
4.44332
6.57853
6.57853
6.57853
6.57853
6.57853
4.44332
4.44332
4.44332
4.44332
6.57853
6.57853
6.57853
6.57853
6.57853
6.57853
6.57853
4.44332
6.57853
6.57853
6.57853
4.44332
4.44332
4.44332
4.44332
6.57853
4.44332
4.44332
4.44332
4.44332
4.44332
4.44332
4.44332
4.44332
4.44332
4.44332
4.44332
6.57853
6.57853
6.57853
6.57853
6.57853
4.44332
4.44332
4.44332
4.44332
4.44332
4.44332
4.44332
4.44332
6.57853
6.57853
6.57853
6.57853
6.57853
6.57853
6.57853
6.57853
4.44332
6.57853
6.57853
6.57853
6.57853
6.57853
6.57853
6.57853
6.57853
6.57853
4.44332
4.44332
4.44332
6.57853
6.57853
6.57853
6.57853
6.57853
4.44332
4.44332
4.44332
4.44332
4.44332
4.44332
4.44332
4.44332
4.44332
6.57853
6.57853
6.57853
6.57853
4.44332
4.44332
4.44332
6.57853
6.57853
6.57853
6.57853
6.57853
6.57853
6.57853
6.57853
4.44332
4.44332
4.44332
4.44332
4.44332
4.44332
4.44332
6.57853
4.44332
6.57853
6.57853
6.57853
6.57853
6.57853
6.57853
4.44332
4.44332
4.44332
4.44332
4.44332
6.57853
6.57853
6.57853
4.44332
4.44332
6.57853
6.57853
6.57853
6.57853
6.57853
6.57853
6.57853
6.57853
6.57853
4.44332
4.44332
4.44332
4.44332
4.44332
4.44332
4.44332
6.57853
4.44332
6.57853
4.44332
4.44332
6.57853
6.57853
6.57853
6.57853
6.57853
4.44332
4.44332
4.44332
4.44332
4.44332
4.44332
4.44332
6.57853
4.44332
4.44332
4.44332
4.44332
4.44332
6.57853
6.57853
4.44332
6.57853
4.44332
4.44332
4.44332
4.44332
4.44332
4.44332
4.44332
6.57853
4.44332
4.44332
4.44332
4.44332
4.44332
4.44332
4.44332
6.57853
4.44332
6.57853
4.44332
4.44332
6.57853
6.57853
6.57853
6.57853
6.57853
4.44332
4.44332
4.44332
4.44332
4.44332
4.44332
4.44332
6.57853
6.57853
6.57853
4.44332
4.44332
4.44332
6.57853
4.44332
4.44332
6.57853
6.57853
4.44332
6.57853
6.57853
6.57853
6.57853
6.57853
4.44332
4.44332
4.44332
4.44332
4.44332
4.44332
4.44332
4.44332
4.44332
6.57853
4.44332
6.57853
6.57853
6.57853
4.44332
6.57853
6.57853
6.57853
4.44332
4.44332
4.44332
4.44332
4.44332
4.44332
4.44332
6.57853
6.57853
6.57853
6.57853
6.57853
4.44332
6.57853
6.57853
6.57853
4.44332
4.44332
4.44332
4.44332
4.44332
4.44332
4.44332
4.44332
6.57853
4.44332
6.57853
4.44332
4.44332
6.57853
4.44332
4.44332
6.57853
6.57853
4.44332
6.57853
6.57853
6.57853
4.44332
6.57853
6.57853
6.57853
6.57853
4.44332
6.57853
6.57853
6.57853
4.44332
6.57853
4.44332
6.57853
6.57853
6.57853
4.44332
4.44332
4.44332
4.44332
4.44332
6.57853
4.44332
4.44332
6.57853
4.44332
4.44332
4.44332
6.57853
6.57853
6.57853
6.57853
6.57853
6.57853
6.57853
6.57853
6.57853
4.44332
6.57853
6.57853
6.57853
6.57853
4.44332
4.44332
4.44332
4.44332
6.57853
6.57853
6.57853
6.57853
4.44332
6.57853
6.57853
6.57853
6.57853
6.57853
6.57853
6.57853
6.57853
6.57853
6.57853
6.57853
4.44332
4.44332
4.44332
4.44332
4.44332
4.44332
6.57853
4.44332
6.57853
6.57853
6.57853
6.57853
6.57853
4.44332
4.44332
6.57853
4.44332
6.57853
6.57853
6.57853
4.44332
6.57853
6.57853
6.57853
4.44332
6.57853
4.44332
6.57853
6.57853
4.44332
6.57853
6.57853
6.57853
4.44332
6.57853
4.44332
4.44332
4.44332
6.57853
6.57853
6.57853
6.57853
4.44332
4.44332
4.44332
4.44332
6.57853
6.57853
6.57853
6.57853
4.44332
4.44332
4.44332
4.44332
4.44332
6.57853
4.44332
4.44332
6.57853
6.57853
4.44332
6.57853
6.57853
6.57853
4.44332
6.57853
4.44332
4.44332
4.44332
6.57853
4.44332
4.44332
4.44332
6.57853
6.57853
4.44332
4.44332
4.44332
6.57853
6.57853
6.57853
6.57853
6.57853
4.44332
4.44332
4.44332
6.57853
4.44332
4.44332
4.44332
6.57853
4.44332
6.57853
6.57853
6.57853
6.57853
6.57853
4.44332
4.44332
6.57853
4.44332
6.57853
6.57853
6.57853
4.44332
4.44332
6.57853
6.57853
4.44332
4.44332
4.44332
4.44332
4.44332
6.57853
4.44332
4.44332
4.44332
4.44332
4.44332
6.57853
6.57853
6.57853
4.44332
6.57853
4.44332
6.57853
6.57853
4.44332
4.44332
4.44332
4.44332
4.44332
4.44332
6.57853
6.57853
4.44332
6.57853
6.57853
6.57853
4.44332
6.57853
4.44332
4.44332
4.44332
6.57853
4.44332
6.57853
6.57853
4.44332
4.44332
6.57853
4.44332
6.57853
4.44332
4.44332
4.44332
6.57853
4.44332
4.44332
4.44332
4.44332
4.44332
4.44332
6.57853
6.57853
6.57853
6.57853
4.44332
4.44332
4.44332
4.44332
4.44332
4.44332
4.44332
4.44332
4.44332
6.57853
6.57853
6.57853
6.57853
4.44332
6.57853
6.57853
4.44332
4.44332
4.44332
4.44332
6.57853
6.57853
4.44332
6.57853
6.57853
4.44332
4.44332
4.44332
6.57853
6.57853
6.57853
6.57853
4.44332
6.57853
4.44332
4.44332
4.44332
6.57853
6.57853
6.57853
4.44332
6.57853
4.44332
6.57853
6.57853
6.57853
6.57853
4.44332
6.57853
6.57853
4.44332
4.44332
6.57853
4.44332
6.57853
6.57853
6.57853
6.57853
4.44332
4.44332
4.44332
4.44332
4.44332
6.57853
4.44332
4.44332
4.44332
6.57853
6.57853
6.57853
6.57853
4.44332
6.57853
6.57853
6.57853
6.57853
6.57853
6.57853
6.57853
6.57853
6.57853
6.57853
6.57853
4.44332
6.57853
6.57853
6.57853
4.44332
6.57853
4.44332
4.44332
4.44332
6.57853
4.44332
6.57853
4.44332
6.57853
6.57853
6.57853
4.44332
6.57853
4.44332
4.44332
6.57853
6.57853
4.44332
4.44332
6.57853
6.57853
6.57853
4.44332
4.44332
6.57853
6.57853
4.44332
4.44332
4.44332
6.57853
4.44332
6.57853
6.57853
4.44332
4.44332
6.57853
6.57853
6.57853
6.57853
4.44332
4.44332
6.57853
6.57853
4.44332
4.44332
6.57853
4.44332
4.44332
6.57853
6.57853
6.57853
4.44332
4.44332
6.57853
6.57853
4.44332
6.57853
6.57853
4.44332
4.44332
6.57853
6.57853
6.57853
4.44332
4.44332
6.57853
6.57853
4.44332
4.44332
6.57853
6.57853
4.44332
6.57853
6.57853
4.44332
4.44332
4.44332
6.57853
6.57853
6.57853
6.57853
6.57853
4.44332
4.44332
6.57853
6.57853
6.57853
4.44332
4.44332
6.57853
6.57853
4.44332
4.44332
4.44332
6.57853
6.57853
4.44332
6.57853
6.57853
4.44332
4.44332
6.57853
6.57853
4.44332
6.57853
6.57853
4.44332
4.44332
6.57853
6.57853
6.57853
4.44332
6.57853
4.44332
4.44332
4.44332
6.57853
6.57853
4.44332
4.44332
6.57853
4.44332
4.44332
6.57853
6.57853
4.44332
4.44332
6.57853
4.44332
6.57853
4.44332
4.44332
4.44332
6.57853
6.57853
4.44332
4.44332
6.57853
4.44332
4.44332
6.57853
6.57853
4.44332
4.44332
4.44332
6.57853
4.44332
4.44332
6.57853
6.57853
6.57853
6.57853
4.44332
4.44332
6.57853
4.44332
4.44332
6.57853
6.57853
4.44332
4.44332
6.57853
6.57853
4.44332
6.57853
6.57853
4.44332
4.44332
6.57853
6.57853
6.57853
4.44332
6.57853
6.57853
4.44332
4.44332
6.57853
6.57853
6.57853
4.44332
6.57853
4.44332
4.44332
4.44332
6.57853
6.57853
4.44332
4.44332
6.57853
4.44332
4.44332
6.57853
6.57853
4.44332
4.44332
4.44332
6.57853
4.44332
4.44332
6.57853
6.57853
4.44332
4.44332
4.44332
6.57853
4.44332
6.57853
6.57853
6.57853
4.44332
4.44332
6.57853
6.57853
4.44332
6.57853
6.57853
6.57853
6.57853
4.44332
4.44332
4.44332
6.57853
4.44332
6.57853
6.57853
4.44332
4.44332
6.57853
6.57853
4.44332
6.57853
6.57853
4.44332
4.44332
4.44332
6.57853
6.57853
4.44332
6.57853
6.57853
4.44332
4.44332
4.44332
6.57853
6.57853
4.44332
6.57853
6.57853
4.44332
4.44332
6.57853
6.57853
4.44332
4.44332
6.57853
4.44332
4.44332
6.57853
6.57853
6.57853
4.44332
6.57853
4.44332
4.44332
6.57853
4.44332
4.44332
6.57853
6.57853
4.44332
4.44332
6.57853
4.44332
4.44332
6.57853
4.44332
4.44332
4.44332
6.57853
4.44332
4.44332
6.57853
6.57853
4.44332
4.44332
4.44332
6.57853
4.44332
4.44332
6.57853
6.57853
6.57853
6.57853
6.57853
4.44332
4.44332
4.44332
4.44332
4.44332
6.57853
6.57853
4.44332
4.44332
6.57853
4.44332
4.44332
6.57853
6.57853
4.44332
4.44332
4.44332
6.57853
4.44332
6.57853
6.57853
4.44332
4.44332
6.57853
6.57853
6.57853
4.44332
6.57853
4.44332
4.44332
4.44332
6.57853
6.57853
4.44332
4.44332
6.57853
4.44332
4.44332
6.57853
4.44332
6.57853
6.57853
6.57853
4.44332
6.57853
6.57853
4.44332
4.44332
6.57853
6.57853
6.57853
4.44332
6.57853
4.44332
4.44332
4.44332
6.57853
6.57853
4.44332
4.44332
6.57853
4.44332
4.44332
6.57853
6.57853
4.44332
4.44332
6.57853
4.44332
4.44332
6.57853
6.57853
4.44332
4.44332
6.57853
6.57853
6.57853
4.44332
6.57853
6.57853
6.57853
6.57853
4.44332
4.44332
6.57853
6.57853
4.44332
6.57853
4.44332
4.44332
4.44332
6.57853
6.57853
4.44332
6.57853
6.57853
4.44332
4.44332
4.44332
6.57853
6.57853
4.44332
6.57853
4.44332
4.44332
6.57853
6.57853
6.57853
4.44332
4.44332
6.57853
6.57853
6.57853
4.44332
4.44332
4.44332
6.57853
4.44332
6.57853
4.44332
4.44332
4.44332
6.57853
6.57853
4.44332
4.44332
6.57853
4.44332
4.44332
6.57853
6.57853
4.44332
4.44332
4.44332
6.57853
4.44332
4.44332
6.57853
6.57853
4.44332
4.44332
4.44332
6.57853
6.57853
6.57853
4.44332
4.44332
6.57853
6.57853
6.57853
4.44332
4.44332
6.57853
4.44332
4.44332
6.57853
6.57853
4.44332
4.44332
6.57853
4.44332
4.44332
6.57853
6.57853
4.44332
4.44332
4.44332
6.57853
4.44332
4.44332
6.57853
6.57853
4.44332
4.44332
6.57853
6.57853
4.44332
6.57853
6.57853
4.44332
6.57853
4.44332
4.44332
4.44332
6.57853
4.44332
6.57853
6.57853
6.57853
4.44332
4.44332
6.57853
6.57853
4.44332
6.57853
6.57853
4.44332
4.44332
6.57853
6.57853
6.57853
4.44332
6.57853
4.44332
4.44332
4.44332
6.57853
6.57853
4.44332
4.44332
6.57853
4.44332
4.44332
6.57853
6.57853
6.57853
6.57853
4.44332
4.44332
6.57853
4.44332
4.44332
6.57853
6.57853
4.44332
4.44332
6.57853
4.44332
4.44332
6.57853
6.57853
4.44332
4.44332
6.57853
6.57853
4.44332
6.57853
6.57853
4.44332
4.44332
4.44332
6.57853
6.57853
4.44332
6.57853
6.57853
4.44332
4.44332
4.44332
6.57853
6.57853
4.44332
6.57853
6.57853
4.44332
4.44332
6.57853
6.57853
4.44332
4.44332
6.57853
4.44332
4.44332
4.44332
4.44332
4.44332
4.44332
4.44332
4.44332
4.44332
4.44332
4.44332
4.44332
4.44332
4.44332
4.44332
4.44332
4.44332
4.44332
6.57853
4.44332
6.57853
4.44332
6.57853
4.44332
6.57853
6.57853
4.44332
4.44332
6.57853
6.57853
4.44332
6.57853
6.57853
4.44332
4.44332
6.57853
6.57853
4.44332
4.44332
4.44332
4.44332
4.44332
6.57853
6.57853
4.44332
4.44332
6.57853
6.57853
4.44332
4.44332
4.44332
6.57853
6.57853
4.44332
4.44332
6.57853
4.44332
6.57853
6.57853
4.44332
4.44332
6.57853
6.57853
4.44332
6.57853
6.57853
4.44332
4.44332
6.57853
6.57853
4.44332
4.44332
6.57853
6.57853
6.57853
4.44332
4.44332
6.57853
6.57853
4.44332
4.44332
6.57853
4.44332
4.44332
6.57853
4.44332
4.44332
4.44332
6.57853
4.44332
6.57853
6.57853
4.44332
4.44332
6.57853
6.57853
4.44332
4.44332
6.57853
4.44332
6.57853
6.57853
6.57853
4.44332
6.57853
6.57853
4.44332
4.44332
6.57853
6.57853
4.44332
4.44332
6.57853
6.57853
6.57853
6.57853
6.57853
4.44332
6.57853
6.57853
6.57853
4.44332
6.57853
4.44332
4.44332
4.44332
6.57853
6.57853
4.44332
6.57853
4.44332
6.57853
6.57853
4.44332
4.44332
6.57853
6.57853
4.44332
4.44332
6.57853
4.44332
4.44332
6.57853
6.57853
4.44332
6.57853
6.57853
6.57853
4.44332
6.57853
4.44332
4.44332
4.44332
6.57853
6.57853
4.44332
6.57853
6.57853
4.44332
4.44332
6.57853
6.57853
6.57853
6.57853
4.44332
6.57853
6.57853
4.44332
4.44332
4.44332
6.57853
4.44332
4.44332
4.44332
4.44332
4.44332
6.57853
4.44332
6.57853
6.57853
6.57853
4.44332
6.57853
6.57853
4.44332
4.44332
6.57853
6.57853
6.57853
4.44332
6.57853
4.44332
6.57853
6.57853
4.44332
4.44332
6.57853
6.57853
4.44332
4.44332
6.57853
6.57853
4.44332
4.44332
6.57853
4.44332
6.57853
6.57853
4.44332
6.57853
6.57853
4.44332
4.44332
6.57853
4.44332
6.57853
6.57853
4.44332
4.44332
6.57853
6.57853
4.44332
6.57853
4.44332
6.57853
6.57853
4.44332
4.44332
6.57853
6.57853
4.44332
6.57853
4.44332
6.57853
6.57853
4.44332
4.44332
6.57853
6.57853
6.57853
6.57853
4.44332
4.44332
6.57853
6.57853
4.44332
4.44332
6.57853
4.44332
6.57853
4.44332
4.44332
6.57853
6.57853
4.44332
4.44332
6.57853
4.44332
4.44332
6.57853
4.44332
4.44332
6.57853
6.57853
4.44332
6.57853
4.44332
4.44332
6.57853
6.57853
4.44332
6.57853
4.44332
4.44332
6.57853
6.57853
4.44332
6.57853
6.57853
6.57853
4.44332
6.57853
4.44332
6.57853
6.57853
4.44332
6.57853
6.57853
4.44332
6.57853
6.57853
4.44332
4.44332
6.57853
6.57853
6.57853
6.57853
6.57853
4.44332
4.44332
6.57853
4.44332
6.57853
4.44332
4.44332
6.57853
4.44332
6.57853
4.44332
4.44332
6.57853
4.44332
4.44332
4.44332
4.44332
4.44332
6.57853
4.44332
4.44332
4.44332
6.57853
4.44332
6.57853
4.44332
4.44332
4.44332
6.57853
4.44332
6.57853
6.57853
4.44332
6.57853
4.44332
6.57853
4.44332
4.44332
4.44332
6.57853
4.44332
6.57853
4.44332
4.44332
4.44332
6.57853
4.44332
4.44332
4.44332
4.44332
4.44332
6.57853
4.44332
4.44332
4.44332
6.57853
4.44332
6.57853
4.44332
4.44332
4.44332
6.57853
4.44332
6.57853
6.57853
6.57853
4.44332
6.57853
4.44332
6.57853
6.57853
6.57853
4.44332
6.57853
4.44332
4.44332
4.44332
6.57853
4.44332
6.57853
4.44332
6.57853
6.57853
4.44332
4.44332
6.57853
4.44332
4.44332
4.44332
4.44332
4.44332
4.44332
4.44332
4.44332
4.44332
4.44332
4.44332
4.44332
4.44332
4.44332
6.57853
6.57853
6.57853
6.57853
6.57853
6.57853
6.57853
6.57853
4.44332
4.44332
4.44332
6.57853
4.44332
6.57853
6.57853
6.57853
4.44332
4.44332
4.44332
4.44332
4.44332
6.57853
4.44332
4.44332
4.44332
6.57853
6.57853
6.57853
6.57853
6.57853
4.44332
4.44332
4.44332
6.57853
4.44332
4.44332
6.57853
4.44332
4.44332
6.57853
6.57853
6.57853
4.44332
6.57853
6.57853
4.44332
4.44332
6.57853
6.57853
6.57853
4.44332
6.57853
6.57853
4.44332
6.57853
6.57853
4.44332
4.44332
4.44332
6.57853
4.44332
6.57853
6.57853
6.57853
4.44332
6.57853
6.57853
4.44332
4.44332
6.57853
4.44332
4.44332
6.57853
6.57853
4.44332
4.44332
6.57853
6.57853
4.44332
6.57853
6.57853
4.44332
4.44332
6.57853
6.57853
6.57853
6.57853
6.57853
4.44332
4.44332
6.57853
6.57853
4.44332
4.44332
6.57853
4.44332
4.44332
6.57853
6.57853
6.57853
4.44332
6.57853
6.57853
4.44332
6.57853
6.57853
4.44332
4.44332
4.44332
6.57853
4.44332
6.57853
6.57853
6.57853
4.44332
6.57853
6.57853
6.57853
4.44332
6.57853
6.57853
4.44332
4.44332
4.44332
4.44332
4.44332
4.44332
4.44332
4.44332
4.44332
4.44332
4.44332
4.44332
4.44332
4.44332
4.44332
4.44332
4.44332
6.57853
4.44332
6.57853
4.44332
4.44332
4.44332
4.44332
6.57853
4.44332
6.57853
4.44332
6.57853
4.44332
4.44332
4.44332
6.57853
4.44332
4.44332
4.44332
6.57853
4.44332
6.57853
6.57853
6.57853
4.44332
4.44332
4.44332
6.57853
4.44332
6.57853
4.44332
6.57853
4.44332
6.57853
4.44332
6.57853
6.57853
6.57853
4.44332
4.44332
4.44332
6.57853
4.44332
6.57853
6.57853
6.57853
6.57853
4.44332
6.57853
6.57853
4.44332
4.44332
4.44332
4.44332
6.57853
4.44332
4.44332
6.57853
6.57853
6.57853
4.44332
6.57853
4.44332
4.44332
4.44332
6.57853
6.57853
4.44332
4.44332
6.57853
4.44332
4.44332
4.44332
4.44332
4.44332
6.57853
6.57853
4.44332
6.57853
6.57853
4.44332
4.44332
6.57853
6.57853
6.57853
4.44332
6.57853
6.57853
4.44332
4.44332
6.57853
6.57853
6.57853
6.57853
6.57853
6.57853
6.57853
6.57853
6.57853
6.57853
6.57853
6.57853
6.57853
6.57853
6.57853
6.57853
6.57853
6.57853
4.44332
4.44332
4.44332
4.44332
4.44332
6.57853
6.57853
4.44332
6.57853
4.44332
6.57853
4.44332
4.44332
4.44332
6.57853
4.44332
4.44332
6.57853
4.44332
4.44332
6.57853
6.57853
4.44332
4.44332
4.44332
6.57853
4.44332
4.44332
6.57853
6.57853
4.44332
4.44332
6.57853
6.57853
4.44332
6.57853
6.57853
4.44332
4.44332
6.57853
6.57853
4.44332
4.44332
4.44332
4.44332
6.57853
6.57853
4.44332
4.44332
6.57853
4.44332
4.44332
6.57853
6.57853
6.57853
4.44332
4.44332
6.57853
4.44332
4.44332
6.57853
6.57853
4.44332
4.44332
6.57853
6.57853
6.57853
6.57853
6.57853
4.44332
4.44332
4.44332
6.57853
6.57853
4.44332
6.57853
6.57853
4.44332
4.44332
6.57853
6.57853
4.44332
4.44332
6.57853
4.44332
4.44332
6.57853
6.57853
6.57853
6.57853
4.44332
4.44332
6.57853
4.44332
4.44332
6.57853
6.57853
6.57853
4.44332
4.44332
6.57853
4.44332
4.44332
6.57853
6.57853
6.57853
4.44332
4.44332
6.57853
4.44332
4.44332
6.57853
6.57853
6.57853
4.44332
6.57853
6.57853
4.44332
6.57853
6.57853
4.44332
4.44332
4.44332
6.57853
6.57853
6.57853
4.44332
4.44332
6.57853
6.57853
4.44332
4.44332
6.57853
6.57853
4.44332
6.57853
6.57853
4.44332
4.44332
6.57853
4.44332
4.44332
6.57853
4.44332
4.44332
6.57853
6.57853
4.44332
4.44332
4.44332
6.57853
4.44332
4.44332
6.57853
6.57853
4.44332
4.44332
4.44332
6.57853
4.44332
6.57853
6.57853
6.57853
4.44332
4.44332
6.57853
6.57853
4.44332
4.44332
6.57853
6.57853
6.57853
4.44332
4.44332
6.57853
4.44332
4.44332
6.57853
6.57853
6.57853
4.44332
4.44332
6.57853
4.44332
4.44332
6.57853
6.57853
4.44332
4.44332
6.57853
6.57853
4.44332
4.44332
4.44332
4.44332
6.57853
4.44332
4.44332
6.57853
6.57853
6.57853
4.44332
6.57853
6.57853
6.57853
4.44332
4.44332
6.57853
6.57853
6.57853
6.57853
6.57853
4.44332
4.44332
6.57853
6.57853
6.57853
4.44332
6.57853
4.44332
4.44332
4.44332
6.57853
6.57853
6.57853
4.44332
6.57853
4.44332
4.44332
4.44332
6.57853
6.57853
6.57853
4.44332
6.57853
4.44332
4.44332
4.44332
6.57853
4.44332
4.44332
4.44332
6.57853
6.57853
6.57853
6.57853
4.44332
4.44332
6.57853
6.57853
4.44332
6.57853
4.44332
4.44332
4.44332
6.57853
6.57853
6.57853
4.44332
4.44332
4.44332
6.57853
6.57853
6.57853
4.44332
4.44332
4.44332
6.57853
4.44332
4.44332
6.57853
6.57853
4.44332
4.44332
4.44332
6.57853
4.44332
4.44332
6.57853
6.57853
4.44332
4.44332
4.44332
6.57853
6.57853
6.57853
4.44332
4.44332
6.57853
6.57853
6.57853
4.44332
6.57853
6.57853
4.44332
4.44332
6.57853
6.57853
6.57853
4.44332
6.57853
4.44332
4.44332
4.44332
6.57853
6.57853
6.57853
4.44332
6.57853
4.44332
4.44332
4.44332
6.57853
6.57853
6.57853
4.44332
6.57853
4.44332
4.44332
4.44332
6.57853
6.57853
4.44332
4.44332
6.57853
4.44332
4.44332
4.44332
6.57853
4.44332
4.44332
4.44332
6.57853
4.44332
4.44332
6.57853
6.57853
4.44332
4.44332
4.44332
6.57853
4.44332
6.57853
6.57853
6.57853
4.44332
6.57853
6.57853
4.44332
4.44332
6.57853
4.44332
4.44332
6.57853
4.44332
4.44332
6.57853
6.57853
6.57853
6.57853
6.57853
6.57853
4.44332
4.44332
6.57853
6.57853
6.57853
4.44332
4.44332
6.57853
6.57853
6.57853
4.44332
4.44332
4.44332
6.57853
4.44332
6.57853
4.44332
4.44332
4.44332
4.44332
4.44332
4.44332
4.44332
4.44332
4.44332
4.44332
4.44332
4.44332
6.57853
4.44332
6.57853
6.57853
6.57853
4.44332
4.44332
4.44332
4.44332
4.44332
6.57853
4.44332
4.44332
4.44332
6.57853
4.44332
6.57853
6.57853
6.57853
4.44332
6.57853
6.57853
4.44332
4.44332
6.57853
4.44332
4.44332
4.44332
6.57853
4.44332
6.57853
6.57853
6.57853
4.44332
6.57853
6.57853
6.57853
4.44332
6.57853
4.44332
4.44332
4.44332
6.57853
4.44332
4.44332
4.44332
6.57853
4.44332
6.57853
6.57853
6.57853
4.44332
6.57853
6.57853
6.57853
6.57853
6.57853
4.44332
4.44332
4.44332
6.57853
4.44332
4.44332
4.44332
6.57853
4.44332
6.57853
6.57853
6.57853
4.44332
6.57853
6.57853
4.44332
6.57853
4.44332
4.44332
6.57853
4.44332
4.44332
4.44332
4.44332
4.44332
6.57853
6.57853
6.57853
6.57853
4.44332
6.57853
6.57853
4.44332
4.44332
6.57853
4.44332
4.44332
4.44332
6.57853
4.44332
6.57853
6.57853
6.57853
4.44332
6.57853
6.57853
6.57853
4.44332
6.57853
4.44332
4.44332
4.44332
6.57853
4.44332
4.44332
4.44332
6.57853
4.44332
6.57853
6.57853
6.57853
4.44332
6.57853
6.57853
6.57853
4.44332
6.57853
4.44332
4.44332
4.44332
6.57853
4.44332
4.44332
6.57853
4.44332
4.44332
6.57853
4.44332
4.44332
4.44332
6.57853
4.44332
6.57853
6.57853
6.57853
4.44332
6.57853
4.44332
4.44332
4.44332
4.44332
6.57853
4.44332
4.44332
4.44332
6.57853
6.57853
6.57853
4.44332
4.44332
4.44332
6.57853
6.57853
6.57853
4.44332
6.57853
6.57853
4.44332
4.44332
6.57853
4.44332
4.44332
4.44332
6.57853
4.44332
6.57853
6.57853
6.57853
4.44332
6.57853
6.57853
6.57853
4.44332
6.57853
4.44332
4.44332
4.44332
6.57853
4.44332
4.44332
4.44332
6.57853
4.44332
6.57853
6.57853
6.57853
4.44332
6.57853
6.57853
6.57853
4.44332
6.57853
4.44332
4.44332
4.44332
6.57853
4.44332
4.44332
6.57853
6.57853
4.44332
6.57853
6.57853
4.44332
4.44332
4.44332
6.57853
6.57853
4.44332
6.57853
4.44332
4.44332
6.57853
6.57853
6.57853
6.57853
6.57853
6.57853
6.57853
6.57853
6.57853
6.57853
6.57853
6.57853
6.57853
4.44332
4.44332
4.44332
4.44332
4.44332
6.57853
6.57853
6.57853
6.57853
4.44332
4.44332
6.57853
4.44332
4.44332
6.57853
6.57853
4.44332
6.57853
4.44332
4.44332
6.57853
6.57853
4.44332
6.57853
6.57853
4.44332
6.57853
4.44332
4.44332
6.57853
4.44332
4.44332
6.57853
6.57853
6.57853
6.57853
4.44332
6.57853
6.57853
4.44332
4.44332
6.57853
4.44332
6.57853
6.57853
4.44332
4.44332
6.57853
4.44332
4.44332
6.57853
4.44332
6.57853
6.57853
6.57853
6.57853
4.44332
4.44332
6.57853
4.44332
6.57853
4.44332
4.44332
6.57853
6.57853
4.44332
6.57853
6.57853
6.57853
6.57853
4.44332
4.44332
6.57853
4.44332
4.44332
6.57853
4.44332
6.57853
6.57853
4.44332
6.57853
6.57853
4.44332
6.57853
4.44332
4.44332
6.57853
6.57853
4.44332
4.44332
6.57853
4.44332
4.44332
6.57853
4.44332
6.57853
6.57853
4.44332
4.44332
6.57853
6.57853
6.57853
6.57853
4.44332
4.44332
6.57853
6.57853
4.44332
6.57853
6.57853
6.57853
6.57853
4.44332
4.44332
6.57853
4.44332
4.44332
6.57853
4.44332
6.57853
6.57853
4.44332
4.44332
6.57853
6.57853
4.44332
6.57853
4.44332
4.44332
6.57853
6.57853
4.44332
6.57853
6.57853
4.44332
6.57853
4.44332
4.44332
6.57853
6.57853
4.44332
4.44332
4.44332
4.44332
6.57853
6.57853
4.44332
4.44332
6.57853
4.44332
4.44332
6.57853
4.44332
6.57853
6.57853
4.44332
4.44332
6.57853
6.57853
6.57853
6.57853
6.57853
6.57853
4.44332
4.44332
6.57853
4.44332
4.44332
6.57853
4.44332
6.57853
6.57853
4.44332
4.44332
6.57853
6.57853
6.57853
6.57853
4.44332
4.44332
6.57853
4.44332
4.44332
6.57853
4.44332
6.57853
4.44332
4.44332
6.57853
4.44332
4.44332
6.57853
6.57853
6.57853
4.44332
4.44332
6.57853
4.44332
6.57853
6.57853
4.44332
6.57853
4.44332
6.57853
6.57853
4.44332
6.57853
6.57853
4.44332
6.57853
4.44332
6.57853
6.57853
4.44332
6.57853
6.57853
4.44332
6.57853
4.44332
6.57853
6.57853
4.44332
6.57853
4.44332
6.57853
4.44332
6.57853
4.44332
4.44332
6.57853
4.44332
6.57853
6.57853
4.44332
6.57853
4.44332
6.57853
6.57853
4.44332
6.57853
6.57853
4.44332
6.57853
4.44332
6.57853
6.57853
4.44332
6.57853
6.57853
4.44332
6.57853
4.44332
6.57853
6.57853
4.44332
6.57853
4.44332
4.44332
6.57853
6.57853
4.44332
4.44332
4.44332
6.57853
4.44332
6.57853
6.57853
6.57853
4.44332
6.57853
4.44332
4.44332
6.57853
4.44332
4.44332
6.57853
4.44332
6.57853
4.44332
4.44332
6.57853
4.44332
4.44332
6.57853
4.44332
6.57853
4.44332
4.44332
6.57853
4.44332
4.44332
6.57853
4.44332
6.57853
4.44332
4.44332
6.57853
4.44332
6.57853
6.57853
4.44332
6.57853
4.44332
6.57853
6.57853
4.44332
6.57853
6.57853
4.44332
4.44332
4.44332
6.57853
6.57853
6.57853
4.44332
6.57853
4.44332
6.57853
4.44332
4.44332
6.57853
4.44332
4.44332
6.57853
4.44332
6.57853
4.44332
6.57853
6.57853
4.44332
6.57853
6.57853
4.44332
6.57853
4.44332
6.57853
4.44332
4.44332
6.57853
4.44332
4.44332
6.57853
4.44332
6.57853
4.44332
4.44332
6.57853
4.44332
4.44332
6.57853
4.44332
6.57853
4.44332
4.44332
6.57853
4.44332
6.57853
6.57853
4.44332
6.57853
4.44332
4.44332
6.57853
6.57853
4.44332
4.44332
6.57853
6.57853
4.44332
6.57853
6.57853
4.44332
4.44332
6.57853
6.57853
4.44332
6.57853
6.57853
4.44332
4.44332
6.57853
4.44332
4.44332
6.57853
4.44332
4.44332
6.57853
6.57853
4.44332
4.44332
6.57853
6.57853
4.44332
6.57853
6.57853
4.44332
4.44332
6.57853
6.57853
4.44332
4.44332
6.57853
4.44332
4.44332
6.57853
6.57853
4.44332
4.44332
6.57853
6.57853
4.44332
6.57853
6.57853
4.44332
4.44332
6.57853
6.57853
6.57853
4.44332
4.44332
4.44332
4.44332
6.57853
6.57853
4.44332
4.44332
6.57853
6.57853
6.57853
4.44332
4.44332
6.57853
6.57853
4.44332
6.57853
6.57853
4.44332
4.44332
6.57853
6.57853
4.44332
4.44332
6.57853
4.44332
4.44332
6.57853
6.57853
4.44332
4.44332
6.57853
6.57853
4.44332
6.57853
6.57853
4.44332
4.44332
6.57853
6.57853
4.44332
4.44332
6.57853
4.44332
4.44332
6.57853
6.57853
4.44332
4.44332
6.57853
4.44332
4.44332
6.57853
6.57853
4.44332
4.44332
6.57853
6.57853
4.44332
6.57853
6.57853
4.44332
4.44332
6.57853
6.57853
4.44332
6.57853
6.57853
4.44332
4.44332
6.57853
4.44332
4.44332
4.44332
4.44332
4.44332
4.44332
4.44332
4.44332
4.44332
4.44332
4.44332
4.44332
4.44332
4.44332
4.44332
6.57853
4.44332
4.44332
6.57853
6.57853
4.44332
4.44332
6.57853
4.44332
4.44332
4.44332
4.44332
6.57853
4.44332
6.57853
4.44332
4.44332
6.57853
6.57853
4.44332
4.44332
4.44332
4.44332
4.44332
4.44332
4.44332
4.44332
4.44332
4.44332
4.44332
4.44332
4.44332
4.44332
4.44332
4.44332
6.57853
4.44332
6.57853
4.44332
6.57853
6.57853
4.44332
6.57853
6.57853
4.44332
6.57853
6.57853
6.57853
6.57853
6.57853
6.57853
4.44332
6.57853
6.57853
6.57853
4.44332
6.57853
4.44332
4.44332
4.44332
6.57853
4.44332
4.44332
4.44332
6.57853
4.44332
6.57853
6.57853
6.57853
4.44332
6.57853
6.57853
6.57853
4.44332
6.57853
4.44332
4.44332
4.44332
6.57853
4.44332
4.44332
4.44332
6.57853
4.44332
6.57853
6.57853
6.57853
4.44332
6.57853
6.57853
6.57853
6.57853
4.44332
6.57853
4.44332
4.44332
4.44332
6.57853
4.44332
6.57853
6.57853
6.57853
4.44332
6.57853
6.57853
6.57853
4.44332
6.57853
4.44332
6.57853
6.57853
6.57853
4.44332
6.57853
6.57853
4.44332
4.44332
6.57853
4.44332
4.44332
4.44332
6.57853
4.44332
4.44332
6.57853
6.57853
4.44332
6.57853
6.57853
6.57853
4.44332
6.57853
4.44332
6.57853
6.57853
6.57853
4.44332
6.57853
6.57853
6.57853
6.57853
6.57853
4.44332
4.44332
4.44332
6.57853
4.44332
4.44332
4.44332
6.57853
4.44332
6.57853
6.57853
6.57853
6.57853
4.44332
4.44332
4.44332
6.57853
4.44332
6.57853
6.57853
4.44332
6.57853
6.57853
6.57853
6.57853
6.57853
6.57853
6.57853
6.57853
6.57853
6.57853
6.57853
6.57853
6.57853
6.57853
4.44332
6.57853
4.44332
6.57853
6.57853
6.57853
4.44332
6.57853
4.44332
6.57853
4.44332
4.44332
4.44332
6.57853
4.44332
4.44332
4.44332
6.57853
4.44332
4.44332
6.57853
6.57853
4.44332
4.44332
6.57853
4.44332
6.57853
4.44332
4.44332
4.44332
6.57853
6.57853
6.57853
6.57853
6.57853
4.44332
6.57853
6.57853
6.57853
4.44332
4.44332
4.44332
6.57853
4.44332
6.57853
6.57853
6.57853
4.44332
6.57853
6.57853
6.57853
4.44332
6.57853
6.57853
4.44332
6.57853
4.44332
4.44332
4.44332
4.44332
6.57853
4.44332
4.44332
4.44332
6.57853
6.57853
6.57853
4.44332
6.57853
6.57853
4.44332
4.44332
6.57853
4.44332
4.44332
6.57853
6.57853
6.57853
4.44332
4.44332
4.44332
6.57853
4.44332
6.57853
4.44332
4.44332
4.44332
6.57853
4.44332
4.44332
4.44332
6.57853
4.44332
4.44332
6.57853
6.57853
4.44332
4.44332
4.44332
6.57853
4.44332
6.57853
6.57853
4.44332
4.44332
6.57853
6.57853
4.44332
4.44332
6.57853
4.44332
6.57853
6.57853
6.57853
4.44332
6.57853
6.57853
4.44332
4.44332
6.57853
4.44332
4.44332
4.44332
6.57853
6.57853
6.57853
6.57853
6.57853
4.44332
4.44332
4.44332
6.57853
4.44332
6.57853
6.57853
6.57853
4.44332
6.57853
6.57853
4.44332
6.57853
6.57853
4.44332
6.57853
6.57853
4.44332
4.44332
4.44332
6.57853
4.44332
6.57853
6.57853
6.57853
4.44332
6.57853
6.57853
6.57853
4.44332
6.57853
6.57853
4.44332
4.44332
6.57853
6.57853
6.57853
4.44332
6.57853
4.44332
4.44332
4.44332
6.57853
4.44332
4.44332
6.57853
6.57853
4.44332
6.57853
4.44332
6.57853
6.57853
4.44332
4.44332
6.57853
4.44332
6.57853
6.57853
4.44332
4.44332
6.57853
4.44332
4.44332
6.57853
4.44332
6.57853
4.44332
6.57853
6.57853
6.57853
4.44332
6.57853
4.44332
6.57853
6.57853
6.57853
4.44332
6.57853
6.57853
4.44332
4.44332
6.57853
4.44332
6.57853
4.44332
4.44332
4.44332
6.57853
4.44332
6.57853
4.44332
4.44332
6.57853
6.57853
4.44332
6.57853
6.57853
6.57853
6.57853
4.44332
4.44332
6.57853
4.44332
4.44332
4.44332
6.57853
4.44332
6.57853
4.44332
4.44332
6.57853
6.57853
4.44332
6.57853
4.44332
6.57853
6.57853
6.57853
6.57853
4.44332
4.44332
4.44332
4.44332
6.57853
4.44332
6.57853
4.44332
4.44332
4.44332
6.57853
4.44332
6.57853
4.44332
4.44332
4.44332
6.57853
4.44332
4.44332
6.57853
6.57853
6.57853
4.44332
6.57853
6.57853
4.44332
6.57853
4.44332
6.57853
4.44332
4.44332
6.57853
6.57853
4.44332
6.57853
6.57853
6.57853
6.57853
6.57853
4.44332
6.57853
6.57853
4.44332
4.44332
6.57853
4.44332
6.57853
6.57853
4.44332
4.44332
6.57853
4.44332
4.44332
4.44332
4.44332
4.44332
6.57853
4.44332
4.44332
6.57853
6.57853
4.44332
6.57853
4.44332
6.57853
6.57853
6.57853
4.44332
6.57853
6.57853
6.57853
6.57853
6.57853
4.44332
6.57853
6.57853
6.57853
6.57853
4.44332
6.57853
4.44332
6.57853
6.57853
6.57853
4.44332
6.57853
4.44332
6.57853
6.57853
4.44332
4.44332
6.57853
4.44332
4.44332
6.57853
4.44332
6.57853
6.57853
4.44332
6.57853
6.57853
4.44332
4.44332
6.57853
4.44332
6.57853
6.57853
6.57853
4.44332
6.57853
6.57853
6.57853
4.44332
6.57853
6.57853
4.44332
4.44332
6.57853
6.57853
6.57853
4.44332
6.57853
6.57853
6.57853
4.44332
4.44332
6.57853
6.57853
4.44332
6.57853
6.57853
4.44332
4.44332
6.57853
6.57853
4.44332
6.57853
4.44332
4.44332
4.44332
6.57853
6.57853
6.57853
4.44332
6.57853
4.44332
4.44332
4.44332
6.57853
4.44332
4.44332
4.44332
6.57853
4.44332
6.57853
6.57853
4.44332
6.57853
4.44332
4.44332
4.44332
6.57853
4.44332
6.57853
6.57853
6.57853
4.44332
6.57853
6.57853
6.57853
6.57853
6.57853
4.44332
6.57853
6.57853
6.57853
4.44332
6.57853
4.44332
4.44332
4.44332
6.57853
6.57853
6.57853
4.44332
6.57853
4.44332
4.44332
4.44332
6.57853
6.57853
6.57853
4.44332
6.57853
6.57853
4.44332
4.44332
6.57853
6.57853
6.57853
4.44332
6.57853
6.57853
6.57853
4.44332
6.57853
4.44332
4.44332
4.44332
6.57853
6.57853
4.44332
4.44332
6.57853
4.44332
4.44332
4.44332
6.57853
4.44332
4.44332
6.57853
6.57853
4.44332
6.57853
6.57853
6.57853
4.44332
4.44332
6.57853
4.44332
4.44332
6.57853
6.57853
6.57853
6.57853
4.44332
6.57853
4.44332
4.44332
6.57853
6.57853
4.44332
4.44332
4.44332
6.57853
4.44332
6.57853
6.57853
6.57853
4.44332
6.57853
6.57853
6.57853
4.44332
6.57853
4.44332
4.44332
4.44332
6.57853
4.44332
4.44332
4.44332
6.57853
4.44332
4.44332
6.57853
6.57853
4.44332
4.44332
4.44332
6.57853
4.44332
6.57853
6.57853
4.44332
6.57853
4.44332
4.44332
6.57853
6.57853
4.44332
6.57853
6.57853
6.57853
4.44332
6.57853
4.44332
4.44332
4.44332
6.57853
4.44332
4.44332
4.44332
6.57853
4.44332
6.57853
6.57853
6.57853
4.44332
6.57853
6.57853
6.57853
4.44332
6.57853
6.57853
6.57853
4.44332
6.57853
6.57853
6.57853
4.44332
6.57853
6.57853
6.57853
6.57853
4.44332
6.57853
6.57853
6.57853
4.44332
6.57853
4.44332
4.44332
4.44332
6.57853
6.57853
6.57853
4.44332
6.57853
4.44332
6.57853
6.57853
4.44332
4.44332
6.57853
6.57853
4.44332
4.44332
4.44332
6.57853
6.57853
4.44332
4.44332
6.57853
6.57853
6.57853
6.57853
6.57853
4.44332
4.44332
4.44332
6.57853
4.44332
6.57853
6.57853
6.57853
4.44332
6.57853
6.57853
6.57853
4.44332
6.57853
6.57853
6.57853
4.44332
6.57853
6.57853
4.44332
6.57853
6.57853
4.44332
6.57853
6.57853
4.44332
4.44332
4.44332
6.57853
4.44332
6.57853
6.57853
6.57853
4.44332
6.57853
6.57853
6.57853
4.44332
6.57853
4.44332
4.44332
4.44332
6.57853
6.57853
6.57853
4.44332
6.57853
4.44332
4.44332
4.44332
6.57853
4.44332
4.44332
4.44332
6.57853
4.44332
4.44332
4.44332
6.57853
4.44332
4.44332
4.44332
6.57853
4.44332
6.57853
6.57853
4.44332
4.44332
6.57853
6.57853
6.57853
4.44332
6.57853
4.44332
4.44332
4.44332
6.57853
6.57853
4.44332
4.44332
6.57853
4.44332
4.44332
4.44332
6.57853
4.44332
4.44332
4.44332
6.57853
4.44332
4.44332
4.44332
6.57853
4.44332
4.44332
4.44332
6.57853
4.44332
4.44332
4.44332
6.57853
4.44332
4.44332
4.44332
6.57853
4.44332
6.57853
6.57853
6.57853
4.44332
4.44332
4.44332
6.57853
4.44332
6.57853
6.57853
6.57853
4.44332
6.57853
6.57853
4.44332
6.57853
4.44332
6.57853
6.57853
6.57853
4.44332
6.57853
6.57853
6.57853
4.44332
6.57853
6.57853
6.57853
4.44332
6.57853
6.57853
6.57853
4.44332
6.57853
6.57853
4.44332
4.44332
6.57853
6.57853
6.57853
4.44332
6.57853
4.44332
6.57853
6.57853
6.57853
4.44332
6.57853
6.57853
4.44332
4.44332
6.57853
4.44332
4.44332
4.44332
6.57853
6.57853
4.44332
4.44332
6.57853
4.44332
4.44332
4.44332
6.57853
4.44332
4.44332
6.57853
6.57853
4.44332
6.57853
6.57853
6.57853
4.44332
4.44332
6.57853
6.57853
6.57853
4.44332
4.44332
4.44332
6.57853
4.44332
6.57853
6.57853
6.57853
4.44332
4.44332
4.44332
6.57853
4.44332
4.44332
6.57853
6.57853
4.44332
6.57853
6.57853
6.57853
4.44332
6.57853
4.44332
4.44332
4.44332
6.57853
6.57853
6.57853
4.44332
6.57853
4.44332
4.44332
4.44332
6.57853
4.44332
4.44332
4.44332
6.57853
6.57853
4.44332
6.57853
6.57853
4.44332
4.44332
4.44332
6.57853
4.44332
6.57853
6.57853
6.57853
4.44332
6.57853
6.57853
6.57853
4.44332
4.44332
4.44332
4.44332
4.44332
4.44332
6.57853
4.44332
6.57853
6.57853
6.57853
4.44332
6.57853
4.44332
4.44332
6.57853
6.57853
4.44332
4.44332
4.44332
6.57853
4.44332
6.57853
6.57853
6.57853
4.44332
6.57853
6.57853
6.57853
4.44332
6.57853
6.57853
4.44332
4.44332
6.57853
6.57853
6.57853
4.44332
6.57853
6.57853
6.57853
6.57853
4.44332
6.57853
6.57853
6.57853
4.44332
6.57853
4.44332
4.44332
4.44332
6.57853
6.57853
6.57853
6.57853
6.57853
4.44332
6.57853
6.57853
6.57853
4.44332
6.57853
4.44332
4.44332
4.44332
6.57853
4.44332
4.44332
4.44332
6.57853
4.44332
6.57853
4.44332
4.44332
4.44332
4.44332
4.44332
4.44332
4.44332
4.44332
4.44332
4.44332
4.44332
4.44332
4.44332
4.44332
4.44332
6.57853
4.44332
6.57853
6.57853
4.44332
4.44332
4.44332
4.44332
6.57853
4.44332
6.57853
4.44332
6.57853
4.44332
6.57853
4.44332
6.57853
4.44332
4.44332
4.44332
6.57853
4.44332
6.57853
6.57853
6.57853
4.44332
6.57853
6.57853
6.57853
4.44332
6.57853
4.44332
4.44332
4.44332
6.57853
4.44332
6.57853
4.44332
6.57853
4.44332
6.57853
6.57853
4.44332
6.57853
4.44332
6.57853
6.57853
6.57853
4.44332
6.57853
4.44332
4.44332
6.57853
6.57853
6.57853
6.57853
4.44332
6.57853
6.57853
6.57853
4.44332
6.57853
6.57853
6.57853
4.44332
6.57853
4.44332
6.57853
4.44332
6.57853
6.57853
6.57853
4.44332
6.57853
4.44332
4.44332
4.44332
6.57853
4.44332
4.44332
6.57853
6.57853
4.44332
6.57853
4.44332
6.57853
4.44332
4.44332
4.44332
6.57853
4.44332
6.57853
6.57853
6.57853
4.44332
6.57853
4.44332
6.57853
4.44332
6.57853
4.44332
6.57853
4.44332
6.57853
6.57853
4.44332
4.44332
6.57853
4.44332
4.44332
4.44332
6.57853
4.44332
6.57853
6.57853
6.57853
4.44332
6.57853
4.44332
6.57853
4.44332
6.57853
4.44332
6.57853
4.44332
6.57853
6.57853
6.57853
4.44332
6.57853
4.44332
4.44332
4.44332
6.57853
4.44332
4.44332
4.44332
6.57853
4.44332
6.57853
4.44332
6.57853
4.44332
4.44332
4.44332
6.57853
4.44332
6.57853
6.57853
6.57853
4.44332
6.57853
4.44332
6.57853
4.44332
6.57853
4.44332
6.57853
4.44332
6.57853
6.57853
6.57853
4.44332
6.57853
4.44332
4.44332
4.44332
6.57853
4.44332
6.57853
4.44332
6.57853
4.44332
6.57853
4.44332
6.57853
4.44332
4.44332
4.44332
6.57853
4.44332
6.57853
6.57853
6.57853
4.44332
6.57853
6.57853
6.57853
4.44332
6.57853
4.44332
4.44332
4.44332
6.57853
6.57853
6.57853
4.44332
6.57853
4.44332
4.44332
4.44332
6.57853
4.44332
4.44332
4.44332
6.57853
4.44332
6.57853
4.44332
6.57853
4.44332
6.57853
4.44332
4.44332
4.44332
6.57853
4.44332
6.57853
4.44332
4.44332
4.44332
4.44332
6.57853
4.44332
6.57853
6.57853
4.44332
6.57853
4.44332
4.44332
6.57853
4.44332
6.57853
6.57853
4.44332
6.57853
4.44332
4.44332
6.57853
6.57853
4.44332
6.57853
4.44332
4.44332
4.44332
6.57853
4.44332
6.57853
6.57853
6.57853
6.57853
4.44332
6.57853
4.44332
4.44332
6.57853
4.44332
4.44332
6.57853
4.44332
6.57853
6.57853
6.57853
6.57853
6.57853
4.44332
6.57853
4.44332
6.57853
6.57853
6.57853
6.57853
6.57853
4.44332
6.57853
4.44332
4.44332
4.44332
6.57853
4.44332
6.57853
4.44332
4.44332
4.44332
6.57853
4.44332
6.57853
6.57853
4.44332
6.57853
6.57853
4.44332
6.57853
4.44332
4.44332
4.44332
4.44332
4.44332
6.57853
4.44332
4.44332
6.57853
4.44332
6.57853
4.44332
6.57853
6.57853
6.57853
4.44332
6.57853
4.44332
4.44332
4.44332
4.44332
4.44332
6.57853
4.44332
6.57853
6.57853
6.57853
4.44332
6.57853
4.44332
6.57853
6.57853
6.57853
4.44332
6.57853
4.44332
4.44332
6.57853
6.57853
4.44332
6.57853
4.44332
6.57853
6.57853
4.44332
6.57853
4.44332
6.57853
4.44332
4.44332
4.44332
6.57853
4.44332
6.57853
4.44332
4.44332
4.44332
6.57853
4.44332
6.57853
6.57853
6.57853
6.57853
6.57853
4.44332
6.57853
4.44332
4.44332
4.44332
6.57853
4.44332
6.57853
4.44332
4.44332
4.44332
6.57853
4.44332
6.57853
6.57853
4.44332
4.44332
6.57853
4.44332
6.57853
6.57853
6.57853
4.44332
6.57853
4.44332
6.57853
6.57853
6.57853
4.44332
6.57853
4.44332
6.57853
4.44332
4.44332
4.44332
6.57853
4.44332
4.44332
4.44332
4.44332
4.44332
6.57853
4.44332
6.57853
4.44332
4.44332
4.44332
6.57853
4.44332
6.57853
4.44332
6.57853
4.44332
4.44332
4.44332
6.57853
4.44332
6.57853
6.57853
6.57853
4.44332
6.57853
4.44332
6.57853
4.44332
6.57853
4.44332
6.57853
4.44332
6.57853
6.57853
6.57853
4.44332
6.57853
4.44332
4.44332
4.44332
6.57853
6.57853
6.57853
4.44332
6.57853
4.44332
4.44332
4.44332
6.57853
4.44332
6.57853
4.44332
6.57853
4.44332
6.57853
4.44332
6.57853
4.44332
4.44332
4.44332
6.57853
4.44332
6.57853
6.57853
6.57853
4.44332
6.57853
6.57853
6.57853
4.44332
6.57853
4.44332
4.44332
4.44332
6.57853
4.44332
6.57853
6.57853
6.57853
4.44332
6.57853
4.44332
6.57853
4.44332
4.44332
4.44332
6.57853
4.44332
6.57853
4.44332
6.57853
4.44332
6.57853
6.57853
4.44332
4.44332
6.57853
4.44332
6.57853
6.57853
6.57853
4.44332
6.57853
4.44332
4.44332
4.44332
6.57853
4.44332
6.57853
4.44332
6.57853
4.44332
4.44332
4.44332
6.57853
4.44332
6.57853
4.44332
6.57853
4.44332
6.57853
4.44332
6.57853
4.44332
4.44332
4.44332
6.57853
4.44332
6.57853
4.44332
6.57853
4.44332
4.44332
4.44332
6.57853
4.44332
6.57853
4.44332
6.57853
4.44332
4.44332
4.44332
6.57853
4.44332
4.44332
6.57853
6.57853
4.44332
6.57853
4.44332
6.57853
4.44332
6.57853
4.44332
6.57853
4.44332
6.57853
6.57853
6.57853
4.44332
6.57853
4.44332
6.57853
4.44332
6.57853
4.44332
6.57853
6.57853
6.57853
4.44332
6.57853
4.44332
4.44332
4.44332
6.57853
4.44332
6.57853
4.44332
6.57853
4.44332
4.44332
4.44332
6.57853
4.44332
6.57853
6.57853
4.44332
4.44332
6.57853
4.44332
4.44332
4.44332
6.57853
4.44332
4.44332
6.57853
6.57853
4.44332
6.57853
4.44332
6.57853
4.44332
4.44332
6.57853
4.44332
6.57853
4.44332
6.57853
4.44332
6.57853
6.57853
4.44332
6.57853
6.57853
4.44332
6.57853
4.44332
6.57853
4.44332
6.57853
6.57853
6.57853
4.44332
6.57853
4.44332
6.57853
4.44332
6.57853
4.44332
6.57853
4.44332
6.57853
6.57853
6.57853
4.44332
6.57853
4.44332
6.57853
4.44332
6.57853
6.57853
6.57853
4.44332
6.57853
6.57853
4.44332
4.44332
6.57853
4.44332
6.57853
4.44332
4.44332
4.44332
6.57853
4.44332
4.44332
6.57853
6.57853
4.44332
6.57853
6.57853
4.44332
4.44332
6.57853
6.57853
4.44332
4.44332
6.57853
6.57853
4.44332
6.57853
6.57853
6.57853
6.57853
4.44332
4.44332
6.57853
6.57853
6.57853
6.57853
4.44332
4.44332
6.57853
6.57853
4.44332
4.44332
6.57853
4.44332
4.44332
6.57853
6.57853
6.57853
4.44332
4.44332
6.57853
4.44332
4.44332
6.57853
6.57853
4.44332
4.44332
6.57853
4.44332
6.57853
6.57853
4.44332
4.44332
6.57853
6.57853
4.44332
4.44332
6.57853
4.44332
4.44332
6.57853
6.57853
4.44332
4.44332
4.44332
6.57853
4.44332
4.44332
6.57853
6.57853
4.44332
6.57853
6.57853
6.57853
4.44332
6.57853
6.57853
4.44332
6.57853
6.57853
4.44332
4.44332
6.57853
4.44332
4.44332
6.57853
6.57853
6.57853
4.44332
4.44332
4.44332
4.44332
4.44332
6.57853
6.57853
4.44332
4.44332
4.44332
4.44332
4.44332
4.44332
6.57853
6.57853
4.44332
4.44332
6.57853
6.57853
4.44332
6.57853
6.57853
4.44332
4.44332
6.57853
4.44332
4.44332
4.44332
6.57853
4.44332
6.57853
6.57853
4.44332
4.44332
4.44332
6.57853
4.44332
6.57853
6.57853
6.57853
6.57853
6.57853
6.57853
6.57853
6.57853
6.57853
6.57853
6.57853
6.57853
6.57853
6.57853
6.57853
4.44332
4.44332
6.57853
4.44332
6.57853
6.57853
4.44332
4.44332
6.57853
4.44332
4.44332
6.57853
6.57853
4.44332
4.44332
4.44332
6.57853
6.57853
6.57853
4.44332
6.57853
6.57853
4.44332
4.44332
4.44332
6.57853
4.44332
6.57853
6.57853
6.57853
4.44332
6.57853
6.57853
6.57853
4.44332
6.57853
4.44332
6.57853
6.57853
6.57853
4.44332
6.57853
4.44332
4.44332
4.44332
6.57853
6.57853
6.57853
4.44332
6.57853
6.57853
6.57853
4.44332
6.57853
4.44332
4.44332
4.44332
6.57853
4.44332
6.57853
6.57853
6.57853
4.44332
4.44332
4.44332
6.57853
4.44332
4.44332
6.57853
6.57853
4.44332
6.57853
6.57853
6.57853
4.44332
4.44332
4.44332
6.57853
4.44332
6.57853
6.57853
6.57853
4.44332
6.57853
6.57853
4.44332
6.57853
4.44332
4.44332
4.44332
6.57853
4.44332
4.44332
6.57853
6.57853
4.44332
6.57853
6.57853
6.57853
4.44332
6.57853
6.57853
4.44332
4.44332
6.57853
4.44332
4.44332
4.44332
6.57853
4.44332
4.44332
4.44332
6.57853
4.44332
4.44332
6.57853
6.57853
4.44332
6.57853
4.44332
4.44332
6.57853
4.44332
6.57853
4.44332
4.44332
4.44332
6.57853
6.57853
6.57853
4.44332
6.57853
4.44332
6.57853
6.57853
6.57853
4.44332
4.44332
4.44332
6.57853
6.57853
4.44332
6.57853
4.44332
4.44332
6.57853
6.57853
4.44332
6.57853
4.44332
6.57853
6.57853
4.44332
4.44332
6.57853
4.44332
6.57853
6.57853
6.57853
6.57853
6.57853
6.57853
6.57853
4.44332
6.57853
6.57853
4.44332
6.57853
4.44332
6.57853
4.44332
6.57853
4.44332
4.44332
4.44332
6.57853
4.44332
6.57853
4.44332
6.57853
4.44332
4.44332
4.44332
6.57853
6.57853
6.57853
6.57853
4.44332
4.44332
4.44332
6.57853
4.44332
4.44332
6.57853
4.44332
4.44332
6.57853
4.44332
4.44332
4.44332
4.44332
4.44332
6.57853
4.44332
6.57853
6.57853
6.57853
4.44332
6.57853
6.57853
6.57853
4.44332
6.57853
6.57853
6.57853
4.44332
6.57853
6.57853
6.57853
6.57853
6.57853
4.44332
4.44332
4.44332
6.57853
4.44332
6.57853
4.44332
6.57853
4.44332
4.44332
4.44332
6.57853
4.44332
6.57853
4.44332
6.57853
4.44332
4.44332
4.44332
6.57853
4.44332
4.44332
4.44332
6.57853
4.44332
6.57853
6.57853
6.57853
4.44332
4.44332
4.44332
6.57853
4.44332
6.57853
6.57853
6.57853
4.44332
6.57853
4.44332
6.57853
4.44332
6.57853
6.57853
6.57853
4.44332
4.44332
4.44332
6.57853
4.44332
4.44332
6.57853
4.44332
6.57853
4.44332
4.44332
4.44332
4.44332
4.44332
4.44332
4.44332
4.44332
4.44332
4.44332
4.44332
4.44332
4.44332
4.44332
4.44332
4.44332
4.44332
4.44332
6.57853
4.44332
4.44332
4.44332
4.44332
4.44332
6.57853
4.44332
4.44332
4.44332
6.57853
4.44332
4.44332
4.44332
6.57853
4.44332
6.57853
6.57853
4.44332
6.57853
6.57853
6.57853
4.44332
4.44332
4.44332
6.57853
6.57853
6.57853
4.44332
6.57853
6.57853
6.57853
6.57853
6.57853
4.44332
4.44332
4.44332
6.57853
4.44332
4.44332
4.44332
6.57853
6.57853
6.57853
4.44332
4.44332
4.44332
6.57853
4.44332
4.44332
4.44332
6.57853
4.44332
4.44332
4.44332
6.57853
4.44332
4.44332
4.44332
6.57853
4.44332
4.44332
4.44332
4.44332
6.57853
4.44332
4.44332
4.44332
6.57853
4.44332
4.44332
4.44332
6.57853
4.44332
4.44332
4.44332
6.57853
4.44332
4.44332
4.44332
6.57853
4.44332
6.57853
6.57853
6.57853
4.44332
6.57853
6.57853
6.57853
4.44332
4.44332
4.44332
4.44332
6.57853
4.44332
4.44332
4.44332
6.57853
4.44332
6.57853
4.44332
4.44332
4.44332
6.57853
6.57853
6.57853
6.57853
6.57853
4.44332
4.44332
4.44332
6.57853
4.44332
4.44332
4.44332
6.57853
4.44332
4.44332
4.44332
6.57853
4.44332
4.44332
4.44332
4.44332
4.44332
6.57853
6.57853
6.57853
4.44332
6.57853
6.57853
6.57853
6.57853
6.57853
4.44332
4.44332
4.44332
6.57853
4.44332
4.44332
6.57853
6.57853
4.44332
6.57853
6.57853
6.57853
4.44332
6.57853
4.44332
4.44332
4.44332
6.57853
4.44332
4.44332
4.44332
6.57853
4.44332
6.57853
6.57853
6.57853
4.44332
6.57853
6.57853
6.57853
4.44332
6.57853
4.44332
6.57853
6.57853
6.57853
4.44332
6.57853
6.57853
6.57853
6.57853
6.57853
4.44332
6.57853
6.57853
6.57853
4.44332
4.44332
4.44332
4.44332
4.44332
6.57853
4.44332
6.57853
6.57853
4.44332
6.57853
6.57853
4.44332
4.44332
4.44332
6.57853
4.44332
4.44332
6.57853
4.44332
6.57853
6.57853
4.44332
4.44332
6.57853
4.44332
6.57853
6.57853
6.57853
4.44332
6.57853
4.44332
6.57853
6.57853
6.57853
4.44332
6.57853
4.44332
4.44332
6.57853
4.44332
4.44332
6.57853
4.44332
4.44332
4.44332
4.44332
4.44332
6.57853
4.44332
4.44332
4.44332
6.57853
4.44332
6.57853
4.44332
4.44332
4.44332
4.44332
6.57853
4.44332
6.57853
6.57853
4.44332
4.44332
6.57853
4.44332
6.57853
4.44332
4.44332
4.44332
4.44332
6.57853
6.57853
4.44332
6.57853
4.44332
4.44332
4.44332
6.57853
4.44332
6.57853
4.44332
4.44332
4.44332
6.57853
4.44332
6.57853
6.57853
4.44332
6.57853
6.57853
4.44332
6.57853
4.44332
6.57853
4.44332
6.57853
6.57853
6.57853
4.44332
6.57853
4.44332
4.44332
6.57853
6.57853
4.44332
6.57853
4.44332
4.44332
4.44332
6.57853
4.44332
6.57853
4.44332
6.57853
6.57853
6.57853
4.44332
6.57853
6.57853
4.44332
6.57853
6.57853
4.44332
6.57853
6.57853
6.57853
4.44332
6.57853
4.44332
6.57853
6.57853
6.57853
4.44332
6.57853
4.44332
4.44332
6.57853
4.44332
4.44332
6.57853
4.44332
6.57853
4.44332
6.57853
6.57853
6.57853
4.44332
6.57853
4.44332
4.44332
4.44332
6.57853
4.44332
6.57853
4.44332
6.57853
6.57853
6.57853
4.44332
6.57853
4.44332
6.57853
4.44332
6.57853
6.57853
6.57853
4.44332
6.57853
4.44332
6.57853
6.57853
6.57853
4.44332
6.57853
4.44332
6.57853
4.44332
4.44332
6.57853
6.57853
4.44332
6.57853
6.57853
6.57853
4.44332
6.57853
6.57853
4.44332
4.44332
6.57853
4.44332
6.57853
4.44332
6.57853
4.44332
6.57853
4.44332
6.57853
4.44332
4.44332
4.44332
6.57853
4.44332
6.57853
6.57853
6.57853
4.44332
6.57853
6.57853
6.57853
4.44332
6.57853
4.44332
6.57853
4.44332
6.57853
6.57853
6.57853
4.44332
6.57853
4.44332
6.57853
6.57853
6.57853
4.44332
6.57853
4.44332
4.44332
4.44332
6.57853
4.44332
6.57853
4.44332
6.57853
6.57853
6.57853
4.44332
6.57853
4.44332
4.44332
4.44332
4.44332
4.44332
4.44332
4.44332
4.44332
4.44332
4.44332
4.44332
4.44332
4.44332
4.44332
6.57853
6.57853
6.57853
6.57853
4.44332
6.57853
6.57853
4.44332
6.57853
4.44332
4.44332
6.57853
4.44332
4.44332
4.44332
4.44332
4.44332
6.57853
4.44332
6.57853
6.57853
6.57853
4.44332
6.57853
6.57853
6.57853
4.44332
6.57853
4.44332
4.44332
4.44332
6.57853
4.44332
6.57853
4.44332
6.57853
4.44332
4.44332
6.57853
6.57853
4.44332
6.57853
4.44332
6.57853
4.44332
6.57853
4.44332
6.57853
4.44332
6.57853
4.44332
6.57853
4.44332
6.57853
4.44332
6.57853
4.44332
6.57853
4.44332
6.57853
4.44332
6.57853
4.44332
6.57853
4.44332
4.44332
4.44332
6.57853
4.44332
6.57853
6.57853
6.57853
4.44332
4.44332
4.44332
4.44332
6.57853
4.44332
4.44332
6.57853
6.57853
4.44332
6.57853
4.44332
6.57853
4.44332
6.57853
6.57853
4.44332
4.44332
6.57853
4.44332
6.57853
4.44332
6.57853
4.44332
6.57853
6.57853
6.57853
4.44332
6.57853
4.44332
6.57853
4.44332
6.57853
4.44332
6.57853
4.44332
6.57853
4.44332
6.57853
4.44332
6.57853
4.44332
6.57853
4.44332
6.57853
6.57853
6.57853
4.44332
4.44332
4.44332
6.57853
4.44332
6.57853
4.44332
6.57853
4.44332
6.57853
6.57853
6.57853
4.44332
6.57853
4.44332
6.57853
4.44332
6.57853
6.57853
4.44332
4.44332
6.57853
4.44332
4.44332
4.44332
6.57853
4.44332
6.57853
6.57853
6.57853
6.57853
4.44332
4.44332
4.44332
6.57853
4.44332
6.57853
6.57853
6.57853
4.44332
6.57853
4.44332
6.57853
4.44332
6.57853
4.44332
4.44332
4.44332
6.57853
4.44332
4.44332
6.57853
6.57853
4.44332
6.57853
4.44332
6.57853
4.44332
6.57853
6.57853
4.44332
4.44332
6.57853
4.44332
4.44332
6.57853
4.44332
6.57853
4.44332
6.57853
6.57853
6.57853
4.44332
6.57853
4.44332
6.57853
4.44332
6.57853
4.44332
4.44332
4.44332
6.57853
4.44332
4.44332
4.44332
6.57853
6.57853
4.44332
6.57853
6.57853
6.57853
4.44332
6.57853
6.57853
6.57853
4.44332
6.57853
6.57853
6.57853
4.44332
6.57853
6.57853
4.44332
6.57853
6.57853
4.44332
6.57853
4.44332
6.57853
4.44332
6.57853
4.44332
6.57853
4.44332
6.57853
4.44332
6.57853
4.44332
6.57853
4.44332
6.57853
6.57853
6.57853
4.44332
6.57853
6.57853
6.57853
6.57853
4.44332
6.57853
4.44332
6.57853
4.44332
6.57853
6.57853
4.44332
4.44332
6.57853
4.44332
6.57853
4.44332
6.57853
4.44332
4.44332
6.57853
6.57853
4.44332
6.57853
6.57853
6.57853
4.44332
6.57853
4.44332
6.57853
4.44332
6.57853
4.44332
6.57853
4.44332
6.57853
4.44332
6.57853
6.57853
4.44332
6.57853
6.57853
6.57853
6.57853
6.57853
6.57853
4.44332
6.57853
4.44332
4.44332
6.57853
6.57853
4.44332
6.57853
4.44332
4.44332
4.44332
6.57853
4.44332
4.44332
4.44332
6.57853
4.44332
6.57853
6.57853
6.57853
4.44332
6.57853
6.57853
6.57853
6.57853
6.57853
6.57853
6.57853
6.57853
4.44332
6.57853
6.57853
6.57853
4.44332
6.57853
4.44332
4.44332
4.44332
6.57853
4.44332
4.44332
6.57853
6.57853
4.44332
6.57853
6.57853
6.57853
4.44332
4.44332
4.44332
4.44332
4.44332
6.57853
6.57853
6.57853
6.57853
4.44332
6.57853
6.57853
6.57853
4.44332
6.57853
6.57853
6.57853
4.44332
6.57853
4.44332
4.44332
4.44332
6.57853
4.44332
4.44332
4.44332
6.57853
4.44332
6.57853
6.57853
6.57853
4.44332
6.57853
6.57853
6.57853
6.57853
6.57853
6.57853
6.57853
6.57853
4.44332
6.57853
6.57853
6.57853
6.57853
6.57853
4.44332
4.44332
4.44332
6.57853
4.44332
4.44332
6.57853
6.57853
4.44332
6.57853
6.57853
6.57853
4.44332
4.44332
4.44332
4.44332
4.44332
6.57853
6.57853
6.57853
6.57853
4.44332
4.44332
4.44332
6.57853
4.44332
6.57853
6.57853
6.57853
4.44332
4.44332
6.57853
6.57853
4.44332
6.57853
6.57853
6.57853
4.44332
6.57853
6.57853
4.44332
4.44332
6.57853
4.44332
4.44332
4.44332
6.57853
4.44332
6.57853
6.57853
6.57853
4.44332
4.44332
4.44332
6.57853
4.44332
6.57853
4.44332
4.44332
4.44332
6.57853
6.57853
4.44332
6.57853
4.44332
6.57853
6.57853
6.57853
4.44332
4.44332
4.44332
6.57853
4.44332
6.57853
4.44332
4.44332
4.44332
6.57853
6.57853
6.57853
4.44332
6.57853
4.44332
4.44332
4.44332
6.57853
6.57853
6.57853
6.57853
4.44332
6.57853
6.57853
6.57853
4.44332
6.57853
6.57853
6.57853
4.44332
6.57853
6.57853
6.57853
4.44332
6.57853
6.57853
6.57853
4.44332
6.57853
4.44332
4.44332
6.57853
4.44332
4.44332
4.44332
6.57853
4.44332
6.57853
4.44332
4.44332
4.44332
6.57853
6.57853
6.57853
4.44332
6.57853
4.44332
4.44332
4.44332
6.57853
4.44332
4.44332
6.57853
6.57853
6.57853
4.44332
4.44332
4.44332
6.57853
4.44332
4.44332
4.44332
6.57853
4.44332
4.44332
4.44332
6.57853
4.44332
4.44332
4.44332
4.44332
4.44332
6.57853
6.57853
6.57853
4.44332
4.44332
4.44332
6.57853
6.57853
4.44332
4.44332
4.44332
6.57853
4.44332
4.44332
4.44332
4.44332
4.44332
6.57853
6.57853
6.57853
4.44332
6.57853
6.57853
6.57853
6.57853
4.44332
4.44332
4.44332
6.57853
4.44332
4.44332
6.57853
6.57853
4.44332
6.57853
6.57853
4.44332
4.44332
4.44332
4.44332
4.44332
4.44332
4.44332
4.44332
4.44332
4.44332
4.44332
4.44332
4.44332
4.44332
4.44332
4.44332
4.44332
4.44332
4.44332
4.44332
4.44332
4.44332
6.57853
4.44332
6.57853
6.57853
4.44332
4.44332
6.57853
6.57853
4.44332
4.44332
6.57853
4.44332
4.44332
6.57853
6.57853
4.44332
4.44332
6.57853
6.57853
4.44332
6.57853
6.57853
4.44332
4.44332
6.57853
6.57853
6.57853
6.57853
6.57853
4.44332
4.44332
6.57853
6.57853
4.44332
4.44332
6.57853
4.44332
4.44332
6.57853
6.57853
4.44332
4.44332
6.57853
4.44332
6.57853
6.57853
6.57853
4.44332
4.44332
6.57853
6.57853
4.44332
6.57853
4.44332
4.44332
4.44332
6.57853
6.57853
4.44332
4.44332
6.57853
4.44332
6.57853
6.57853
6.57853
4.44332
4.44332
6.57853
6.57853
4.44332
6.57853
4.44332
4.44332
4.44332
6.57853
6.57853
6.57853
6.57853
6.57853
4.44332
4.44332
6.57853
6.57853
4.44332
4.44332
4.44332
4.44332
4.44332
6.57853
4.44332
4.44332
6.57853
4.44332
6.57853
4.44332
6.57853
6.57853
4.44332
4.44332
6.57853
6.57853
4.44332
6.57853
6.57853
4.44332
6.57853
6.57853
6.57853
4.44332
4.44332
4.44332
6.57853
6.57853
6.57853
4.44332
4.44332
6.57853
6.57853
4.44332
6.57853
4.44332
4.44332
4.44332
6.57853
6.57853
4.44332
4.44332
6.57853
4.44332
4.44332
6.57853
6.57853
4.44332
6.57853
6.57853
6.57853
4.44332
6.57853
4.44332
4.44332
4.44332
4.44332
4.44332
4.44332
4.44332
6.57853
6.57853
6.57853
4.44332
4.44332
4.44332
4.44332
4.44332
4.44332
4.44332
4.44332
4.44332
4.44332
4.44332
4.44332
4.44332
4.44332
6.57853
6.57853
6.57853
6.57853
6.57853
6.57853
6.57853
4.44332
4.44332
4.44332
6.57853
6.57853
6.57853
6.57853
6.57853
4.44332
6.57853
6.57853
6.57853
4.44332
4.44332
6.57853
6.57853
4.44332
4.44332
6.57853
6.57853
4.44332
4.44332
6.57853
6.57853
4.44332
6.57853
6.57853
6.57853
4.44332
6.57853
4.44332
4.44332
4.44332
6.57853
6.57853
4.44332
4.44332
6.57853
6.57853
4.44332
6.57853
6.57853
4.44332
4.44332
4.44332
6.57853
4.44332
6.57853
6.57853
6.57853
4.44332
6.57853
6.57853
6.57853
4.44332
6.57853
4.44332
4.44332
4.44332
6.57853
6.57853
6.57853
4.44332
6.57853
4.44332
4.44332
6.57853
6.57853
4.44332
4.44332
4.44332
6.57853
4.44332
4.44332
6.57853
6.57853
4.44332
4.44332
4.44332
6.57853
4.44332
6.57853
6.57853
6.57853
4.44332
6.57853
6.57853
6.57853
4.44332
6.57853
6.57853
4.44332
4.44332
6.57853
6.57853
6.57853
4.44332
6.57853
6.57853
6.57853
4.44332
4.44332
6.57853
6.57853
4.44332
6.57853
6.57853
4.44332
4.44332
6.57853
6.57853
6.57853
4.44332
6.57853
4.44332
4.44332
4.44332
6.57853
6.57853
4.44332
4.44332
6.57853
4.44332
4.44332
6.57853
6.57853
4.44332
4.44332
4.44332
6.57853
4.44332
6.57853
6.57853
6.57853
4.44332
6.57853
6.57853
6.57853
4.44332
6.57853
6.57853
4.44332
4.44332
6.57853
6.57853
6.57853
4.44332
6.57853
6.57853
4.44332
4.44332
6.57853
6.57853
6.57853
6.57853
4.44332
6.57853
4.44332
4.44332
4.44332
6.57853
6.57853
6.57853
4.44332
6.57853
4.44332
4.44332
4.44332
6.57853
6.57853
4.44332
6.57853
4.44332
6.57853
6.57853
6.57853
4.44332
6.57853
6.57853
6.57853
4.44332
6.57853
6.57853
6.57853
4.44332
6.57853
6.57853
6.57853
4.44332
6.57853
6.57853
4.44332
4.44332
4.44332
6.57853
6.57853
4.44332
6.57853
6.57853
4.44332
4.44332
6.57853
6.57853
6.57853
4.44332
6.57853
4.44332
4.44332
4.44332
6.57853
6.57853
6.57853
4.44332
6.57853
4.44332
4.44332
4.44332
6.57853
6.57853
4.44332
4.44332
6.57853
4.44332
4.44332
4.44332
6.57853
6.57853
4.44332
4.44332
6.57853
4.44332
6.57853
6.57853
4.44332
4.44332
6.57853
6.57853
6.57853
4.44332
6.57853
4.44332
4.44332
4.44332
6.57853
4.44332
4.44332
4.44332
6.57853
4.44332
4.44332
6.57853
6.57853
4.44332
4.44332
4.44332
6.57853
4.44332
6.57853
6.57853
6.57853
4.44332
4.44332
6.57853
6.57853
4.44332
6.57853
6.57853
4.44332
6.57853
6.57853
4.44332
4.44332
6.57853
4.44332
4.44332
4.44332
6.57853
4.44332
4.44332
4.44332
6.57853
4.44332
6.57853
6.57853
6.57853
4.44332
4.44332
6.57853
6.57853
4.44332
6.57853
6.57853
6.57853
6.57853
6.57853
6.57853
6.57853
6.57853
4.44332
6.57853
6.57853
4.44332
4.44332
6.57853
4.44332
6.57853
6.57853
6.57853
4.44332
6.57853
6.57853
6.57853
4.44332
6.57853
4.44332
6.57853
6.57853
6.57853
4.44332
6.57853
6.57853
6.57853
6.57853
6.57853
4.44332
4.44332
4.44332
6.57853
4.44332
4.44332
6.57853
6.57853
4.44332
6.57853
6.57853
6.57853
4.44332
6.57853
6.57853
4.44332
4.44332
6.57853
4.44332
4.44332
4.44332
4.44332
6.57853
4.44332
6.57853
4.44332
4.44332
6.57853
6.57853
4.44332
6.57853
4.44332
6.57853
4.44332
6.57853
4.44332
6.57853
4.44332
4.44332
6.57853
6.57853
4.44332
4.44332
4.44332
4.44332
6.57853
4.44332
6.57853
6.57853
6.57853
4.44332
6.57853
4.44332
6.57853
4.44332
6.57853
4.44332
6.57853
4.44332
6.57853
4.44332
4.44332
6.57853
6.57853
4.44332
4.44332
6.57853
4.44332
6.57853
4.44332
6.57853
4.44332
6.57853
4.44332
6.57853
4.44332
6.57853
6.57853
4.44332
6.57853
4.44332
6.57853
4.44332
6.57853
4.44332
6.57853
4.44332
6.57853
6.57853
4.44332
6.57853
4.44332
6.57853
6.57853
4.44332
6.57853
4.44332
6.57853
4.44332
6.57853
4.44332
6.57853
6.57853
4.44332
6.57853
6.57853
6.57853
4.44332
6.57853
6.57853
4.44332
6.57853
4.44332
6.57853
4.44332
6.57853
4.44332
6.57853
4.44332
6.57853
6.57853
4.44332
4.44332
6.57853
4.44332
6.57853
6.57853
4.44332
6.57853
4.44332
6.57853
4.44332
6.57853
4.44332
4.44332
6.57853
6.57853
6.57853
4.44332
6.57853
6.57853
4.44332
6.57853
4.44332
4.44332
6.57853
4.44332
6.57853
4.44332
6.57853
4.44332
6.57853
4.44332
4.44332
6.57853
6.57853
6.57853
4.44332
4.44332
6.57853
4.44332
6.57853
4.44332
6.57853
4.44332
6.57853
4.44332
6.57853
4.44332
4.44332
6.57853
6.57853
4.44332
4.44332
4.44332
6.57853
4.44332
6.57853
4.44332
6.57853
4.44332
6.57853
4.44332
6.57853
4.44332
4.44332
6.57853
6.57853
4.44332
6.57853
6.57853
6.57853
4.44332
6.57853
4.44332
6.57853
4.44332
6.57853
4.44332
6.57853
4.44332
4.44332
6.57853
6.57853
6.57853
6.57853
6.57853
4.44332
4.44332
6.57853
6.57853
4.44332
6.57853
4.44332
4.44332
6.57853
4.44332
6.57853
4.44332
6.57853
6.57853
4.44332
6.57853
4.44332
6.57853
6.57853
4.44332
6.57853
6.57853
4.44332
6.57853
4.44332
6.57853
6.57853
4.44332
6.57853
6.57853
4.44332
6.57853
6.57853
6.57853
6.57853
4.44332
4.44332
6.57853
4.44332
6.57853
6.57853
4.44332
6.57853
4.44332
4.44332
6.57853
4.44332
6.57853
4.44332
6.57853
4.44332
6.57853
6.57853
4.44332
6.57853
4.44332
4.44332
4.44332
6.57853
4.44332
6.57853
6.57853
4.44332
6.57853
4.44332
4.44332
4.44332
4.44332
4.44332
4.44332
6.57853
4.44332
4.44332
6.57853
6.57853
6.57853
4.44332
4.44332
6.57853
4.44332
4.44332
4.44332
6.57853
4.44332
6.57853
6.57853
4.44332
6.57853
4.44332
4.44332
6.57853
6.57853
4.44332
6.57853
4.44332
6.57853
6.57853
4.44332
6.57853
6.57853
4.44332
4.44332
6.57853
6.57853
4.44332
4.44332
6.57853
6.57853
6.57853
4.44332
4.44332
6.57853
6.57853
4.44332
6.57853
4.44332
6.57853
4.44332
4.44332
6.57853
6.57853
4.44332
6.57853
4.44332
6.57853
4.44332
4.44332
6.57853
4.44332
4.44332
6.57853
4.44332
6.57853
4.44332
6.57853
6.57853
4.44332
4.44332
4.44332
6.57853
6.57853
6.57853
6.57853
4.44332
6.57853
6.57853
4.44332
6.57853
4.44332
6.57853
4.44332
4.44332
6.57853
6.57853
4.44332
6.57853
4.44332
4.44332
4.44332
4.44332
6.57853
4.44332
4.44332
6.57853
4.44332
6.57853
4.44332
6.57853
6.57853
4.44332
4.44332
6.57853
4.44332
6.57853
4.44332
6.57853
6.57853
4.44332
4.44332
6.57853
4.44332
6.57853
6.57853
6.57853
6.57853
4.44332
4.44332
6.57853
4.44332
6.57853
6.57853
6.57853
6.57853
4.44332
4.44332
6.57853
4.44332
6.57853
6.57853
6.57853
6.57853
4.44332
4.44332
4.44332
6.57853
4.44332
6.57853
4.44332
6.57853
4.44332
4.44332
6.57853
4.44332
4.44332
6.57853
4.44332
4.44332
6.57853
4.44332
6.57853
4.44332
6.57853
6.57853
4.44332
4.44332
6.57853
4.44332
4.44332
6.57853
4.44332
4.44332
6.57853
4.44332
6.57853
4.44332
4.44332
6.57853
4.44332
4.44332
4.44332
6.57853
4.44332
6.57853
6.57853
6.57853
4.44332
4.44332
4.44332
6.57853
4.44332
6.57853
6.57853
6.57853
4.44332
4.44332
6.57853
6.57853
4.44332
6.57853
6.57853
4.44332
4.44332
6.57853
6.57853
4.44332
4.44332
6.57853
4.44332
6.57853
6.57853
4.44332
4.44332
6.57853
6.57853
4.44332
4.44332
6.57853
4.44332
4.44332
4.44332
6.57853
6.57853
4.44332
6.57853
6.57853
4.44332
4.44332
4.44332
6.57853
4.44332
4.44332
6.57853
6.57853
4.44332
4.44332
6.57853
6.57853
4.44332
4.44332
4.44332
6.57853
6.57853
4.44332
4.44332
4.44332
6.57853
6.57853
4.44332
6.57853
6.57853
4.44332
4.44332
6.57853
6.57853
4.44332
4.44332
6.57853
4.44332
4.44332
6.57853
6.57853
6.57853
4.44332
6.57853
4.44332
4.44332
4.44332
4.44332
6.57853
6.57853
6.57853
4.44332
4.44332
6.57853
4.44332
4.44332
6.57853
6.57853
6.57853
4.44332
6.57853
4.44332
4.44332
4.44332
6.57853
4.44332
4.44332
4.44332
6.57853
4.44332
4.44332
6.57853
6.57853
4.44332
4.44332
4.44332
6.57853
4.44332
6.57853
6.57853
6.57853
4.44332
4.44332
6.57853
6.57853
4.44332
6.57853
6.57853
6.57853
4.44332
6.57853
6.57853
6.57853
4.44332
6.57853
6.57853
6.57853
6.57853
4.44332
4.44332
6.57853
6.57853
4.44332
6.57853
6.57853
6.57853
4.44332
6.57853
6.57853
6.57853
4.44332
6.57853
4.44332
6.57853
6.57853
4.44332
4.44332
4.44332
6.57853
4.44332
6.57853
6.57853
6.57853
4.44332
4.44332
6.57853
6.57853
4.44332
6.57853
6.57853
4.44332
4.44332
6.57853
6.57853
4.44332
4.44332
6.57853
4.44332
4.44332
6.57853
6.57853
4.44332
4.44332
4.44332
4.44332
4.44332
4.44332
4.44332
4.44332
4.44332
4.44332
4.44332
4.44332
4.44332
4.44332
4.44332
6.57853
6.57853
6.57853
4.44332
6.57853
6.57853
4.44332
6.57853
4.44332
6.57853
4.44332
4.44332
4.44332
6.57853
4.44332
4.44332
6.57853
6.57853
4.44332
4.44332
4.44332
6.57853
4.44332
4.44332
6.57853
4.44332
6.57853
6.57853
4.44332
6.57853
6.57853
4.44332
4.44332
6.57853
4.44332
6.57853
4.44332
4.44332
4.44332
6.57853
4.44332
4.44332
6.57853
6.57853
4.44332
6.57853
6.57853
4.44332
6.57853
6.57853
6.57853
6.57853
6.57853
4.44332
6.57853
4.44332
4.44332
4.44332
6.57853
4.44332
6.57853
6.57853
4.44332
6.57853
6.57853
4.44332
6.57853
6.57853
4.44332
6.57853
4.44332
4.44332
6.57853
4.44332
4.44332
4.44332
6.57853
6.57853
6.57853
4.44332
6.57853
4.44332
4.44332
4.44332
4.44332
4.44332
6.57853
4.44332
4.44332
4.44332
6.57853
4.44332
6.57853
4.44332
6.57853
6.57853
6.57853
4.44332
6.57853
4.44332
6.57853
6.57853
6.57853
4.44332
6.57853
4.44332
4.44332
4.44332
6.57853
6.57853
6.57853
4.44332
6.57853
6.57853
6.57853
4.44332
6.57853
4.44332
6.57853
6.57853
6.57853
4.44332
4.44332
4.44332
4.44332
6.57853
6.57853
6.57853
4.44332
6.57853
6.57853
6.57853
4.44332
6.57853
4.44332
6.57853
6.57853
6.57853
4.44332
6.57853
4.44332
4.44332
6.57853
6.57853
4.44332
6.57853
4.44332
4.44332
4.44332
4.44332
6.57853
4.44332
6.57853
6.57853
6.57853
4.44332
6.57853
4.44332
6.57853
6.57853
6.57853
4.44332
6.57853
4.44332
4.44332
4.44332
6.57853
4.44332
6.57853
4.44332
4.44332
4.44332
6.57853
4.44332
6.57853
4.44332
4.44332
4.44332
6.57853
4.44332
6.57853
4.44332
4.44332
4.44332
4.44332
4.44332
6.57853
6.57853
6.57853
4.44332
6.57853
6.57853
4.44332
4.44332
6.57853
4.44332
4.44332
4.44332
6.57853
6.57853
6.57853
6.57853
6.57853
4.44332
6.57853
4.44332
6.57853
4.44332
6.57853
4.44332
4.44332
6.57853
4.44332
4.44332
4.44332
6.57853
4.44332
6.57853
6.57853
6.57853
4.44332
6.57853
6.57853
6.57853
4.44332
6.57853
4.44332
6.57853
4.44332
6.57853
6.57853
6.57853
4.44332
6.57853
4.44332
4.44332
4.44332
6.57853
4.44332
6.57853
4.44332
6.57853
4.44332
4.44332
4.44332
6.57853
4.44332
4.44332
4.44332
6.57853
4.44332
6.57853
6.57853
6.57853
4.44332
6.57853
4.44332
6.57853
4.44332
6.57853
4.44332
6.57853
4.44332
6.57853
6.57853
6.57853
4.44332
6.57853
4.44332
4.44332
4.44332
6.57853
4.44332
6.57853
4.44332
6.57853
4.44332
6.57853
6.57853
6.57853
4.44332
6.57853
4.44332
6.57853
6.57853
4.44332
6.57853
6.57853
6.57853
4.44332
6.57853
6.57853
4.44332
4.44332
6.57853
6.57853
6.57853
4.44332
6.57853
6.57853
6.57853
6.57853
6.57853
4.44332
4.44332
4.44332
6.57853
4.44332
6.57853
6.57853
6.57853
4.44332
4.44332
4.44332
4.44332
6.57853
6.57853
4.44332
4.44332
6.57853
4.44332
4.44332
4.44332
6.57853
6.57853
6.57853
4.44332
6.57853
4.44332
4.44332
4.44332
6.57853
4.44332
6.57853
6.57853
6.57853
4.44332
6.57853
6.57853
6.57853
4.44332
4.44332
6.57853
6.57853
6.57853
4.44332
4.44332
4.44332
6.57853
4.44332
6.57853
6.57853
6.57853
4.44332
6.57853
6.57853
6.57853
4.44332
6.57853
4.44332
4.44332
4.44332
6.57853
6.57853
6.57853
4.44332
6.57853
4.44332
4.44332
4.44332
4.44332
6.57853
6.57853
4.44332
4.44332
6.57853
4.44332
4.44332
4.44332
6.57853
4.44332
4.44332
4.44332
6.57853
6.57853
4.44332
4.44332
6.57853
6.57853
6.57853
4.44332
6.57853
4.44332
4.44332
4.44332
6.57853
4.44332
4.44332
4.44332
6.57853
4.44332
6.57853
6.57853
6.57853
4.44332
4.44332
4.44332
4.44332
6.57853
4.44332
6.57853
6.57853
6.57853
4.44332
4.44332
4.44332
6.57853
4.44332
6.57853
6.57853
6.57853
4.44332
6.57853
6.57853
6.57853
4.44332
6.57853
4.44332
4.44332
4.44332
6.57853
4.44332
4.44332
4.44332
6.57853
6.57853
4.44332
4.44332
4.44332
6.57853
6.57853
6.57853
4.44332
6.57853
4.44332
4.44332
4.44332
6.57853
4.44332
4.44332
4.44332
4.44332
4.44332
6.57853
4.44332
6.57853
4.44332
4.44332
4.44332
6.57853
4.44332
4.44332
4.44332
4.44332
6.57853
4.44332
4.44332
6.57853
6.57853
4.44332
4.44332
4.44332
4.44332
4.44332
4.44332
6.57853
4.44332
6.57853
6.57853
4.44332
4.44332
4.44332
6.57853
4.44332
4.44332
6.57853
4.44332
6.57853
6.57853
6.57853
4.44332
4.44332
4.44332
6.57853
4.44332
6.57853
4.44332
6.57853
4.44332
6.57853
6.57853
6.57853
4.44332
6.57853
6.57853
4.44332
4.44332
6.57853
4.44332
4.44332
4.44332
6.57853
4.44332
4.44332
6.57853
6.57853
4.44332
4.44332
4.44332
4.44332
4.44332
4.44332
4.44332
4.44332
6.57853
4.44332
6.57853
6.57853
4.44332
4.44332
6.57853
6.57853
6.57853
6.57853
6.57853
4.44332
6.57853
6.57853
6.57853
4.44332
6.57853
4.44332
6.57853
6.57853
6.57853
4.44332
6.57853
4.44332
4.44332
4.44332
6.57853
4.44332
6.57853
4.44332
4.44332
4.44332
4.44332
6.57853
4.44332
6.57853
4.44332
6.57853
4.44332
6.57853
4.44332
4.44332
6.57853
4.44332
6.57853
4.44332
4.44332
6.57853
6.57853
4.44332
6.57853
4.44332
4.44332
6.57853
6.57853
4.44332
6.57853
6.57853
4.44332
4.44332
6.57853
4.44332
6.57853
6.57853
4.44332
6.57853
6.57853
4.44332
6.57853
4.44332
4.44332
6.57853
6.57853
4.44332
6.57853
6.57853
4.44332
6.57853
4.44332
4.44332
6.57853
4.44332
4.44332
6.57853
6.57853
4.44332
6.57853
4.44332
4.44332
6.57853
4.44332
4.44332
6.57853
4.44332
6.57853
4.44332
4.44332
6.57853
6.57853
6.57853
4.44332
6.57853
4.44332
6.57853
6.57853
4.44332
4.44332
6.57853
4.44332
6.57853
4.44332
4.44332
6.57853
6.57853
4.44332
6.57853
6.57853
6.57853
6.57853
4.44332
4.44332
6.57853
4.44332
4.44332
6.57853
6.57853
4.44332
6.57853
4.44332
4.44332
6.57853
4.44332
4.44332
6.57853
4.44332
6.57853
4.44332
4.44332
6.57853
6.57853
4.44332
6.57853
4.44332
6.57853
6.57853
6.57853
6.57853
4.44332
6.57853
6.57853
4.44332
6.57853
4.44332
4.44332
6.57853
4.44332
4.44332
6.57853
6.57853
4.44332
6.57853
4.44332
4.44332
6.57853
6.57853
4.44332
6.57853
4.44332
6.57853
4.44332
4.44332
6.57853
4.44332
4.44332
6.57853
4.44332
6.57853
4.44332
6.57853
6.57853
4.44332
4.44332
6.57853
4.44332
6.57853
6.57853
4.44332
6.57853
6.57853
4.44332
6.57853
6.57853
4.44332
6.57853
6.57853
4.44332
6.57853
6.57853
4.44332
4.44332
6.57853
4.44332
6.57853
4.44332
4.44332
6.57853
6.57853
4.44332
6.57853
4.44332
4.44332
6.57853
6.57853
4.44332
6.57853
6.57853
4.44332
4.44332
4.44332
4.44332
6.57853
6.57853
6.57853
4.44332
4.44332
6.57853
4.44332
4.44332
6.57853
4.44332
6.57853
6.57853
4.44332
6.57853
4.44332
6.57853
6.57853
4.44332
4.44332
6.57853
4.44332
4.44332
4.44332
4.44332
4.44332
6.57853
4.44332
4.44332
6.57853
6.57853
4.44332
6.57853
4.44332
4.44332
6.57853
6.57853
4.44332
6.57853
6.57853
4.44332
6.57853
4.44332
4.44332
6.57853
4.44332
6.57853
4.44332
6.57853
6.57853
4.44332
4.44332
4.44332
4.44332
6.57853
4.44332
4.44332
6.57853
4.44332
6.57853
4.44332
6.57853
4.44332
4.44332
6.57853
4.44332
6.57853
4.44332
4.44332
6.57853
4.44332
4.44332
4.44332
6.57853
6.57853
4.44332
4.44332
6.57853
4.44332
6.57853
6.57853
6.57853
4.44332
6.57853
4.44332
6.57853
6.57853
6.57853
4.44332
6.57853
4.44332
4.44332
6.57853
6.57853
4.44332
6.57853
4.44332
4.44332
4.44332
6.57853
4.44332
6.57853
4.44332
6.57853
4.44332
4.44332
4.44332
6.57853
4.44332
6.57853
4.44332
6.57853
6.57853
6.57853
6.57853
4.44332
6.57853
6.57853
4.44332
4.44332
6.57853
4.44332
4.44332
6.57853
4.44332
6.57853
4.44332
4.44332
6.57853
4.44332
4.44332
6.57853
6.57853
6.57853
6.57853
4.44332
6.57853
4.44332
4.44332
4.44332
6.57853
6.57853
4.44332
4.44332
4.44332
4.44332
6.57853
4.44332
4.44332
6.57853
4.44332
4.44332
4.44332
4.44332
6.57853
4.44332
4.44332
6.57853
4.44332
6.57853
4.44332
4.44332
4.44332
4.44332
4.44332
6.57853
4.44332
6.57853
4.44332
4.44332
6.57853
4.44332
4.44332
6.57853
4.44332
6.57853
4.44332
4.44332
6.57853
6.57853
4.44332
6.57853
6.57853
6.57853
6.57853
6.57853
6.57853
6.57853
6.57853
6.57853
6.57853
6.57853
6.57853
6.57853
6.57853
6.57853
6.57853
6.57853
6.57853
4.44332
4.44332
4.44332
6.57853
4.44332
6.57853
6.57853
4.44332
4.44332
6.57853
4.44332
6.57853
4.44332
6.57853
6.57853
4.44332
4.44332
6.57853
4.44332
6.57853
4.44332
6.57853
4.44332
6.57853
4.44332
6.57853
4.44332
4.44332
6.57853
4.44332
6.57853
6.57853
4.44332
6.57853
6.57853
4.44332
6.57853
4.44332
6.57853
4.44332
6.57853
4.44332
6.57853
4.44332
6.57853
4.44332
6.57853
4.44332
6.57853
4.44332
6.57853
4.44332
4.44332
4.44332
4.44332
6.57853
4.44332
6.57853
4.44332
6.57853
4.44332
6.57853
6.57853
6.57853
4.44332
6.57853
6.57853
4.44332
4.44332
6.57853
6.57853
6.57853
6.57853
4.44332
6.57853
4.44332
6.57853
4.44332
6.57853
6.57853
4.44332
6.57853
4.44332
6.57853
4.44332
4.44332
6.57853
6.57853
4.44332
6.57853
4.44332
6.57853
4.44332
6.57853
4.44332
6.57853
4.44332
6.57853
4.44332
6.57853
4.44332
6.57853
4.44332
6.57853
6.57853
4.44332
6.57853
4.44332
6.57853
4.44332
6.57853
4.44332
6.57853
4.44332
6.57853
4.44332
6.57853
4.44332
6.57853
4.44332
6.57853
4.44332
6.57853
4.44332
6.57853
4.44332
6.57853
4.44332
6.57853
4.44332
6.57853
4.44332
6.57853
4.44332
6.57853
4.44332
6.57853
4.44332
6.57853
4.44332
6.57853
4.44332
6.57853
6.57853
4.44332
4.44332
6.57853
6.57853
4.44332
6.57853
4.44332
6.57853
4.44332
6.57853
6.57853
4.44332
6.57853
4.44332
6.57853
4.44332
6.57853
4.44332
6.57853
4.44332
6.57853
4.44332
6.57853
4.44332
6.57853
6.57853
6.57853
6.57853
4.44332
6.57853
6.57853
4.44332
6.57853
4.44332
6.57853
4.44332
6.57853
4.44332
6.57853
4.44332
6.57853
4.44332
6.57853
4.44332
6.57853
4.44332
6.57853
4.44332
6.57853
6.57853
4.44332
6.57853
6.57853
6.57853
6.57853
6.57853
4.44332
4.44332
4.44332
4.44332
4.44332
4.44332
4.44332
4.44332
6.57853
4.44332
6.57853
4.44332
4.44332
6.57853
4.44332
6.57853
4.44332
6.57853
6.57853
4.44332
6.57853
4.44332
6.57853
4.44332
6.57853
4.44332
6.57853
4.44332
6.57853
4.44332
6.57853
4.44332
4.44332
6.57853
4.44332
6.57853
6.57853
4.44332
6.57853
4.44332
6.57853
6.57853
4.44332
6.57853
4.44332
6.57853
6.57853
4.44332
4.44332
6.57853
4.44332
6.57853
4.44332
6.57853
4.44332
6.57853
4.44332
6.57853
4.44332
4.44332
4.44332
6.57853
4.44332
4.44332
4.44332
4.44332
4.44332
6.57853
6.57853
6.57853
4.44332
6.57853
4.44332
4.44332
4.44332
4.44332
6.57853
6.57853
6.57853
4.44332
6.57853
4.44332
6.57853
4.44332
4.44332
4.44332
4.44332
4.44332
4.44332
4.44332
4.44332
6.57853
4.44332
6.57853
4.44332
4.44332
4.44332
4.44332
4.44332
6.57853
6.57853
4.44332
6.57853
4.44332
6.57853
6.57853
6.57853
6.57853
4.44332
6.57853
4.44332
4.44332
6.57853
4.44332
6.57853
4.44332
4.44332
6.57853
4.44332
6.57853
6.57853
4.44332
6.57853
6.57853
6.57853
4.44332
6.57853
4.44332
4.44332
6.57853
4.44332
4.44332
6.57853
4.44332
6.57853
4.44332
6.57853
6.57853
4.44332
6.57853
4.44332
6.57853
4.44332
4.44332
6.57853
4.44332
6.57853
4.44332
6.57853
4.44332
6.57853
6.57853
6.57853
6.57853
6.57853
6.57853
6.57853
6.57853
6.57853
4.44332
6.57853
4.44332
6.57853
4.44332
6.57853
4.44332
4.44332
6.57853
6.57853
4.44332
6.57853
4.44332
6.57853
4.44332
6.57853
6.57853
4.44332
6.57853
4.44332
6.57853
4.44332
6.57853
4.44332
6.57853
4.44332
6.57853
4.44332
6.57853
4.44332
4.44332
6.57853
4.44332
6.57853
4.44332
6.57853
6.57853
6.57853
6.57853
4.44332
6.57853
6.57853
4.44332
6.57853
4.44332
4.44332
6.57853
4.44332
6.57853
4.44332
6.57853
4.44332
6.57853
4.44332
6.57853
4.44332
6.57853
4.44332
6.57853
4.44332
6.57853
6.57853
4.44332
6.57853
4.44332
6.57853
4.44332
6.57853
4.44332
6.57853
4.44332
4.44332
6.57853
4.44332
6.57853
4.44332
6.57853
4.44332
6.57853
4.44332
6.57853
6.57853
4.44332
6.57853
4.44332
6.57853
4.44332
4.44332
6.57853
4.44332
6.57853
4.44332
6.57853
4.44332
6.57853
4.44332
4.44332
6.57853
4.44332
6.57853
4.44332
6.57853
4.44332
6.57853
4.44332
6.57853
4.44332
6.57853
4.44332
6.57853
4.44332
6.57853
4.44332
4.44332
6.57853
4.44332
6.57853
4.44332
6.57853
4.44332
6.57853
4.44332
4.44332
6.57853
4.44332
6.57853
4.44332
6.57853
4.44332
6.57853
4.44332
6.57853
4.44332
6.57853
6.57853
6.57853
4.44332
6.57853
4.44332
4.44332
6.57853
4.44332
6.57853
4.44332
6.57853
4.44332
6.57853
4.44332
6.57853
4.44332
4.44332
4.44332
4.44332
6.57853
6.57853
4.44332
6.57853
4.44332
6.57853
6.57853
4.44332
6.57853
4.44332
6.57853
6.57853
4.44332
6.57853
4.44332
6.57853
4.44332
6.57853
4.44332
6.57853
4.44332
6.57853
4.44332
6.57853
4.44332
6.57853
6.57853
4.44332
4.44332
4.44332
6.57853
4.44332
6.57853
4.44332
6.57853
4.44332
6.57853
4.44332
6.57853
4.44332
6.57853
4.44332
6.57853
6.57853
6.57853
6.57853
6.57853
6.57853
4.44332
6.57853
4.44332
6.57853
4.44332
6.57853
6.57853
6.57853
6.57853
4.44332
6.57853
4.44332
4.44332
6.57853
6.57853
6.57853
4.44332
6.57853
4.44332
6.57853
6.57853
4.44332
6.57853
4.44332
6.57853
4.44332
6.57853
4.44332
4.44332
4.44332
4.44332
6.57853
4.44332
6.57853
4.44332
4.44332
4.44332
4.44332
4.44332
6.57853
4.44332
6.57853
4.44332
4.44332
6.57853
4.44332
6.57853
4.44332
6.57853
6.57853
4.44332
4.44332
6.57853
6.57853
6.57853
6.57853
6.57853
6.57853
6.57853
6.57853
6.57853
6.57853
6.57853
4.44332
6.57853
6.57853
4.44332
6.57853
4.44332
6.57853
6.57853
6.57853
6.57853
4.44332
6.57853
4.44332
6.57853
4.44332
6.57853
6.57853
4.44332
4.44332
4.44332
6.57853
4.44332
6.57853
4.44332
6.57853
4.44332
4.44332
6.57853
4.44332
4.44332
6.57853
4.44332
6.57853
4.44332
6.57853
6.57853
4.44332
6.57853
6.57853
4.44332
6.57853
4.44332
6.57853
4.44332
6.57853
4.44332
6.57853
4.44332
6.57853
4.44332
6.57853
4.44332
4.44332
6.57853
4.44332
6.57853
4.44332
6.57853
4.44332
6.57853
4.44332
6.57853
4.44332
6.57853
4.44332
6.57853
4.44332
6.57853
6.57853
6.57853
6.57853
4.44332
6.57853
4.44332
4.44332
4.44332
6.57853
6.57853
6.57853
6.57853
6.57853
6.57853
6.57853
6.57853
6.57853
6.57853
6.57853
6.57853
6.57853
6.57853
6.57853
6.57853
6.57853
6.57853
6.57853
6.57853
6.57853
4.44332
6.57853
4.44332
6.57853
4.44332
6.57853
4.44332
6.57853
6.57853
4.44332
6.57853
4.44332
6.57853
4.44332
6.57853
6.57853
4.44332
6.57853
4.44332
6.57853
4.44332
4.44332
6.57853
4.44332
6.57853
4.44332
6.57853
4.44332
4.44332
4.44332
6.57853
6.57853
4.44332
6.57853
4.44332
6.57853
4.44332
6.57853
4.44332
4.44332
4.44332
4.44332
6.57853
4.44332
6.57853
4.44332
4.44332
6.57853
4.44332
4.44332
6.57853
6.57853
4.44332
6.57853
4.44332
4.44332
6.57853
4.44332
6.57853
4.44332
6.57853
4.44332
6.57853
6.57853
6.57853
6.57853
4.44332
6.57853
4.44332
4.44332
6.57853
4.44332
4.44332
6.57853
6.57853
4.44332
6.57853
6.57853
4.44332
6.57853
4.44332
4.44332
4.44332
6.57853
4.44332
4.44332
4.44332
4.44332
4.44332
6.57853
4.44332
6.57853
4.44332
6.57853
6.57853
4.44332
6.57853
4.44332
6.57853
4.44332
6.57853
6.57853
4.44332
4.44332
4.44332
4.44332
6.57853
4.44332
4.44332
6.57853
4.44332
6.57853
4.44332
6.57853
6.57853
4.44332
4.44332
4.44332
6.57853
4.44332
4.44332
4.44332
4.44332
4.44332
6.57853
4.44332
6.57853
6.57853
4.44332
4.44332
6.57853
4.44332
6.57853
4.44332
6.57853
4.44332
6.57853
4.44332
6.57853
6.57853
4.44332
6.57853
4.44332
6.57853
4.44332
6.57853
4.44332
6.57853
4.44332
6.57853
6.57853
6.57853
6.57853
4.44332
6.57853
4.44332
6.57853
4.44332
6.57853
4.44332
6.57853
6.57853
4.44332
6.57853
4.44332
6.57853
6.57853
4.44332
6.57853
4.44332
6.57853
4.44332
4.44332
6.57853
6.57853
4.44332
6.57853
6.57853
6.57853
6.57853
4.44332
6.57853
4.44332
6.57853
4.44332
4.44332
4.44332
4.44332
6.57853
4.44332
6.57853
4.44332
6.57853
4.44332
4.44332
6.57853
6.57853
6.57853
4.44332
6.57853
4.44332
6.57853
4.44332
6.57853
6.57853
4.44332
6.57853
4.44332
6.57853
4.44332
6.57853
4.44332
6.57853
4.44332
6.57853
4.44332
6.57853
4.44332
6.57853
4.44332
6.57853
4.44332
6.57853
4.44332
6.57853
4.44332
6.57853
6.57853
4.44332
6.57853
4.44332
6.57853
4.44332
6.57853
4.44332
6.57853
4.44332
6.57853
4.44332
6.57853
4.44332
6.57853
4.44332
6.57853
4.44332
6.57853
4.44332
4.44332
4.44332
6.57853
4.44332
4.44332
6.57853
6.57853
6.57853
4.44332
6.57853
4.44332
6.57853
4.44332
6.57853
4.44332
6.57853
6.57853
6.57853
4.44332
6.57853
4.44332
6.57853
4.44332
6.57853
4.44332
6.57853
4.44332
6.57853
4.44332
6.57853
4.44332
6.57853
4.44332
4.44332
6.57853
4.44332
6.57853
4.44332
4.44332
6.57853
4.44332
6.57853
6.57853
4.44332
6.57853
4.44332
6.57853
4.44332
4.44332
6.57853
6.57853
4.44332
6.57853
4.44332
6.57853
4.44332
6.57853
4.44332
6.57853
4.44332
6.57853
4.44332
6.57853
4.44332
6.57853
4.44332
6.57853
6.57853
4.44332
6.57853
4.44332
6.57853
6.57853
6.57853
6.57853
4.44332
6.57853
4.44332
4.44332
4.44332
4.44332
6.57853
4.44332
6.57853
4.44332
6.57853
4.44332
6.57853
4.44332
6.57853
4.44332
6.57853
4.44332
6.57853
4.44332
4.44332
6.57853
4.44332
6.57853
4.44332
6.57853
6.57853
4.44332
4.44332
6.57853
4.44332
6.57853
4.44332
6.57853
4.44332
6.57853
4.44332
6.57853
4.44332
6.57853
4.44332
6.57853
6.57853
6.57853
6.57853
6.57853
4.44332
6.57853
4.44332
6.57853
4.44332
6.57853
4.44332
6.57853
4.44332
6.57853
4.44332
6.57853
4.44332
6.57853
4.44332
6.57853
4.44332
6.57853
6.57853
4.44332
6.57853
4.44332
6.57853
4.44332
6.57853
4.44332
6.57853
4.44332
6.57853
4.44332
4.44332
4.44332
4.44332
6.57853
6.57853
4.44332
6.57853
4.44332
6.57853
4.44332
6.57853
4.44332
6.57853
4.44332
6.57853
4.44332
6.57853
4.44332
6.57853
4.44332
6.57853
4.44332
6.57853
4.44332
6.57853
4.44332
6.57853
4.44332
6.57853
4.44332
6.57853
6.57853
4.44332
6.57853
4.44332
6.57853
4.44332
6.57853
6.57853
6.57853
4.44332
6.57853
4.44332
6.57853
4.44332
4.44332
6.57853
4.44332
6.57853
4.44332
4.44332
6.57853
4.44332
6.57853
4.44332
4.44332
6.57853
4.44332
4.44332
6.57853
4.44332
6.57853
4.44332
6.57853
4.44332
6.57853
4.44332
6.57853
4.44332
6.57853
4.44332
6.57853
4.44332
6.57853
4.44332
6.57853
6.57853
6.57853
4.44332
6.57853
4.44332
6.57853
4.44332
6.57853
6.57853
4.44332
4.44332
6.57853
4.44332
6.57853
6.57853
6.57853
4.44332
6.57853
4.44332
6.57853
4.44332
6.57853
4.44332
6.57853
4.44332
6.57853
4.44332
4.44332
6.57853
4.44332
6.57853
4.44332
6.57853
4.44332
6.57853
6.57853
4.44332
6.57853
4.44332
6.57853
4.44332
6.57853
4.44332
6.57853
4.44332
6.57853
4.44332
4.44332
6.57853
4.44332
6.57853
4.44332
6.57853
4.44332
4.44332
6.57853
4.44332
6.57853
4.44332
6.57853
4.44332
6.57853
4.44332
6.57853
4.44332
4.44332
4.44332
4.44332
4.44332
4.44332
6.57853
4.44332
4.44332
4.44332
4.44332
4.44332
4.44332
4.44332
6.57853
4.44332
6.57853
4.44332
6.57853
6.57853
6.57853
6.57853
6.57853
4.44332
6.57853
4.44332
6.57853
4.44332
6.57853
4.44332
4.44332
6.57853
4.44332
6.57853
4.44332
6.57853
6.57853
4.44332
6.57853
4.44332
6.57853
4.44332
6.57853
4.44332
6.57853
4.44332
6.57853
4.44332
6.57853
4.44332
6.57853
6.57853
4.44332
6.57853
4.44332
6.57853
4.44332
6.57853
4.44332
6.57853
6.57853
4.44332
6.57853
4.44332
6.57853
4.44332
6.57853
4.44332
4.44332
6.57853
4.44332
6.57853
4.44332
6.57853
4.44332
6.57853
4.44332
6.57853
4.44332
6.57853
4.44332
6.57853
4.44332
6.57853
4.44332
6.57853
6.57853
4.44332
6.57853
4.44332
6.57853
4.44332
6.57853
4.44332
6.57853
4.44332
6.57853
4.44332
4.44332
6.57853
4.44332
6.57853
4.44332
6.57853
4.44332
6.57853
4.44332
6.57853
4.44332
6.57853
4.44332
6.57853
6.57853
4.44332
6.57853
4.44332
6.57853
4.44332
6.57853
4.44332
4.44332
6.57853
4.44332
4.44332
4.44332
4.44332
4.44332
4.44332
4.44332
4.44332
4.44332
4.44332
4.44332
4.44332
4.44332
6.57853
4.44332
4.44332
6.57853
6.57853
4.44332
4.44332
4.44332
6.57853
4.44332
6.57853
4.44332
6.57853
4.44332
4.44332
4.44332
6.57853
4.44332
4.44332
6.57853
4.44332
6.57853
6.57853
6.57853
6.57853
6.57853
4.44332
6.57853
6.57853
4.44332
6.57853
6.57853
4.44332
6.57853
4.44332
6.57853
6.57853
4.44332
4.44332
6.57853
4.44332
6.57853
4.44332
6.57853
4.44332
4.44332
6.57853
6.57853
4.44332
6.57853
4.44332
6.57853
4.44332
6.57853
4.44332
6.57853
4.44332
6.57853
4.44332
6.57853
4.44332
6.57853
4.44332
6.57853
6.57853
6.57853
4.44332
6.57853
4.44332
6.57853
4.44332
6.57853
6.57853
4.44332
6.57853
4.44332
6.57853
4.44332
4.44332
6.57853
4.44332
4.44332
4.44332
4.44332
6.57853
4.44332
6.57853
4.44332
4.44332
6.57853
4.44332
4.44332
6.57853
4.44332
6.57853
4.44332
6.57853
4.44332
6.57853
6.57853
6.57853
4.44332
4.44332
4.44332
4.44332
4.44332
4.44332
6.57853
4.44332
6.57853
4.44332
6.57853
4.44332
6.57853
4.44332
6.57853
4.44332
6.57853
4.44332
6.57853
4.44332
6.57853
4.44332
6.57853
4.44332
6.57853
4.44332
6.57853
4.44332
6.57853
4.44332
6.57853
4.44332
6.57853
4.44332
6.57853
4.44332
6.57853
4.44332
4.44332
6.57853
4.44332
6.57853
6.57853
4.44332
6.57853
4.44332
6.57853
4.44332
6.57853
4.44332
6.57853
4.44332
6.57853
4.44332
6.57853
4.44332
6.57853
4.44332
6.57853
4.44332
6.57853
4.44332
6.57853
4.44332
6.57853
4.44332
6.57853
4.44332
6.57853
4.44332
4.44332
6.57853
6.57853
4.44332
4.44332
6.57853
6.57853
4.44332
6.57853
4.44332
6.57853
4.44332
6.57853
4.44332
6.57853
6.57853
4.44332
6.57853
4.44332
6.57853
4.44332
6.57853
4.44332
4.44332
4.44332
6.57853
4.44332
6.57853
4.44332
6.57853
4.44332
6.57853
6.57853
4.44332
6.57853
4.44332
6.57853
4.44332
6.57853
4.44332
6.57853
4.44332
6.57853
4.44332
6.57853
4.44332
6.57853
4.44332
4.44332
6.57853
4.44332
6.57853
4.44332
6.57853
4.44332
6.57853
4.44332
6.57853
6.57853
4.44332
6.57853
4.44332
6.57853
4.44332
6.57853
4.44332
6.57853
4.44332
4.44332
6.57853
4.44332
6.57853
4.44332
6.57853
4.44332
6.57853
4.44332
6.57853
6.57853
4.44332
6.57853
4.44332
6.57853
4.44332
4.44332
6.57853
4.44332
6.57853
4.44332
6.57853
4.44332
6.57853
4.44332
6.57853
6.57853
4.44332
6.57853
4.44332
6.57853
4.44332
6.57853
4.44332
4.44332
6.57853
4.44332
6.57853
4.44332
6.57853
4.44332
6.57853
6.57853
4.44332
6.57853
4.44332
6.57853
6.57853
4.44332
6.57853
4.44332
6.57853
4.44332
6.57853
4.44332
6.57853
4.44332
4.44332
4.44332
6.57853
4.44332
6.57853
4.44332
6.57853
4.44332
6.57853
4.44332
6.57853
4.44332
6.57853
4.44332
6.57853
6.57853
4.44332
6.57853
4.44332
6.57853
4.44332
4.44332
4.44332
4.44332
4.44332
6.57853
4.44332
6.57853
6.57853
4.44332
6.57853
4.44332
6.57853
4.44332
6.57853
6.57853
4.44332
6.57853
4.44332
6.57853
4.44332
6.57853
4.44332
6.57853
6.57853
6.57853
6.57853
4.44332
6.57853
4.44332
6.57853
4.44332
6.57853
6.57853
4.44332
6.57853
4.44332
6.57853
4.44332
6.57853
4.44332
4.44332
6.57853
4.44332
6.57853
4.44332
6.57853
4.44332
4.44332
6.57853
4.44332
6.57853
6.57853
4.44332
6.57853
4.44332
6.57853
4.44332
4.44332
6.57853
4.44332
6.57853
4.44332
6.57853
4.44332
4.44332
6.57853
4.44332
4.44332
6.57853
4.44332
6.57853
4.44332
6.57853
4.44332
6.57853
4.44332
4.44332
6.57853
4.44332
6.57853
4.44332
4.44332
6.57853
4.44332
6.57853
4.44332
6.57853
4.44332
4.44332
6.57853
4.44332
6.57853
4.44332
6.57853
6.57853
4.44332
6.57853
4.44332
6.57853
4.44332
6.57853
6.57853
4.44332
6.57853
6.57853
4.44332
6.57853
4.44332
6.57853
4.44332
6.57853
4.44332
6.57853
6.57853
4.44332
6.57853
4.44332
6.57853
6.57853
4.44332
6.57853
4.44332
6.57853
4.44332
4.44332
6.57853
4.44332
6.57853
4.44332
6.57853
6.57853
4.44332
6.57853
4.44332
6.57853
4.44332
6.57853
4.44332
6.57853
4.44332
4.44332
4.44332
6.57853
6.57853
4.44332
6.57853
4.44332
6.57853
4.44332
4.44332
6.57853
4.44332
6.57853
4.44332
6.57853
6.57853
4.44332
6.57853
4.44332
6.57853
4.44332
6.57853
6.57853
4.44332
6.57853
4.44332
6.57853
6.57853
4.44332
6.57853
4.44332
6.57853
4.44332
6.57853
4.44332
6.57853
6.57853
4.44332
6.57853
4.44332
4.44332
6.57853
4.44332
6.57853
4.44332
6.57853
6.57853
4.44332
6.57853
4.44332
6.57853
4.44332
6.57853
6.57853
4.44332
6.57853
6.57853
4.44332
6.57853
4.44332
6.57853
4.44332
6.57853
6.57853
4.44332
6.57853
4.44332
6.57853
4.44332
6.57853
4.44332
6.57853
6.57853
4.44332
6.57853
6.57853
4.44332
4.44332
6.57853
4.44332
6.57853
4.44332
4.44332
6.57853
4.44332
6.57853
4.44332
6.57853
6.57853
4.44332
6.57853
4.44332
6.57853
4.44332
6.57853
4.44332
6.57853
4.44332
6.57853
4.44332
6.57853
4.44332
4.44332
6.57853
4.44332
6.57853
4.44332
6.57853
6.57853
4.44332
6.57853
4.44332
6.57853
4.44332
6.57853
4.44332
6.57853
4.44332
6.57853
4.44332
6.57853
4.44332
4.44332
4.44332
6.57853
6.57853
4.44332
4.44332
6.57853
4.44332
4.44332
6.57853
6.57853
4.44332
4.44332
6.57853
6.57853
4.44332
6.57853
4.44332
6.57853
4.44332
6.57853
6.57853
4.44332
6.57853
4.44332
6.57853
4.44332
6.57853
4.44332
4.44332
6.57853
4.44332
6.57853
4.44332
6.57853
4.44332
6.57853
4.44332
6.57853
4.44332
4.44332
6.57853
4.44332
6.57853
4.44332
6.57853
4.44332
6.57853
4.44332
6.57853
4.44332
6.57853
4.44332
6.57853
4.44332
4.44332
6.57853
4.44332
6.57853
4.44332
6.57853
4.44332
6.57853
4.44332
6.57853
4.44332
6.57853
4.44332
4.44332
6.57853
4.44332
6.57853
4.44332
6.57853
4.44332
6.57853
4.44332
6.57853
4.44332
6.57853
4.44332
4.44332
6.57853
6.57853
4.44332
6.57853
4.44332
4.44332
6.57853
6.57853
4.44332
6.57853
4.44332
6.57853
4.44332
4.44332
6.57853
4.44332
6.57853
4.44332
6.57853
6.57853
4.44332
6.57853
4.44332
6.57853
4.44332
6.57853
4.44332
6.57853
4.44332
6.57853
4.44332
6.57853
4.44332
6.57853
4.44332
4.44332
6.57853
4.44332
6.57853
4.44332
6.57853
4.44332
6.57853
6.57853
4.44332
6.57853
4.44332
6.57853
4.44332
6.57853
6.57853
4.44332
6.57853
4.44332
4.44332
6.57853
4.44332
6.57853
4.44332
6.57853
4.44332
4.44332
4.44332
4.44332
6.57853
4.44332
6.57853
4.44332
4.44332
6.57853
4.44332
4.44332
6.57853
4.44332
6.57853
4.44332
6.57853
6.57853
4.44332
6.57853
6.57853
4.44332
6.57853
4.44332
6.57853
4.44332
6.57853
6.57853
4.44332
6.57853
4.44332
6.57853
4.44332
6.57853
6.57853
4.44332
6.57853
4.44332
4.44332
6.57853
4.44332
6.57853
6.57853
4.44332
6.57853
4.44332
4.44332
4.44332
6.57853
4.44332
4.44332
6.57853
6.57853
6.57853
6.57853
6.57853
6.57853
6.57853
6.57853
6.57853
6.57853
6.57853
6.57853
6.57853
6.57853
6.57853
6.57853
6.57853
4.44332
4.44332
6.57853
6.57853
4.44332
6.57853
4.44332
6.57853
6.57853
4.44332
6.57853
4.44332
6.57853
4.44332
4.44332
6.57853
4.44332
6.57853
4.44332
6.57853
6.57853
4.44332
6.57853
4.44332
6.57853
4.44332
6.57853
4.44332
6.57853
6.57853
4.44332
6.57853
6.57853
4.44332
6.57853
4.44332
6.57853
4.44332
6.57853
4.44332
4.44332
6.57853
4.44332
4.44332
6.57853
4.44332
6.57853
4.44332
6.57853
4.44332
4.44332
6.57853
4.44332
6.57853
4.44332
4.44332
6.57853
4.44332
6.57853
4.44332
6.57853
6.57853
4.44332
6.57853
6.57853
4.44332
4.44332
6.57853
4.44332
6.57853
4.44332
4.44332
6.57853
4.44332
6.57853
4.44332
4.44332
6.57853
4.44332
6.57853
6.57853
6.57853
4.44332
6.57853
4.44332
4.44332
6.57853
4.44332
6.57853
4.44332
6.57853
4.44332
6.57853
6.57853
4.44332
6.57853
6.57853
4.44332
6.57853
4.44332
6.57853
4.44332
6.57853
4.44332
4.44332
6.57853
4.44332
4.44332
6.57853
6.57853
4.44332
6.57853
4.44332
4.44332
6.57853
4.44332
6.57853
4.44332
6.57853
4.44332
6.57853
6.57853
4.44332
6.57853
4.44332
6.57853
4.44332
6.57853
4.44332
6.57853
6.57853
6.57853
4.44332
6.57853
4.44332
6.57853
4.44332
6.57853
4.44332
6.57853
4.44332
6.57853
4.44332
6.57853
4.44332
4.44332
6.57853
4.44332
6.57853
4.44332
6.57853
4.44332
6.57853
6.57853
4.44332
6.57853
4.44332
6.57853
4.44332
6.57853
4.44332
4.44332
6.57853
4.44332
6.57853
4.44332
6.57853
4.44332
4.44332
6.57853
4.44332
6.57853
4.44332
6.57853
4.44332
6.57853
4.44332
6.57853
4.44332
6.57853
4.44332
6.57853
6.57853
4.44332
6.57853
4.44332
4.44332
6.57853
4.44332
6.57853
4.44332
6.57853
4.44332
6.57853
4.44332
6.57853
4.44332
6.57853
4.44332
4.44332
6.57853
4.44332
6.57853
4.44332
4.44332
6.57853
4.44332
6.57853
4.44332
6.57853
4.44332
4.44332
6.57853
4.44332
6.57853
4.44332
6.57853
4.44332
6.57853
6.57853
4.44332
6.57853
4.44332
6.57853
4.44332
6.57853
4.44332
6.57853
4.44332
6.57853
4.44332
4.44332
6.57853
4.44332
6.57853
4.44332
6.57853
6.57853
4.44332
6.57853
4.44332
6.57853
4.44332
6.57853
4.44332
6.57853
4.44332
6.57853
4.44332
6.57853
4.44332
6.57853
4.44332
4.44332
6.57853
4.44332
6.57853
6.57853
4.44332
6.57853
4.44332
6.57853
4.44332
6.57853
4.44332
6.57853
4.44332
4.44332
6.57853
4.44332
6.57853
4.44332
4.44332
6.57853
4.44332
6.57853
4.44332
6.57853
4.44332
6.57853
4.44332
6.57853
6.57853
4.44332
6.57853
4.44332
6.57853
4.44332
6.57853
4.44332
4.44332
6.57853
4.44332
6.57853
4.44332
6.57853
4.44332
6.57853
4.44332
4.44332
6.57853
4.44332
4.44332
4.44332
4.44332
4.44332
4.44332
4.44332
4.44332
4.44332
4.44332
4.44332
6.57853
6.57853
6.57853
4.44332
4.44332
6.57853
6.57853
6.57853
4.44332
6.57853
4.44332
6.57853
4.44332
6.57853
4.44332
6.57853
4.44332
4.44332
4.44332
6.57853
4.44332
6.57853
4.44332
4.44332
6.57853
4.44332
6.57853
4.44332
6.57853
4.44332
6.57853
6.57853
4.44332
6.57853
4.44332
6.57853
4.44332
6.57853
4.44332
6.57853
4.44332
6.57853
4.44332
6.57853
4.44332
6.57853
4.44332
6.57853
4.44332
4.44332
4.44332
4.44332
6.57853
4.44332
6.57853
4.44332
6.57853
4.44332
6.57853
4.44332
6.57853
4.44332
6.57853
4.44332
6.57853
4.44332
6.57853
4.44332
4.44332
6.57853
4.44332
4.44332
4.44332
6.57853
4.44332
6.57853
4.44332
6.57853
4.44332
6.57853
4.44332
6.57853
4.44332
6.57853
6.57853
4.44332
4.44332
6.57853
6.57853
4.44332
4.44332
6.57853
6.57853
4.44332
6.57853
4.44332
6.57853
4.44332
6.57853
4.44332
6.57853
4.44332
6.57853
4.44332
6.57853
4.44332
6.57853
4.44332
6.57853
6.57853
4.44332
6.57853
4.44332
6.57853
4.44332
6.57853
4.44332
6.57853
4.44332
4.44332
6.57853
4.44332
6.57853
4.44332
6.57853
4.44332
6.57853
4.44332
6.57853
4.44332
4.44332
4.44332
6.57853
4.44332
4.44332
6.57853
6.57853
4.44332
6.57853
4.44332
6.57853
4.44332
6.57853
4.44332
6.57853
4.44332
6.57853
4.44332
6.57853
4.44332
6.57853
4.44332
4.44332
6.57853
4.44332
6.57853
4.44332
6.57853
4.44332
6.57853
4.44332
6.57853
4.44332
6.57853
4.44332
6.57853
4.44332
6.57853
4.44332
6.57853
4.44332
6.57853
4.44332
6.57853
4.44332
6.57853
4.44332
6.57853
4.44332
6.57853
4.44332
4.44332
4.44332
6.57853
4.44332
6.57853
6.57853
4.44332
6.57853
4.44332
6.57853
4.44332
6.57853
4.44332
6.57853
4.44332
6.57853
4.44332
6.57853
4.44332
6.57853
4.44332
6.57853
4.44332
6.57853
4.44332
6.57853
4.44332
6.57853
6.57853
4.44332
6.57853
4.44332
6.57853
4.44332
6.57853
4.44332
6.57853
4.44332
6.57853
4.44332
6.57853
4.44332
6.57853
4.44332
6.57853
4.44332
6.57853
4.44332
4.44332
6.57853
4.44332
6.57853
4.44332
6.57853
4.44332
6.57853
4.44332
6.57853
4.44332
6.57853
4.44332
6.57853
4.44332
6.57853
4.44332
4.44332
6.57853
4.44332
6.57853
4.44332
6.57853
4.44332
6.57853
4.44332
6.57853
4.44332
6.57853
4.44332
6.57853
4.44332
6.57853
4.44332
4.44332
6.57853
4.44332
6.57853
4.44332
6.57853
4.44332
6.57853
4.44332
6.57853
4.44332
6.57853
4.44332
6.57853
4.44332
6.57853
4.44332
4.44332
6.57853
4.44332
4.44332
6.57853
4.44332
6.57853
4.44332
6.57853
4.44332
6.57853
4.44332
6.57853
4.44332
6.57853
4.44332
6.57853
4.44332
6.57853
6.57853
4.44332
6.57853
4.44332
6.57853
4.44332
6.57853
4.44332
6.57853
4.44332
6.57853
4.44332
6.57853
4.44332
6.57853
4.44332
6.57853
4.44332
4.44332
6.57853
6.57853
6.57853
6.57853
4.44332
6.57853
4.44332
4.44332
6.57853
4.44332
6.57853
4.44332
6.57853
4.44332
6.57853
4.44332
6.57853
4.44332
6.57853
4.44332
6.57853
4.44332
6.57853
6.57853
4.44332
6.57853
4.44332
6.57853
4.44332
6.57853
4.44332
6.57853
4.44332
6.57853
4.44332
6.57853
4.44332
6.57853
4.44332
6.57853
4.44332
6.57853
4.44332
6.57853
4.44332
6.57853
6.57853
4.44332
6.57853
6.57853
4.44332
6.57853
4.44332
6.57853
4.44332
6.57853
4.44332
6.57853
4.44332
6.57853
4.44332
6.57853
4.44332
6.57853
4.44332
6.57853
4.44332
4.44332
4.44332
6.57853
4.44332
6.57853
6.57853
4.44332
6.57853
4.44332
6.57853
4.44332
4.44332
6.57853
4.44332
6.57853
4.44332
6.57853
6.57853
4.44332
6.57853
4.44332
6.57853
4.44332
6.57853
4.44332
4.44332
6.57853
4.44332
6.57853
4.44332
6.57853
4.44332
4.44332
6.57853
4.44332
6.57853
4.44332
6.57853
4.44332
6.57853
6.57853
4.44332
6.57853
4.44332
6.57853
4.44332
6.57853
4.44332
6.57853
4.44332
6.57853
4.44332
6.57853
4.44332
4.44332
6.57853
6.57853
4.44332
6.57853
4.44332
6.57853
4.44332
6.57853
4.44332
6.57853
4.44332
6.57853
4.44332
4.44332
6.57853
4.44332
6.57853
4.44332
6.57853
4.44332
6.57853
4.44332
6.57853
4.44332
6.57853
4.44332
6.57853
4.44332
6.57853
4.44332
6.57853
4.44332
4.44332
6.57853
4.44332
6.57853
4.44332
6.57853
4.44332
4.44332
6.57853
4.44332
6.57853
4.44332
6.57853
4.44332
6.57853
4.44332
6.57853
4.44332
6.57853
4.44332
6.57853
4.44332
6.57853
6.57853
4.44332
6.57853
4.44332
6.57853
4.44332
6.57853
4.44332
6.57853
4.44332
6.57853
4.44332
6.57853
4.44332
6.57853
4.44332
6.57853
4.44332
6.57853
4.44332
6.57853
4.44332
6.57853
4.44332
6.57853
4.44332
4.44332
6.57853
4.44332
6.57853
4.44332
6.57853
4.44332
6.57853
4.44332
6.57853
4.44332
6.57853
4.44332
6.57853
4.44332
6.57853
4.44332
4.44332
6.57853
4.44332
6.57853
4.44332
6.57853
4.44332
6.57853
4.44332
4.44332
6.57853
4.44332
4.44332
6.57853
4.44332
6.57853
4.44332
6.57853
4.44332
6.57853
4.44332
6.57853
6.57853
4.44332
6.57853
4.44332
6.57853
6.57853
4.44332
6.57853
4.44332
6.57853
4.44332
6.57853
6.57853
4.44332
4.44332
6.57853
6.57853
4.44332
6.57853
6.57853
4.44332
6.57853
4.44332
4.44332
6.57853
4.44332
6.57853
4.44332
6.57853
4.44332
6.57853
4.44332
4.44332
6.57853
4.44332
6.57853
4.44332
6.57853
4.44332
6.57853
6.57853
4.44332
6.57853
4.44332
6.57853
4.44332
6.57853
4.44332
6.57853
4.44332
6.57853
4.44332
6.57853
4.44332
4.44332
6.57853
4.44332
6.57853
4.44332
6.57853
4.44332
4.44332
6.57853
4.44332
6.57853
4.44332
6.57853
4.44332
6.57853
4.44332
6.57853
4.44332
6.57853
4.44332
4.44332
6.57853
4.44332
6.57853
4.44332
6.57853
4.44332
4.44332
6.57853
4.44332
6.57853
4.44332
6.57853
4.44332
6.57853
4.44332
6.57853
4.44332
4.44332
6.57853
4.44332
4.44332
6.57853
4.44332
6.57853
4.44332
6.57853
4.44332
6.57853
6.57853
4.44332
6.57853
4.44332
4.44332
6.57853
4.44332
6.57853
6.57853
6.57853
6.57853
6.57853
6.57853
4.44332
6.57853
4.44332
6.57853
4.44332
6.57853
6.57853
4.44332
4.44332
4.44332
6.57853
6.57853
6.57853
6.57853
6.57853
6.57853
6.57853
6.57853
6.57853
6.57853
6.57853
6.57853
6.57853
6.57853
6.57853
6.57853
6.57853
6.57853
6.57853
6.57853
6.57853
4.44332
4.44332
4.44332
6.57853
4.44332
6.57853
4.44332
6.57853
4.44332
4.44332
6.57853
4.44332
6.57853
4.44332
6.57853
6.57853
4.44332
4.44332
6.57853
6.57853
4.44332
6.57853
4.44332
6.57853
4.44332
6.57853
4.44332
6.57853
4.44332
6.57853
4.44332
6.57853
6.57853
4.44332
4.44332
6.57853
4.44332
4.44332
6.57853
4.44332
6.57853
4.44332
6.57853
4.44332
6.57853
4.44332
6.57853
4.44332
6.57853
6.57853
4.44332
6.57853
4.44332
6.57853
4.44332
6.57853
4.44332
4.44332
4.44332
6.57853
4.44332
6.57853
4.44332
4.44332
6.57853
4.44332
4.44332
4.44332
4.44332
6.57853
4.44332
6.57853
4.44332
6.57853
6.57853
4.44332
6.57853
6.57853
4.44332
6.57853
4.44332
4.44332
6.57853
4.44332
6.57853
4.44332
4.44332
6.57853
4.44332
6.57853
4.44332
6.57853
4.44332
6.57853
4.44332
6.57853
4.44332
6.57853
4.44332
6.57853
4.44332
6.57853
4.44332
6.57853
4.44332
6.57853
4.44332
6.57853
4.44332
6.57853
4.44332
6.57853
4.44332
6.57853
4.44332
6.57853
4.44332
6.57853
4.44332
6.57853
4.44332
6.57853
4.44332
6.57853
4.44332
4.44332
4.44332
6.57853
6.57853
4.44332
6.57853
4.44332
6.57853
4.44332
6.57853
4.44332
6.57853
4.44332
6.57853
4.44332
6.57853
4.44332
6.57853
4.44332
6.57853
4.44332
6.57853
4.44332
6.57853
6.57853
6.57853
4.44332
6.57853
4.44332
4.44332
4.44332
4.44332
6.57853
4.44332
6.57853
4.44332
6.57853
4.44332
6.57853
4.44332
6.57853
4.44332
6.57853
4.44332
6.57853
4.44332
6.57853
4.44332
6.57853
4.44332
6.57853
4.44332
6.57853
4.44332
6.57853
4.44332
6.57853
4.44332
6.57853
4.44332
6.57853
4.44332
6.57853
4.44332
6.57853
4.44332
4.44332
6.57853
6.57853
4.44332
6.57853
4.44332
6.57853
6.57853
4.44332
6.57853
4.44332
6.57853
4.44332
4.44332
6.57853
4.44332
6.57853
4.44332
6.57853
6.57853
4.44332
6.57853
4.44332
6.57853
4.44332
4.44332
6.57853
6.57853
4.44332
6.57853
4.44332
6.57853
6.57853
4.44332
6.57853
4.44332
6.57853
4.44332
6.57853
4.44332
4.44332
6.57853
4.44332
6.57853
4.44332
6.57853
4.44332
6.57853
6.57853
4.44332
6.57853
4.44332
6.57853
4.44332
6.57853
4.44332
6.57853
6.57853
4.44332
6.57853
6.57853
4.44332
4.44332
6.57853
4.44332
6.57853
4.44332
6.57853
6.57853
6.57853
4.44332
6.57853
4.44332
6.57853
4.44332
6.57853
4.44332
6.57853
4.44332
6.57853
4.44332
6.57853
4.44332
6.57853
6.57853
6.57853
4.44332
6.57853
6.57853
4.44332
4.44332
4.44332
6.57853
4.44332
6.57853
4.44332
6.57853
4.44332
4.44332
6.57853
4.44332
4.44332
4.44332
6.57853
4.44332
6.57853
4.44332
6.57853
4.44332
4.44332
6.57853
4.44332
6.57853
4.44332
6.57853
4.44332
6.57853
4.44332
6.57853
4.44332
6.57853
4.44332
6.57853
4.44332
6.57853
6.57853
6.57853
6.57853
4.44332
6.57853
4.44332
6.57853
4.44332
6.57853
4.44332
6.57853
4.44332
6.57853
4.44332
4.44332
6.57853
4.44332
6.57853
6.57853
6.57853
4.44332
6.57853
4.44332
6.57853
6.57853
6.57853
6.57853
6.57853
4.44332
4.44332
6.57853
6.57853
4.44332
6.57853
4.44332
6.57853
4.44332
6.57853
4.44332
6.57853
4.44332
6.57853
4.44332
6.57853
4.44332
6.57853
4.44332
6.57853
4.44332
6.57853
4.44332
6.57853
4.44332
6.57853
4.44332
6.57853
4.44332
6.57853
4.44332
6.57853
4.44332
6.57853
4.44332
6.57853
4.44332
6.57853
4.44332
6.57853
4.44332
6.57853
4.44332
6.57853
4.44332
6.57853
4.44332
6.57853
4.44332
6.57853
6.57853
4.44332
6.57853
4.44332
4.44332
6.57853
4.44332
6.57853
4.44332
4.44332
6.57853
4.44332
6.57853
4.44332
6.57853
4.44332
6.57853
6.57853
4.44332
6.57853
4.44332
6.57853
4.44332
4.44332
6.57853
6.57853
4.44332
6.57853
4.44332
6.57853
4.44332
6.57853
4.44332
6.57853
4.44332
6.57853
4.44332
6.57853
4.44332
6.57853
4.44332
6.57853
4.44332
6.57853
4.44332
6.57853
4.44332
6.57853
4.44332
6.57853
4.44332
4.44332
4.44332
6.57853
4.44332
6.57853
4.44332
6.57853
4.44332
4.44332
6.57853
4.44332
6.57853
4.44332
6.57853
4.44332
6.57853
4.44332
6.57853
4.44332
6.57853
4.44332
6.57853
4.44332
6.57853
4.44332
4.44332
6.57853
4.44332
6.57853
4.44332
6.57853
4.44332
6.57853
4.44332
6.57853
4.44332
6.57853
4.44332
6.57853
4.44332
6.57853
4.44332
6.57853
4.44332
6.57853
4.44332
6.57853
4.44332
6.57853
4.44332
6.57853
6.57853
4.44332
6.57853
4.44332
6.57853
4.44332
6.57853
4.44332
6.57853
4.44332
6.57853
4.44332
6.57853
4.44332
6.57853
4.44332
6.57853
6.57853
4.44332
6.57853
4.44332
6.57853
4.44332
6.57853
4.44332
6.57853
4.44332
6.57853
4.44332
6.57853
4.44332
6.57853
4.44332
6.57853
4.44332
6.57853
4.44332
6.57853
4.44332
6.57853
4.44332
6.57853
4.44332
4.44332
6.57853
4.44332
6.57853
4.44332
6.57853
4.44332
6.57853
4.44332
6.57853
4.44332
6.57853
4.44332
6.57853
4.44332
6.57853
4.44332
6.57853
4.44332
6.57853
6.57853
4.44332
6.57853
4.44332
6.57853
4.44332
6.57853
4.44332
6.57853
4.44332
4.44332
6.57853
4.44332
6.57853
4.44332
6.57853
4.44332
4.44332
6.57853
4.44332
6.57853
4.44332
6.57853
4.44332
6.57853
4.44332
6.57853
4.44332
6.57853
4.44332
6.57853
4.44332
6.57853
4.44332
4.44332
4.44332
6.57853
6.57853
6.57853
4.44332
6.57853
4.44332
6.57853
4.44332
6.57853
6.57853
4.44332
6.57853
4.44332
6.57853
6.57853
4.44332
6.57853
4.44332
6.57853
4.44332
6.57853
4.44332
4.44332
4.44332
4.44332
4.44332
4.44332
4.44332
4.44332
4.44332
4.44332
4.44332
4.44332
6.57853
6.57853
6.57853
6.57853
4.44332
6.57853
4.44332
4.44332
4.44332
4.44332
4.44332
6.57853
4.44332
6.57853
4.44332
6.57853
4.44332
6.57853
4.44332
4.44332
4.44332
4.44332
6.57853
4.44332
6.57853
6.57853
4.44332
6.57853
4.44332
6.57853
4.44332
6.57853
4.44332
6.57853
4.44332
6.57853
6.57853
6.57853
6.57853
4.44332
6.57853
6.57853
4.44332
6.57853
4.44332
6.57853
4.44332
6.57853
4.44332
6.57853
4.44332
4.44332
4.44332
6.57853
4.44332
4.44332
4.44332
6.57853
4.44332
6.57853
4.44332
6.57853
4.44332
6.57853
4.44332
6.57853
4.44332
6.57853
4.44332
6.57853
4.44332
6.57853
4.44332
6.57853
4.44332
6.57853
4.44332
6.57853
4.44332
6.57853
4.44332
6.57853
4.44332
6.57853
4.44332
6.57853
4.44332
6.57853
4.44332
6.57853
4.44332
6.57853
4.44332
6.57853
4.44332
6.57853
4.44332
6.57853
4.44332
6.57853
4.44332
6.57853
6.57853
6.57853
6.57853
4.44332
6.57853
6.57853
4.44332
6.57853
4.44332
6.57853
6.57853
4.44332
6.57853
4.44332
6.57853
6.57853
6.57853
4.44332
6.57853
4.44332
6.57853
4.44332
6.57853
4.44332
6.57853
6.57853
6.57853
4.44332
6.57853
6.57853
4.44332
6.57853
4.44332
6.57853
4.44332
6.57853
4.44332
6.57853
4.44332
6.57853
4.44332
4.44332
4.44332
6.57853
4.44332
6.57853
4.44332
6.57853
4.44332
6.57853
4.44332
6.57853
4.44332
4.44332
6.57853
4.44332
4.44332
6.57853
4.44332
6.57853
4.44332
6.57853
4.44332
6.57853
4.44332
6.57853
6.57853
6.57853
4.44332
6.57853
6.57853
6.57853
4.44332
6.57853
4.44332
6.57853
4.44332
6.57853
4.44332
6.57853
4.44332
6.57853
4.44332
6.57853
4.44332
6.57853
4.44332
6.57853
4.44332
6.57853
4.44332
4.44332
4.44332
6.57853
4.44332
6.57853
4.44332
6.57853
4.44332
6.57853
4.44332
6.57853
4.44332
6.57853
4.44332
4.44332
6.57853
4.44332
6.57853
4.44332
6.57853
6.57853
6.57853
4.44332
6.57853
4.44332
6.57853
4.44332
6.57853
4.44332
6.57853
4.44332
6.57853
4.44332
6.57853
4.44332
6.57853
4.44332
4.44332
4.44332
6.57853
4.44332
6.57853
4.44332
6.57853
4.44332
6.57853
4.44332
6.57853
4.44332
6.57853
4.44332
6.57853
4.44332
6.57853
4.44332
6.57853
4.44332
6.57853
4.44332
6.57853
4.44332
6.57853
4.44332
6.57853
4.44332
6.57853
4.44332
6.57853
6.57853
6.57853
6.57853
4.44332
6.57853
6.57853
4.44332
6.57853
4.44332
6.57853
4.44332
6.57853
4.44332
6.57853
4.44332
4.44332
4.44332
6.57853
4.44332
6.57853
4.44332
6.57853
4.44332
6.57853
4.44332
6.57853
4.44332
4.44332
4.44332
4.44332
4.44332
4.44332
4.44332
4.44332
4.44332
4.44332
4.44332
4.44332
6.57853
6.57853
4.44332
4.44332
4.44332
4.44332
4.44332
4.44332
4.44332
6.57853
4.44332
6.57853
4.44332
6.57853
4.44332
6.57853
4.44332
4.44332
6.57853
6.57853
4.44332
6.57853
4.44332
6.57853
4.44332
6.57853
4.44332
6.57853
4.44332
6.57853
4.44332
6.57853
6.57853
6.57853
6.57853
4.44332
6.57853
4.44332
6.57853
4.44332
6.57853
4.44332
6.57853
4.44332
6.57853
4.44332
6.57853
4.44332
6.57853
4.44332
6.57853
4.44332
6.57853
4.44332
6.57853
4.44332
6.57853
4.44332
6.57853
4.44332
6.57853
4.44332
6.57853
4.44332
6.57853
4.44332
6.57853
4.44332
6.57853
4.44332
6.57853
4.44332
6.57853
4.44332
6.57853
4.44332
6.57853
4.44332
6.57853
4.44332
4.44332
6.57853
4.44332
4.44332
6.57853
6.57853
4.44332
6.57853
4.44332
6.57853
4.44332
6.57853
4.44332
6.57853
4.44332
6.57853
4.44332
4.44332
6.57853
4.44332
6.57853
6.57853
4.44332
4.44332
4.44332
4.44332
4.44332
6.57853
4.44332
6.57853
4.44332
6.57853
6.57853
4.44332
6.57853
6.57853
4.44332
4.44332
6.57853
4.44332
4.44332
6.57853
4.44332
4.44332
6.57853
6.57853
4.44332
4.44332
6.57853
4.44332
4.44332
4.44332
4.44332
4.44332
4.44332
4.44332
4.44332
4.44332
4.44332
4.44332
6.57853
6.57853
4.44332
4.44332
4.44332
6.57853
4.44332
6.57853
4.44332
6.57853
4.44332
6.57853
4.44332
6.57853
4.44332
6.57853
4.44332
6.57853
4.44332
6.57853
4.44332
6.57853
4.44332
6.57853
4.44332
6.57853
4.44332
6.57853
4.44332
4.44332
6.57853
4.44332
4.44332
6.57853
4.44332
6.57853
4.44332
6.57853
4.44332
6.57853
4.44332
6.57853
4.44332
6.57853
4.44332
6.57853
4.44332
6.57853
4.44332
6.57853
4.44332
6.57853
4.44332
6.57853
4.44332
6.57853
4.44332
6.57853
4.44332
6.57853
4.44332
6.57853
4.44332
6.57853
4.44332
6.57853
4.44332
6.57853
4.44332
4.44332
4.44332
6.57853
4.44332
6.57853
4.44332
6.57853
4.44332
6.57853
4.44332
4.44332
6.57853
4.44332
6.57853
4.44332
6.57853
4.44332
6.57853
4.44332
6.57853
4.44332
6.57853
4.44332
6.57853
4.44332
6.57853
4.44332
6.57853
4.44332
6.57853
4.44332
6.57853
4.44332
4.44332
4.44332
6.57853
4.44332
6.57853
4.44332
6.57853
4.44332
6.57853
4.44332
6.57853
4.44332
6.57853
4.44332
6.57853
6.57853
4.44332
6.57853
4.44332
6.57853
6.57853
4.44332
4.44332
6.57853
6.57853
4.44332
6.57853
4.44332
6.57853
4.44332
6.57853
4.44332
6.57853
4.44332
6.57853
4.44332
6.57853
4.44332
6.57853
4.44332
6.57853
4.44332
6.57853
4.44332
6.57853
4.44332
6.57853
4.44332
6.57853
4.44332
6.57853
4.44332
6.57853
4.44332
6.57853
4.44332
6.57853
4.44332
6.57853
4.44332
6.57853
4.44332
6.57853
4.44332
6.57853
4.44332
6.57853
4.44332
6.57853
4.44332
4.44332
4.44332
6.57853
4.44332
6.57853
4.44332
4.44332
6.57853
4.44332
4.44332
6.57853
4.44332
4.44332
6.57853
4.44332
6.57853
4.44332
4.44332
4.44332
6.57853
4.44332
6.57853
6.57853
4.44332
6.57853
4.44332
4.44332
4.44332
6.57853
4.44332
6.57853
4.44332
6.57853
4.44332
4.44332
4.44332
4.44332
4.44332
4.44332
4.44332
4.44332
4.44332
4.44332
4.44332
4.44332
4.44332
4.44332
4.44332
4.44332
6.57853
6.57853
4.44332
6.57853
4.44332
4.44332
6.57853
4.44332
6.57853
4.44332
6.57853
4.44332
6.57853
4.44332
4.44332
6.57853
4.44332
6.57853
4.44332
6.57853
4.44332
6.57853
4.44332
4.44332
6.57853
4.44332
6.57853
4.44332
6.57853
4.44332
6.57853
4.44332
6.57853
4.44332
6.57853
4.44332
6.57853
4.44332
6.57853
4.44332
6.57853
4.44332
6.57853
4.44332
6.57853
4.44332
6.57853
4.44332
4.44332
6.57853
4.44332
6.57853
4.44332
6.57853
4.44332
6.57853
4.44332
4.44332
6.57853
4.44332
6.57853
4.44332
6.57853
4.44332
6.57853
4.44332
6.57853
4.44332
6.57853
4.44332
4.44332
6.57853
6.57853
6.57853
6.57853
4.44332
6.57853
4.44332
6.57853
4.44332
6.57853
4.44332
6.57853
4.44332
6.57853
4.44332
6.57853
4.44332
6.57853
4.44332
6.57853
4.44332
6.57853
4.44332
6.57853
4.44332
6.57853
4.44332
6.57853
4.44332
6.57853
4.44332
6.57853
4.44332
6.57853
4.44332
4.44332
6.57853
6.57853
4.44332
6.57853
4.44332
6.57853
4.44332
6.57853
4.44332
6.57853
4.44332
6.57853
4.44332
6.57853
4.44332
4.44332
6.57853
6.57853
6.57853
4.44332
6.57853
4.44332
4.44332
6.57853
4.44332
6.57853
4.44332
6.57853
4.44332
6.57853
4.44332
6.57853
4.44332
6.57853
4.44332
4.44332
6.57853
4.44332
4.44332
6.57853
4.44332
6.57853
4.44332
6.57853
4.44332
6.57853
4.44332
6.57853
4.44332
6.57853
4.44332
6.57853
6.57853
4.44332
6.57853
4.44332
6.57853
4.44332
6.57853
4.44332
6.57853
4.44332
6.57853
4.44332
6.57853
4.44332
6.57853
4.44332
6.57853
4.44332
6.57853
4.44332
6.57853
4.44332
6.57853
4.44332
6.57853
4.44332
6.57853
4.44332
6.57853
4.44332
6.57853
4.44332
4.44332
6.57853
6.57853
4.44332
6.57853
4.44332
6.57853
4.44332
6.57853
4.44332
6.57853
4.44332
4.44332
6.57853
4.44332
6.57853
4.44332
6.57853
4.44332
6.57853
4.44332
6.57853
4.44332
6.57853
4.44332
6.57853
4.44332
6.57853
4.44332
6.57853
4.44332
6.57853
4.44332
6.57853
4.44332
6.57853
4.44332
4.44332
6.57853
4.44332
6.57853
4.44332
6.57853
4.44332
6.57853
4.44332
6.57853
4.44332
6.57853
4.44332
6.57853
4.44332
6.57853
6.57853
4.44332
6.57853
4.44332
6.57853
4.44332
6.57853
4.44332
6.57853
4.44332
6.57853
4.44332
4.44332
6.57853
4.44332
6.57853
4.44332
6.57853
4.44332
6.57853
4.44332
6.57853
4.44332
6.57853
4.44332
6.57853
6.57853
4.44332
6.57853
6.57853
6.57853
6.57853
4.44332
6.57853
4.44332
4.44332
6.57853
4.44332
6.57853
4.44332
6.57853
4.44332
4.44332
4.44332
6.57853
4.44332
6.57853
4.44332
6.57853
4.44332
6.57853
4.44332
6.57853
4.44332
6.57853
4.44332
6.57853
4.44332
6.57853
4.44332
6.57853
4.44332
6.57853
4.44332
6.57853
4.44332
6.57853
4.44332
6.57853
4.44332
6.57853
4.44332
6.57853
4.44332
6.57853
4.44332
6.57853
6.57853
4.44332
6.57853
4.44332
6.57853
4.44332
6.57853
4.44332
6.57853
4.44332
6.57853
4.44332
6.57853
4.44332
6.57853
4.44332
6.57853
4.44332
6.57853
4.44332
6.57853
4.44332
6.57853
4.44332
6.57853
4.44332
4.44332
6.57853
4.44332
6.57853
4.44332
6.57853
4.44332
6.57853
4.44332
4.44332
6.57853
4.44332
6.57853
4.44332
6.57853
4.44332
6.57853
6.57853
4.44332
6.57853
4.44332
6.57853
4.44332
6.57853
4.44332
6.57853
4.44332
6.57853
4.44332
4.44332
6.57853
4.44332
6.57853
4.44332
6.57853
4.44332
6.57853
4.44332
6.57853
4.44332
6.57853
4.44332
6.57853
6.57853
4.44332
6.57853
4.44332
6.57853
4.44332
6.57853
4.44332
6.57853
4.44332
6.57853
4.44332
6.57853
4.44332
6.57853
4.44332
6.57853
6.57853
4.44332
6.57853
4.44332
6.57853
4.44332
6.57853
4.44332
6.57853
4.44332
6.57853
4.44332
6.57853
4.44332
6.57853
4.44332
6.57853
4.44332
6.57853
4.44332
6.57853
4.44332
4.44332
6.57853
4.44332
6.57853
4.44332
6.57853
4.44332
6.57853
4.44332
6.57853
4.44332
6.57853
6.57853
4.44332
6.57853
4.44332
6.57853
4.44332
6.57853
4.44332
4.44332
4.44332
6.57853
4.44332
6.57853
4.44332
4.44332
6.57853
4.44332
4.44332
6.57853
4.44332
6.57853
4.44332
6.57853
4.44332
6.57853
4.44332
6.57853
4.44332
6.57853
4.44332
6.57853
4.44332
6.57853
4.44332
6.57853
4.44332
6.57853
4.44332
6.57853
4.44332
6.57853
4.44332
4.44332
4.44332
6.57853
4.44332
4.44332
4.44332
4.44332
6.57853
4.44332
6.57853
4.44332
6.57853
4.44332
6.57853
4.44332
6.57853
4.44332
6.57853
4.44332
6.57853
4.44332
6.57853
4.44332
6.57853
4.44332
6.57853
4.44332
6.57853
6.57853
4.44332
6.57853
6.57853
4.44332
6.57853
4.44332
6.57853
6.57853
4.44332
6.57853
4.44332
6.57853
4.44332
6.57853
4.44332
4.44332
4.44332
6.57853
4.44332
6.57853
6.57853
4.44332
6.57853
4.44332
4.44332
6.57853
4.44332
6.57853
4.44332
6.57853
4.44332
6.57853
4.44332
6.57853
4.44332
6.57853
4.44332
4.44332
6.57853
4.44332
4.44332
6.57853
4.44332
6.57853
6.57853
4.44332
6.57853
4.44332
6.57853
6.57853
6.57853
4.44332
6.57853
4.44332
6.57853
4.44332
4.44332
4.44332
6.57853
4.44332
6.57853
4.44332
4.44332
6.57853
4.44332
4.44332
6.57853
4.44332
4.44332
6.57853
4.44332
6.57853
4.44332
6.57853
6.57853
4.44332
4.44332
6.57853
4.44332
6.57853
4.44332
4.44332
6.57853
4.44332
6.57853
4.44332
6.57853
4.44332
6.57853
4.44332
6.57853
4.44332
6.57853
4.44332
6.57853
4.44332
6.57853
4.44332
6.57853
4.44332
4.44332
6.57853
4.44332
6.57853
4.44332
6.57853
4.44332
6.57853
4.44332
6.57853
4.44332
4.44332
6.57853
4.44332
4.44332
6.57853
4.44332
6.57853
4.44332
6.57853
4.44332
6.57853
6.57853
6.57853
4.44332
6.57853
6.57853
4.44332
6.57853
4.44332
4.44332
6.57853
4.44332
6.57853
4.44332
6.57853
4.44332
6.57853
4.44332
4.44332
4.44332
6.57853
4.44332
6.57853
4.44332
6.57853
4.44332
6.57853
4.44332
4.44332
6.57853
4.44332
6.57853
6.57853
4.44332
6.57853
6.57853
4.44332
6.57853
6.57853
4.44332
4.44332
6.57853
4.44332
4.44332
4.44332
6.57853
4.44332
6.57853
4.44332
6.57853
4.44332
4.44332
4.44332
4.44332
6.57853
4.44332
4.44332
6.57853
4.44332
6.57853
6.57853
6.57853
6.57853
6.57853
6.57853
4.44332
4.44332
6.57853
4.44332
6.57853
6.57853
4.44332
6.57853
6.57853
4.44332
4.44332
6.57853
4.44332
6.57853
4.44332
6.57853
4.44332
4.44332
6.57853
4.44332
6.57853
4.44332
6.57853
4.44332
6.57853
4.44332
6.57853
4.44332
6.57853
4.44332
6.57853
4.44332
6.57853
4.44332
6.57853
6.57853
4.44332
4.44332
6.57853
4.44332
6.57853
4.44332
6.57853
4.44332
6.57853
4.44332
6.57853
4.44332
6.57853
4.44332
4.44332
4.44332
6.57853
4.44332
6.57853
4.44332
6.57853
4.44332
6.57853
4.44332
6.57853
4.44332
6.57853
4.44332
6.57853
4.44332
6.57853
4.44332
6.57853
4.44332
6.57853
4.44332
4.44332
6.57853
4.44332
6.57853
4.44332
6.57853
4.44332
6.57853
4.44332
6.57853
4.44332
6.57853
4.44332
6.57853
4.44332
4.44332
6.57853
4.44332
6.57853
6.57853
4.44332
6.57853
6.57853
4.44332
6.57853
4.44332
6.57853
4.44332
6.57853
4.44332
4.44332
6.57853
6.57853
4.44332
6.57853
4.44332
4.44332
6.57853
4.44332
4.44332
4.44332
6.57853
4.44332
6.57853
4.44332
6.57853
4.44332
6.57853
4.44332
4.44332
6.57853
4.44332
6.57853
4.44332
6.57853
4.44332
6.57853
4.44332
6.57853
4.44332
6.57853
4.44332
6.57853
4.44332
6.57853
4.44332
6.57853
4.44332
4.44332
6.57853
4.44332
4.44332
6.57853
6.57853
6.57853
4.44332
6.57853
4.44332
6.57853
4.44332
6.57853
4.44332
4.44332
6.57853
4.44332
6.57853
4.44332
4.44332
6.57853
4.44332
6.57853
4.44332
6.57853
4.44332
6.57853
4.44332
6.57853
4.44332
6.57853
4.44332
6.57853
4.44332
6.57853
4.44332
6.57853
4.44332
4.44332
6.57853
4.44332
6.57853
4.44332
6.57853
4.44332
6.57853
4.44332
6.57853
6.57853
4.44332
6.57853
4.44332
6.57853
4.44332
4.44332
6.57853
4.44332
6.57853
4.44332
6.57853
4.44332
6.57853
4.44332
6.57853
4.44332
6.57853
4.44332
6.57853
4.44332
6.57853
4.44332
4.44332
4.44332
4.44332
4.44332
4.44332
4.44332
6.57853
4.44332
6.57853
4.44332
6.57853
4.44332
6.57853
4.44332
6.57853
4.44332
6.57853
4.44332
6.57853
4.44332
4.44332
6.57853
4.44332
6.57853
4.44332
6.57853
4.44332
6.57853
4.44332
6.57853
4.44332
6.57853
4.44332
6.57853
4.44332
6.57853
4.44332
6.57853
4.44332
4.44332
6.57853
4.44332
6.57853
4.44332
6.57853
4.44332
6.57853
4.44332
6.57853
4.44332
6.57853
4.44332
6.57853
4.44332
6.57853
4.44332
6.57853
4.44332
6.57853
6.57853
6.57853
4.44332
6.57853
4.44332
6.57853
4.44332
6.57853
4.44332
4.44332
4.44332
6.57853
4.44332
6.57853
4.44332
6.57853
4.44332
6.57853
4.44332
6.57853
4.44332
6.57853
4.44332
4.44332
6.57853
4.44332
4.44332
6.57853
6.57853
4.44332
4.44332
6.57853
4.44332
4.44332
4.44332
6.57853
4.44332
6.57853
4.44332
6.57853
4.44332
6.57853
4.44332
6.57853
4.44332
6.57853
4.44332
6.57853
4.44332
6.57853
6.57853
4.44332
4.44332
4.44332
4.44332
4.44332
6.57853
4.44332
6.57853
4.44332
6.57853
4.44332
6.57853
4.44332
6.57853
4.44332
6.57853
4.44332
6.57853
4.44332
4.44332
6.57853
4.44332
6.57853
4.44332
6.57853
4.44332
6.57853
4.44332
6.57853
4.44332
6.57853
4.44332
6.57853
4.44332
4.44332
6.57853
4.44332
6.57853
4.44332
6.57853
6.57853
4.44332
6.57853
6.57853
4.44332
4.44332
6.57853
4.44332
4.44332
6.57853
4.44332
6.57853
4.44332
6.57853
4.44332
6.57853
4.44332
6.57853
6.57853
4.44332
4.44332
6.57853
4.44332
4.44332
4.44332
6.57853
4.44332
6.57853
6.57853
6.57853
4.44332
6.57853
4.44332
6.57853
4.44332
6.57853
4.44332
6.57853
4.44332
6.57853
4.44332
6.57853
4.44332
6.57853
4.44332
6.57853
4.44332
4.44332
6.57853
4.44332
6.57853
4.44332
6.57853
4.44332
6.57853
4.44332
6.57853
4.44332
6.57853
4.44332
6.57853
4.44332
6.57853
4.44332
6.57853
4.44332
6.57853
4.44332
6.57853
6.57853
4.44332
6.57853
6.57853
4.44332
6.57853
4.44332
6.57853
6.57853
4.44332
6.57853
4.44332
6.57853
4.44332
6.57853
4.44332
6.57853
4.44332
6.57853
4.44332
6.57853
4.44332
6.57853
4.44332
6.57853
4.44332
6.57853
4.44332
6.57853
4.44332
6.57853
4.44332
4.44332
6.57853
4.44332
6.57853
4.44332
6.57853
4.44332
6.57853
6.57853
4.44332
4.44332
6.57853
4.44332
4.44332
6.57853
4.44332
6.57853
4.44332
4.44332
4.44332
6.57853
4.44332
4.44332
6.57853
6.57853
4.44332
6.57853
4.44332
6.57853
4.44332
6.57853
4.44332
6.57853
4.44332
6.57853
4.44332
6.57853
4.44332
6.57853
4.44332
6.57853
4.44332
6.57853
4.44332
6.57853
4.44332
6.57853
4.44332
6.57853
4.44332
6.57853
6.57853
4.44332
4.44332
6.57853
4.44332
6.57853
4.44332
4.44332
6.57853
4.44332
6.57853
4.44332
6.57853
4.44332
6.57853
4.44332
6.57853
4.44332
6.57853
4.44332
6.57853
4.44332
6.57853
4.44332
6.57853
4.44332
6.57853
4.44332
6.57853
4.44332
6.57853
4.44332
6.57853
4.44332
6.57853
4.44332
6.57853
4.44332
6.57853
4.44332
6.57853
6.57853
6.57853
4.44332
6.57853
4.44332
4.44332
4.44332
6.57853
4.44332
4.44332
6.57853
4.44332
6.57853
4.44332
6.57853
4.44332
6.57853
4.44332
6.57853
4.44332
6.57853
4.44332
6.57853
4.44332
6.57853
4.44332
6.57853
4.44332
6.57853
4.44332
6.57853
4.44332
4.44332
4.44332
4.44332
6.57853
4.44332
6.57853
4.44332
4.44332
6.57853
4.44332
6.57853
6.57853
4.44332
6.57853
4.44332
6.57853
6.57853
4.44332
6.57853
6.57853
6.57853
4.44332
6.57853
4.44332
6.57853
4.44332
4.44332
4.44332
6.57853
4.44332
6.57853
4.44332
6.57853
4.44332
6.57853
4.44332
6.57853
4.44332
6.57853
4.44332
6.57853
4.44332
6.57853
4.44332
6.57853
4.44332
6.57853
4.44332
4.44332
4.44332
6.57853
6.57853
4.44332
6.57853
6.57853
6.57853
4.44332
6.57853
4.44332
6.57853
4.44332
6.57853
4.44332
6.57853
4.44332
6.57853
4.44332
6.57853
4.44332
6.57853
4.44332
6.57853
4.44332
6.57853
4.44332
6.57853
4.44332
6.57853
4.44332
6.57853
4.44332
6.57853
4.44332
4.44332
6.57853
4.44332
6.57853
4.44332
6.57853
4.44332
6.57853
4.44332
6.57853
4.44332
6.57853
4.44332
6.57853
4.44332
6.57853
4.44332
6.57853
4.44332
6.57853
4.44332
6.57853
4.44332
6.57853
4.44332
6.57853
6.57853
4.44332
6.57853
6.57853
4.44332
6.57853
4.44332
6.57853
4.44332
6.57853
4.44332
4.44332
6.57853
6.57853
4.44332
6.57853
4.44332
6.57853
4.44332
4.44332
4.44332
6.57853
4.44332
6.57853
4.44332
6.57853
4.44332
6.57853
4.44332
6.57853
4.44332
6.57853
4.44332
6.57853
6.57853
4.44332
4.44332
6.57853
4.44332
6.57853
6.57853
4.44332
6.57853
4.44332
6.57853
4.44332
6.57853
4.44332
6.57853
4.44332
6.57853
4.44332
4.44332
6.57853
4.44332
6.57853
4.44332
6.57853
4.44332
6.57853
4.44332
6.57853
4.44332
6.57853
4.44332
6.57853
4.44332
6.57853
4.44332
6.57853
4.44332
6.57853
4.44332
6.57853
4.44332
4.44332
6.57853
4.44332
6.57853
6.57853
4.44332
6.57853
4.44332
6.57853
4.44332
6.57853
4.44332
6.57853
4.44332
6.57853
4.44332
6.57853
6.57853
6.57853
6.57853
4.44332
6.57853
4.44332
6.57853
4.44332
6.57853
4.44332
6.57853
4.44332
4.44332
6.57853
4.44332
6.57853
4.44332
6.57853
4.44332
6.57853
4.44332
6.57853
4.44332
6.57853
4.44332
6.57853
4.44332
6.57853
4.44332
6.57853
4.44332
6.57853
4.44332
6.57853
4.44332
6.57853
4.44332
4.44332
6.57853
4.44332
6.57853
4.44332
4.44332
6.57853
4.44332
6.57853
6.57853
4.44332
4.44332
6.57853
4.44332
6.57853
4.44332
6.57853
4.44332
6.57853
4.44332
6.57853
4.44332
6.57853
6.57853
4.44332
6.57853
6.57853
4.44332
6.57853
6.57853
6.57853
6.57853
6.57853
4.44332
6.57853
4.44332
6.57853
4.44332
6.57853
4.44332
6.57853
6.57853
4.44332
4.44332
6.57853
4.44332
4.44332
6.57853
4.44332
6.57853
4.44332
6.57853
6.57853
4.44332
4.44332
6.57853
4.44332
6.57853
4.44332
6.57853
4.44332
6.57853
4.44332
4.44332
6.57853
4.44332
6.57853
6.57853
6.57853
4.44332
6.57853
4.44332
4.44332
6.57853
4.44332
6.57853
4.44332
6.57853
4.44332
6.57853
4.44332
6.57853
4.44332
6.57853
4.44332
6.57853
4.44332
6.57853
4.44332
4.44332
4.44332
6.57853
4.44332
6.57853
4.44332
6.57853
4.44332
6.57853
4.44332
6.57853
4.44332
6.57853
4.44332
4.44332
4.44332
4.44332
4.44332
6.57853
4.44332
6.57853
4.44332
4.44332
4.44332
6.57853
4.44332
4.44332
6.57853
4.44332
6.57853
4.44332
6.57853
4.44332
6.57853
4.44332
6.57853
4.44332
6.57853
6.57853
6.57853
4.44332
6.57853
4.44332
4.44332
4.44332
6.57853
4.44332
4.44332
6.57853
4.44332
4.44332
6.57853
4.44332
6.57853
4.44332
6.57853
4.44332
6.57853
4.44332
4.44332
6.57853
4.44332
6.57853
4.44332
6.57853
4.44332
6.57853
4.44332
6.57853
4.44332
6.57853
4.44332
6.57853
4.44332
6.57853
4.44332
6.57853
4.44332
6.57853
4.44332
6.57853
4.44332
4.44332
6.57853
4.44332
6.57853
4.44332
6.57853
6.57853
4.44332
6.57853
4.44332
6.57853
4.44332
4.44332
6.57853
4.44332
6.57853
6.57853
6.57853
4.44332
6.57853
4.44332
6.57853
4.44332
6.57853
4.44332
6.57853
4.44332
6.57853
4.44332
4.44332
6.57853
4.44332
6.57853
4.44332
6.57853
4.44332
6.57853
4.44332
6.57853
4.44332
6.57853
4.44332
6.57853
4.44332
6.57853
4.44332
6.57853
4.44332
6.57853
4.44332
4.44332
6.57853
4.44332
4.44332
6.57853
4.44332
6.57853
6.57853
4.44332
6.57853
4.44332
6.57853
4.44332
6.57853
4.44332
6.57853
4.44332
6.57853
4.44332
6.57853
4.44332
6.57853
4.44332
6.57853
4.44332
4.44332
6.57853
4.44332
6.57853
4.44332
6.57853
4.44332
6.57853
4.44332
6.57853
4.44332
6.57853
4.44332
6.57853
4.44332
6.57853
6.57853
6.57853
6.57853
6.57853
4.44332
6.57853
4.44332
4.44332
4.44332
4.44332
6.57853
4.44332
6.57853
4.44332
6.57853
4.44332
6.57853
4.44332
6.57853
4.44332
6.57853
4.44332
6.57853
4.44332
4.44332
6.57853
4.44332
6.57853
4.44332
6.57853
4.44332
6.57853
4.44332
6.57853
4.44332
6.57853
4.44332
6.57853
4.44332
6.57853
4.44332
6.57853
4.44332
6.57853
6.57853
4.44332
4.44332
6.57853
4.44332
6.57853
4.44332
6.57853
4.44332
6.57853
4.44332
6.57853
4.44332
6.57853
4.44332
6.57853
6.57853
4.44332
6.57853
4.44332
6.57853
4.44332
6.57853
4.44332
6.57853
4.44332
6.57853
4.44332
4.44332
6.57853
4.44332
6.57853
4.44332
6.57853
4.44332
6.57853
4.44332
6.57853
4.44332
6.57853
4.44332
6.57853
6.57853
4.44332
4.44332
6.57853
4.44332
6.57853
4.44332
6.57853
4.44332
4.44332
6.57853
4.44332
4.44332
6.57853
4.44332
6.57853
4.44332
6.57853
4.44332
6.57853
4.44332
6.57853
4.44332
6.57853
4.44332
6.57853
4.44332
6.57853
4.44332
6.57853
4.44332
6.57853
4.44332
6.57853
4.44332
4.44332
6.57853
4.44332
4.44332
6.57853
4.44332
4.44332
6.57853
6.57853
4.44332
6.57853
4.44332
6.57853
4.44332
6.57853
4.44332
6.57853
4.44332
6.57853
4.44332
4.44332
6.57853
4.44332
6.57853
4.44332
6.57853
4.44332
6.57853
4.44332
6.57853
4.44332
6.57853
4.44332
6.57853
4.44332
4.44332
6.57853
4.44332
6.57853
4.44332
6.57853
4.44332
4.44332
6.57853
4.44332
6.57853
4.44332
6.57853
4.44332
4.44332
6.57853
6.57853
6.57853
4.44332
6.57853
4.44332
6.57853
4.44332
6.57853
6.57853
4.44332
6.57853
4.44332
6.57853
4.44332
6.57853
4.44332
6.57853
4.44332
6.57853
4.44332
4.44332
6.57853
4.44332
6.57853
4.44332
6.57853
4.44332
6.57853
4.44332
6.57853
4.44332
6.57853
4.44332
6.57853
4.44332
6.57853
4.44332
6.57853
4.44332
6.57853
4.44332
6.57853
4.44332
6.57853
4.44332
6.57853
4.44332
4.44332
4.44332
6.57853
6.57853
4.44332
6.57853
6.57853
4.44332
6.57853
4.44332
6.57853
6.57853
4.44332
6.57853
4.44332
6.57853
6.57853
4.44332
6.57853
6.57853
4.44332
4.44332
6.57853
4.44332
6.57853
4.44332
4.44332
6.57853
6.57853
6.57853
4.44332
6.57853
4.44332
6.57853
4.44332
4.44332
4.44332
6.57853
4.44332
6.57853
6.57853
4.44332
4.44332
6.57853
6.57853
4.44332
6.57853
6.57853
4.44332
6.57853
4.44332
6.57853
4.44332
6.57853
4.44332
4.44332
6.57853
4.44332
6.57853
4.44332
6.57853
4.44332
6.57853
4.44332
6.57853
4.44332
6.57853
4.44332
6.57853
4.44332
6.57853
4.44332
4.44332
6.57853
4.44332
6.57853
4.44332
6.57853
4.44332
6.57853
4.44332
6.57853
4.44332
6.57853
4.44332
4.44332
4.44332
4.44332
4.44332
4.44332
6.57853
4.44332
6.57853
4.44332
6.57853
4.44332
6.57853
4.44332
6.57853
4.44332
6.57853
4.44332
6.57853
4.44332
4.44332
6.57853
4.44332
6.57853
4.44332
6.57853
4.44332
6.57853
4.44332
6.57853
4.44332
6.57853
4.44332
6.57853
4.44332
6.57853
4.44332
6.57853
4.44332
4.44332
6.57853
6.57853
4.44332
6.57853
4.44332
6.57853
4.44332
6.57853
4.44332
6.57853
4.44332
6.57853
4.44332
6.57853
4.44332
4.44332
4.44332
6.57853
4.44332
6.57853
6.57853
6.57853
4.44332
6.57853
4.44332
6.57853
4.44332
6.57853
4.44332
6.57853
4.44332
6.57853
4.44332
6.57853
4.44332
6.57853
4.44332
6.57853
4.44332
4.44332
6.57853
4.44332
6.57853
4.44332
6.57853
4.44332
6.57853
4.44332
6.57853
4.44332
6.57853
4.44332
6.57853
4.44332
6.57853
4.44332
6.57853
4.44332
6.57853
4.44332
6.57853
4.44332
4.44332
6.57853
4.44332
6.57853
6.57853
4.44332
4.44332
6.57853
6.57853
4.44332
4.44332
6.57853
4.44332
6.57853
4.44332
6.57853
4.44332
6.57853
4.44332
6.57853
4.44332
6.57853
4.44332
6.57853
4.44332
4.44332
6.57853
4.44332
6.57853
4.44332
6.57853
4.44332
6.57853
4.44332
6.57853
4.44332
6.57853
4.44332
4.44332
6.57853
4.44332
6.57853
4.44332
6.57853
4.44332
6.57853
4.44332
4.44332
4.44332
4.44332
4.44332
4.44332
6.57853
4.44332
6.57853
4.44332
6.57853
4.44332
6.57853
4.44332
4.44332
6.57853
4.44332
6.57853
4.44332
6.57853
4.44332
6.57853
4.44332
6.57853
4.44332
4.44332
6.57853
4.44332
6.57853
4.44332
6.57853
4.44332
6.57853
4.44332
6.57853
4.44332
6.57853
4.44332
6.57853
4.44332
6.57853
4.44332
4.44332
6.57853
4.44332
6.57853
4.44332
6.57853
4.44332
6.57853
4.44332
4.44332
4.44332
4.44332
4.44332
4.44332
6.57853
4.44332
6.57853
4.44332
6.57853
4.44332
4.44332
6.57853
4.44332
4.44332
6.57853
4.44332
6.57853
4.44332
6.57853
4.44332
4.44332
6.57853
4.44332
6.57853
4.44332
6.57853
4.44332
6.57853
4.44332
6.57853
4.44332
6.57853
4.44332
4.44332
6.57853
4.44332
6.57853
4.44332
6.57853
4.44332
6.57853
4.44332
4.44332
4.44332
6.57853
4.44332
4.44332
4.44332
6.57853
6.57853
4.44332
6.57853
4.44332
6.57853
4.44332
6.57853
4.44332
6.57853
4.44332
6.57853
4.44332
6.57853
4.44332
6.57853
4.44332
4.44332
6.57853
4.44332
6.57853
4.44332
6.57853
4.44332
6.57853
4.44332
6.57853
4.44332
6.57853
4.44332
6.57853
4.44332
4.44332
6.57853
4.44332
6.57853
4.44332
6.57853
4.44332
6.57853
4.44332
6.57853
6.57853
4.44332
4.44332
6.57853
6.57853
4.44332
4.44332
4.44332
6.57853
4.44332
6.57853
4.44332
6.57853
4.44332
6.57853
4.44332
6.57853
4.44332
6.57853
4.44332
6.57853
4.44332
6.57853
4.44332
4.44332
6.57853
4.44332
6.57853
4.44332
6.57853
4.44332
6.57853
4.44332
6.57853
4.44332
6.57853
4.44332
4.44332
6.57853
4.44332
6.57853
4.44332
6.57853
4.44332
6.57853
4.44332
6.57853
4.44332
6.57853
4.44332
6.57853
4.44332
6.57853
6.57853
6.57853
4.44332
4.44332
6.57853
4.44332
6.57853
4.44332
6.57853
4.44332
4.44332
6.57853
4.44332
6.57853
4.44332
6.57853
4.44332
6.57853
4.44332
6.57853
4.44332
4.44332
6.57853
4.44332
6.57853
4.44332
6.57853
4.44332
6.57853
4.44332
6.57853
4.44332
4.44332
6.57853
4.44332
6.57853
4.44332
6.57853
4.44332
6.57853
4.44332
6.57853
4.44332
4.44332
6.57853
4.44332
6.57853
4.44332
6.57853
4.44332
6.57853
4.44332
6.57853
4.44332
4.44332
6.57853
4.44332
6.57853
4.44332
6.57853
4.44332
6.57853
4.44332
6.57853
4.44332
4.44332
6.57853
4.44332
6.57853
4.44332
6.57853
4.44332
6.57853
4.44332
4.44332
4.44332
4.44332
6.57853
4.44332
6.57853
4.44332
4.44332
6.57853
6.57853
6.57853
6.57853
4.44332
6.57853
4.44332
4.44332
6.57853
4.44332
6.57853
4.44332
6.57853
4.44332
6.57853
4.44332
6.57853
4.44332
6.57853
4.44332
4.44332
6.57853
4.44332
6.57853
4.44332
6.57853
4.44332
6.57853
4.44332
6.57853
4.44332
4.44332
4.44332
6.57853
4.44332
6.57853
4.44332
4.44332
6.57853
4.44332
6.57853
4.44332
6.57853
4.44332
6.57853
4.44332
6.57853
4.44332
6.57853
4.44332
6.57853
4.44332
4.44332
6.57853
4.44332
6.57853
4.44332
6.57853
4.44332
6.57853
4.44332
6.57853
4.44332
4.44332
4.44332
4.44332
6.57853
4.44332
6.57853
4.44332
6.57853
4.44332
6.57853
4.44332
6.57853
4.44332
4.44332
6.57853
4.44332
6.57853
4.44332
6.57853
4.44332
6.57853
4.44332
6.57853
4.44332
4.44332
6.57853
4.44332
6.57853
4.44332
4.44332
4.44332
6.57853
4.44332
6.57853
6.57853
4.44332
4.44332
4.44332
4.44332
4.44332
6.57853
4.44332
4.44332
6.57853
6.57853
4.44332
6.57853
6.57853
4.44332
4.44332
6.57853
4.44332
4.44332
6.57853
4.44332
6.57853
4.44332
6.57853
4.44332
6.57853
4.44332
6.57853
4.44332
6.57853
4.44332
4.44332
6.57853
4.44332
6.57853
4.44332
6.57853
4.44332
6.57853
4.44332
6.57853
4.44332
4.44332
6.57853
6.57853
4.44332
4.44332
6.57853
4.44332
6.57853
4.44332
6.57853
4.44332
6.57853
4.44332
6.57853
4.44332
6.57853
4.44332
4.44332
6.57853
4.44332
6.57853
4.44332
6.57853
4.44332
6.57853
4.44332
6.57853
4.44332
4.44332
4.44332
4.44332
6.57853
4.44332
6.57853
6.57853
4.44332
4.44332
6.57853
6.57853
4.44332
4.44332
6.57853
6.57853
4.44332
6.57853
4.44332
4.44332
4.44332
6.57853
4.44332
4.44332
4.44332
6.57853
6.57853
4.44332
4.44332
4.44332
4.44332
6.57853
4.44332
6.57853
4.44332
6.57853
6.57853
6.57853
4.44332
4.44332
6.57853
6.57853
4.44332
6.57853
4.44332
4.44332
6.57853
4.44332
6.57853
4.44332
6.57853
6.57853
4.44332
6.57853
4.44332
6.57853
6.57853
4.44332
6.57853
4.44332
6.57853
4.44332
6.57853
4.44332
6.57853
4.44332
6.57853
4.44332
4.44332
6.57853
4.44332
6.57853
4.44332
6.57853
4.44332
6.57853
4.44332
6.57853
4.44332
6.57853
4.44332
6.57853
4.44332
6.57853
4.44332
4.44332
6.57853
6.57853
4.44332
6.57853
4.44332
6.57853
4.44332
6.57853
4.44332
6.57853
4.44332
6.57853
4.44332
6.57853
4.44332
6.57853
4.44332
4.44332
4.44332
4.44332
6.57853
6.57853
4.44332
6.57853
4.44332
6.57853
4.44332
6.57853
4.44332
6.57853
4.44332
6.57853
4.44332
4.44332
6.57853
4.44332
6.57853
4.44332
6.57853
4.44332
6.57853
4.44332
6.57853
4.44332
6.57853
4.44332
6.57853
4.44332
6.57853
4.44332
4.44332
6.57853
4.44332
6.57853
4.44332
6.57853
4.44332
6.57853
4.44332
6.57853
4.44332
6.57853
4.44332
6.57853
4.44332
6.57853
4.44332
6.57853
6.57853
4.44332
6.57853
6.57853
4.44332
6.57853
4.44332
6.57853
4.44332
6.57853
4.44332
6.57853
4.44332
4.44332
4.44332
6.57853
6.57853
4.44332
6.57853
6.57853
4.44332
6.57853
4.44332
6.57853
4.44332
4.44332
4.44332
4.44332
6.57853
4.44332
6.57853
4.44332
6.57853
6.57853
6.57853
4.44332
6.57853
4.44332
6.57853
4.44332
4.44332
6.57853
4.44332
6.57853
4.44332
6.57853
4.44332
6.57853
4.44332
6.57853
4.44332
6.57853
4.44332
6.57853
4.44332
6.57853
4.44332
4.44332
6.57853
4.44332
6.57853
4.44332
6.57853
4.44332
6.57853
6.57853
4.44332
6.57853
4.44332
6.57853
4.44332
4.44332
6.57853
4.44332
6.57853
4.44332
6.57853
6.57853
4.44332
6.57853
4.44332
6.57853
4.44332
6.57853
4.44332
6.57853
4.44332
6.57853
4.44332
6.57853
4.44332
6.57853
4.44332
6.57853
4.44332
4.44332
6.57853
4.44332
6.57853
4.44332
6.57853
4.44332
6.57853
4.44332
6.57853
4.44332
6.57853
4.44332
6.57853
4.44332
6.57853
4.44332
6.57853
4.44332
4.44332
6.57853
6.57853
4.44332
6.57853
4.44332
6.57853
4.44332
6.57853
4.44332
4.44332
4.44332
6.57853
4.44332
6.57853
6.57853
6.57853
6.57853
4.44332
6.57853
4.44332
4.44332
6.57853
4.44332
6.57853
4.44332
4.44332
6.57853
6.57853
4.44332
6.57853
4.44332
6.57853
4.44332
4.44332
4.44332
6.57853
6.57853
4.44332
6.57853
6.57853
4.44332
6.57853
4.44332
6.57853
6.57853
4.44332
6.57853
4.44332
6.57853
4.44332
6.57853
4.44332
4.44332
4.44332
6.57853
4.44332
6.57853
4.44332
4.44332
6.57853
4.44332
4.44332
4.44332
6.57853
4.44332
6.57853
4.44332
6.57853
4.44332
6.57853
4.44332
6.57853
4.44332
6.57853
6.57853
4.44332
6.57853
6.57853
4.44332
4.44332
4.44332
6.57853
4.44332
6.57853
4.44332
6.57853
4.44332
6.57853
4.44332
6.57853
4.44332
6.57853
4.44332
6.57853
4.44332
6.57853
6.57853
6.57853
4.44332
6.57853
4.44332
6.57853
4.44332
6.57853
4.44332
6.57853
4.44332
6.57853
4.44332
6.57853
4.44332
6.57853
4.44332
4.44332
6.57853
4.44332
6.57853
4.44332
4.44332
4.44332
4.44332
6.57853
4.44332
6.57853
4.44332
6.57853
4.44332
4.44332
6.57853
4.44332
6.57853
4.44332
6.57853
4.44332
6.57853
4.44332
6.57853
4.44332
4.44332
6.57853
4.44332
6.57853
4.44332
6.57853
4.44332
6.57853
4.44332
6.57853
4.44332
6.57853
4.44332
6.57853
4.44332
4.44332
4.44332
4.44332
6.57853
4.44332
6.57853
6.57853
4.44332
6.57853
4.44332
4.44332
6.57853
6.57853
4.44332
6.57853
4.44332
4.44332
6.57853
4.44332
6.57853
4.44332
6.57853
4.44332
4.44332
6.57853
4.44332
4.44332
4.44332
6.57853
4.44332
6.57853
4.44332
6.57853
4.44332
6.57853
4.44332
6.57853
4.44332
6.57853
4.44332
6.57853
4.44332
4.44332
6.57853
4.44332
6.57853
4.44332
6.57853
4.44332
6.57853
4.44332
6.57853
4.44332
6.57853
4.44332
6.57853
4.44332
6.57853
4.44332
6.57853
4.44332
6.57853
4.44332
4.44332
6.57853
4.44332
6.57853
4.44332
6.57853
4.44332
6.57853
6.57853
4.44332
6.57853
4.44332
6.57853
4.44332
6.57853
4.44332
6.57853
6.57853
4.44332
4.44332
4.44332
6.57853
4.44332
4.44332
6.57853
4.44332
6.57853
4.44332
6.57853
4.44332
6.57853
4.44332
6.57853
4.44332
6.57853
4.44332
6.57853
4.44332
4.44332
6.57853
4.44332
6.57853
4.44332
6.57853
6.57853
4.44332
4.44332
6.57853
6.57853
4.44332
6.57853
4.44332
6.57853
4.44332
4.44332
6.57853
4.44332
6.57853
4.44332
4.44332
6.57853
6.57853
6.57853
4.44332
6.57853
4.44332
6.57853
4.44332
6.57853
4.44332
6.57853
4.44332
6.57853
4.44332
4.44332
6.57853
6.57853
4.44332
6.57853
6.57853
6.57853
4.44332
6.57853
4.44332
6.57853
6.57853
4.44332
4.44332
4.44332
6.57853
4.44332
6.57853
4.44332
6.57853
4.44332
4.44332
6.57853
4.44332
6.57853
4.44332
6.57853
4.44332
6.57853
6.57853
6.57853
4.44332
6.57853
6.57853
4.44332
6.57853
4.44332
6.57853
4.44332
6.57853
4.44332
6.57853
4.44332
4.44332
4.44332
4.44332
4.44332
6.57853
4.44332
6.57853
4.44332
6.57853
4.44332
6.57853
4.44332
6.57853
4.44332
6.57853
4.44332
6.57853
4.44332
6.57853
4.44332
6.57853
4.44332
6.57853
4.44332
4.44332
6.57853
6.57853
4.44332
6.57853
6.57853
4.44332
4.44332
6.57853
4.44332
6.57853
4.44332
6.57853
6.57853
6.57853
4.44332
6.57853
4.44332
6.57853
4.44332
4.44332
6.57853
4.44332
6.57853
4.44332
6.57853
4.44332
4.44332
6.57853
6.57853
6.57853
4.44332
6.57853
4.44332
6.57853
4.44332
6.57853
4.44332
6.57853
4.44332
6.57853
4.44332
6.57853
4.44332
6.57853
4.44332
4.44332
6.57853
4.44332
6.57853
4.44332
6.57853
4.44332
6.57853
6.57853
6.57853
4.44332
6.57853
4.44332
4.44332
6.57853
4.44332
6.57853
4.44332
6.57853
4.44332
6.57853
4.44332
4.44332
6.57853
6.57853
6.57853
4.44332
4.44332
6.57853
4.44332
6.57853
4.44332
6.57853
4.44332
6.57853
4.44332
6.57853
4.44332
6.57853
4.44332
6.57853
6.57853
6.57853
4.44332
6.57853
4.44332
4.44332
6.57853
4.44332
6.57853
4.44332
6.57853
4.44332
6.57853
4.44332
4.44332
6.57853
6.57853
6.57853
4.44332
6.57853
4.44332
6.57853
4.44332
6.57853
4.44332
6.57853
4.44332
6.57853
4.44332
4.44332
6.57853
4.44332
6.57853
4.44332
6.57853
4.44332
6.57853
4.44332
6.57853
6.57853
4.44332
6.57853
4.44332
6.57853
4.44332
6.57853
4.44332
6.57853
4.44332
4.44332
6.57853
6.57853
6.57853
4.44332
4.44332
6.57853
4.44332
6.57853
4.44332
6.57853
4.44332
6.57853
4.44332
6.57853
4.44332
6.57853
4.44332
4.44332
4.44332
6.57853
4.44332
4.44332
4.44332
4.44332
4.44332
4.44332
4.44332
4.44332
6.57853
4.44332
6.57853
4.44332
6.57853
4.44332
6.57853
4.44332
6.57853
4.44332
4.44332
6.57853
4.44332
6.57853
4.44332
6.57853
4.44332
6.57853
4.44332
6.57853
4.44332
6.57853
4.44332
6.57853
4.44332
6.57853
4.44332
6.57853
4.44332
6.57853
4.44332
4.44332
6.57853
4.44332
6.57853
4.44332
6.57853
4.44332
6.57853
4.44332
6.57853
4.44332
6.57853
4.44332
4.44332
4.44332
6.57853
4.44332
6.57853
4.44332
4.44332
6.57853
4.44332
6.57853
4.44332
6.57853
4.44332
6.57853
4.44332
6.57853
4.44332
6.57853
4.44332
6.57853
4.44332
4.44332
6.57853
4.44332
6.57853
4.44332
6.57853
4.44332
6.57853
4.44332
6.57853
4.44332
6.57853
4.44332
6.57853
4.44332
6.57853
4.44332
6.57853
4.44332
6.57853
4.44332
6.57853
6.57853
4.44332
6.57853
4.44332
4.44332
6.57853
4.44332
6.57853
4.44332
6.57853
4.44332
6.57853
4.44332
4.44332
6.57853
4.44332
6.57853
4.44332
6.57853
4.44332
4.44332
6.57853
4.44332
6.57853
4.44332
6.57853
4.44332
6.57853
4.44332
6.57853
4.44332
6.57853
4.44332
6.57853
4.44332
6.57853
4.44332
6.57853
4.44332
6.57853
4.44332
6.57853
4.44332
6.57853
4.44332
4.44332
6.57853
4.44332
6.57853
4.44332
6.57853
4.44332
6.57853
4.44332
6.57853
4.44332
6.57853
4.44332
6.57853
4.44332
6.57853
4.44332
6.57853
4.44332
6.57853
4.44332
6.57853
4.44332
6.57853
4.44332
6.57853
4.44332
6.57853
4.44332
6.57853
4.44332
6.57853
4.44332
6.57853
6.57853
4.44332
6.57853
6.57853
4.44332
6.57853
4.44332
6.57853
4.44332
6.57853
4.44332
6.57853
4.44332
6.57853
4.44332
6.57853
4.44332
6.57853
4.44332
6.57853
4.44332
6.57853
4.44332
6.57853
4.44332
6.57853
4.44332
6.57853
4.44332
6.57853
4.44332
6.57853
4.44332
6.57853
4.44332
6.57853
4.44332
4.44332
6.57853
4.44332
6.57853
4.44332
6.57853
4.44332
6.57853
4.44332
6.57853
4.44332
4.44332
6.57853
4.44332
4.44332
6.57853
4.44332
6.57853
4.44332
6.57853
4.44332
6.57853
4.44332
6.57853
4.44332
6.57853
4.44332
6.57853
4.44332
6.57853
4.44332
6.57853
4.44332
6.57853
4.44332
6.57853
4.44332
6.57853
4.44332
6.57853
4.44332
4.44332
6.57853
4.44332
6.57853
4.44332
6.57853
4.44332
6.57853
6.57853
6.57853
4.44332
6.57853
4.44332
6.57853
6.57853
4.44332
4.44332
6.57853
4.44332
6.57853
4.44332
4.44332
4.44332
6.57853
6.57853
4.44332
6.57853
4.44332
4.44332
4.44332
6.57853
4.44332
6.57853
4.44332
4.44332
6.57853
6.57853
4.44332
6.57853
6.57853
4.44332
6.57853
4.44332
6.57853
4.44332
6.57853
4.44332
4.44332
6.57853
6.57853
4.44332
4.44332
6.57853
4.44332
6.57853
4.44332
6.57853
4.44332
6.57853
4.44332
6.57853
4.44332
6.57853
4.44332
6.57853
4.44332
6.57853
4.44332
6.57853
4.44332
6.57853
4.44332
6.57853
4.44332
6.57853
4.44332
6.57853
4.44332
6.57853
4.44332
6.57853
4.44332
6.57853
4.44332
4.44332
6.57853
6.57853
4.44332
6.57853
4.44332
6.57853
4.44332
6.57853
4.44332
6.57853
4.44332
6.57853
4.44332
6.57853
4.44332
6.57853
6.57853
6.57853
4.44332
4.44332
4.44332
6.57853
4.44332
6.57853
4.44332
6.57853
4.44332
6.57853
4.44332
4.44332
6.57853
4.44332
6.57853
6.57853
6.57853
4.44332
6.57853
4.44332
6.57853
4.44332
6.57853
4.44332
6.57853
4.44332
6.57853
4.44332
6.57853
4.44332
6.57853
4.44332
4.44332
4.44332
4.44332
6.57853
4.44332
6.57853
4.44332
4.44332
4.44332
6.57853
4.44332
6.57853
6.57853
4.44332
6.57853
4.44332
6.57853
4.44332
6.57853
4.44332
6.57853
4.44332
6.57853
4.44332
6.57853
4.44332
6.57853
4.44332
6.57853
4.44332
6.57853
4.44332
4.44332
6.57853
6.57853
6.57853
4.44332
6.57853
4.44332
4.44332
6.57853
4.44332
4.44332
6.57853
6.57853
4.44332
6.57853
4.44332
6.57853
4.44332
6.57853
4.44332
6.57853
4.44332
6.57853
4.44332
6.57853
4.44332
6.57853
4.44332
6.57853
4.44332
6.57853
4.44332
6.57853
4.44332
6.57853
4.44332
6.57853
4.44332
6.57853
4.44332
4.44332
6.57853
4.44332
4.44332
6.57853
6.57853
4.44332
6.57853
4.44332
6.57853
4.44332
6.57853
4.44332
6.57853
4.44332
6.57853
4.44332
6.57853
4.44332
6.57853
4.44332
6.57853
4.44332
6.57853
4.44332
6.57853
4.44332
4.44332
4.44332
4.44332
6.57853
4.44332
6.57853
4.44332
6.57853
6.57853
6.57853
4.44332
6.57853
6.57853
4.44332
6.57853
4.44332
6.57853
4.44332
6.57853
4.44332
6.57853
4.44332
6.57853
4.44332
6.57853
4.44332
6.57853
4.44332
6.57853
4.44332
6.57853
4.44332
6.57853
4.44332
4.44332
4.44332
6.57853
6.57853
4.44332
6.57853
4.44332
4.44332
6.57853
6.57853
4.44332
6.57853
6.57853
4.44332
6.57853
4.44332
6.57853
4.44332
6.57853
4.44332
6.57853
4.44332
6.57853
4.44332
6.57853
4.44332
6.57853
4.44332
6.57853
4.44332
6.57853
6.57853
4.44332
6.57853
6.57853
4.44332
6.57853
6.57853
4.44332
6.57853
4.44332
4.44332
4.44332
6.57853
4.44332
6.57853
6.57853
4.44332
6.57853
4.44332
6.57853
4.44332
6.57853
4.44332
4.44332
6.57853
4.44332
6.57853
4.44332
6.57853
4.44332
6.57853
4.44332
6.57853
4.44332
6.57853
4.44332
4.44332
4.44332
4.44332
6.57853
4.44332
6.57853
6.57853
4.44332
4.44332
6.57853
4.44332
4.44332
6.57853
4.44332
6.57853
4.44332
6.57853
4.44332
6.57853
4.44332
6.57853
4.44332
6.57853
4.44332
6.57853
4.44332
6.57853
4.44332
6.57853
4.44332
6.57853
6.57853
4.44332
6.57853
4.44332
6.57853
4.44332
4.44332
6.57853
6.57853
6.57853
4.44332
4.44332
6.57853
4.44332
4.44332
6.57853
4.44332
4.44332
6.57853
4.44332
6.57853
6.57853
4.44332
6.57853
4.44332
6.57853
4.44332
6.57853
4.44332
6.57853
4.44332
6.57853
6.57853
6.57853
4.44332
6.57853
4.44332
6.57853
4.44332
6.57853
4.44332
4.44332
6.57853
4.44332
6.57853
4.44332
6.57853
4.44332
6.57853
4.44332
4.44332
6.57853
4.44332
4.44332
4.44332
6.57853
4.44332
6.57853
4.44332
6.57853
4.44332
6.57853
4.44332
6.57853
4.44332
4.44332
6.57853
4.44332
6.57853
4.44332
6.57853
4.44332
6.57853
4.44332
6.57853
4.44332
6.57853
4.44332
6.57853
4.44332
6.57853
4.44332
6.57853
4.44332
6.57853
6.57853
6.57853
4.44332
6.57853
4.44332
6.57853
6.57853
4.44332
6.57853
6.57853
6.57853
4.44332
6.57853
4.44332
6.57853
6.57853
4.44332
4.44332
6.57853
4.44332
6.57853
6.57853
4.44332
6.57853
4.44332
6.57853
4.44332
6.57853
4.44332
6.57853
4.44332
6.57853
6.57853
4.44332
4.44332
6.57853
4.44332
4.44332
6.57853
4.44332
6.57853
4.44332
6.57853
4.44332
6.57853
4.44332
6.57853
6.57853
4.44332
6.57853
4.44332
4.44332
6.57853
4.44332
6.57853
4.44332
4.44332
4.44332
6.57853
6.57853
4.44332
6.57853
4.44332
4.44332
6.57853
4.44332
6.57853
4.44332
6.57853
4.44332
6.57853
4.44332
6.57853
6.57853
4.44332
6.57853
6.57853
4.44332
6.57853
6.57853
4.44332
6.57853
4.44332
6.57853
6.57853
4.44332
6.57853
4.44332
4.44332
6.57853
4.44332
6.57853
6.57853
6.57853
4.44332
6.57853
4.44332
6.57853
4.44332
4.44332
6.57853
6.57853
4.44332
4.44332
4.44332
6.57853
4.44332
6.57853
4.44332
6.57853
4.44332
6.57853
4.44332
6.57853
4.44332
4.44332
4.44332
6.57853
4.44332
6.57853
4.44332
4.44332
6.57853
4.44332
6.57853
4.44332
6.57853
4.44332
6.57853
4.44332
6.57853
6.57853
4.44332
6.57853
6.57853
4.44332
6.57853
4.44332
4.44332
6.57853
4.44332
6.57853
4.44332
6.57853
4.44332
6.57853
4.44332
6.57853
4.44332
4.44332
4.44332
4.44332
6.57853
4.44332
6.57853
6.57853
4.44332
6.57853
4.44332
4.44332
4.44332
6.57853
4.44332
6.57853
4.44332
4.44332
6.57853
6.57853
4.44332
4.44332
6.57853
4.44332
6.57853
4.44332
6.57853
4.44332
6.57853
4.44332
6.57853
4.44332
4.44332
4.44332
4.44332
4.44332
4.44332
6.57853
4.44332
6.57853
4.44332
6.57853
6.57853
4.44332
4.44332
6.57853
6.57853
4.44332
6.57853
4.44332
6.57853
6.57853
4.44332
4.44332
4.44332
6.57853
6.57853
4.44332
6.57853
4.44332
6.57853
4.44332
6.57853
4.44332
6.57853
4.44332
4.44332
4.44332
6.57853
6.57853
4.44332
6.57853
6.57853
4.44332
6.57853
4.44332
6.57853
4.44332
6.57853
4.44332
6.57853
4.44332
4.44332
6.57853
4.44332
6.57853
6.57853
4.44332
4.44332
6.57853
4.44332
6.57853
4.44332
4.44332
6.57853
4.44332
6.57853
6.57853
4.44332
6.57853
4.44332
6.57853
4.44332
6.57853
4.44332
6.57853
4.44332
6.57853
6.57853
4.44332
6.57853
6.57853
4.44332
6.57853
6.57853
4.44332
6.57853
4.44332
6.57853
4.44332
6.57853
4.44332
6.57853
4.44332
6.57853
4.44332
4.44332
4.44332
4.44332
6.57853
4.44332
4.44332
6.57853
4.44332
6.57853
4.44332
6.57853
4.44332
6.57853
4.44332
6.57853
4.44332
4.44332
6.57853
6.57853
4.44332
6.57853
4.44332
6.57853
4.44332
6.57853
4.44332
6.57853
4.44332
6.57853
4.44332
6.57853
4.44332
4.44332
6.57853
4.44332
4.44332
6.57853
6.57853
4.44332
6.57853
4.44332
6.57853
4.44332
4.44332
4.44332
6.57853
4.44332
6.57853
4.44332
6.57853
4.44332
4.44332
6.57853
4.44332
6.57853
6.57853
4.44332
6.57853
4.44332
6.57853
4.44332
6.57853
4.44332
6.57853
4.44332
6.57853
6.57853
4.44332
4.44332
6.57853
4.44332
6.57853
4.44332
6.57853
4.44332
4.44332
6.57853
4.44332
4.44332
6.57853
4.44332
6.57853
4.44332
6.57853
4.44332
4.44332
4.44332
4.44332
6.57853
4.44332
6.57853
4.44332
6.57853
4.44332
4.44332
6.57853
4.44332
6.57853
4.44332
6.57853
4.44332
4.44332
4.44332
6.57853
6.57853
4.44332
6.57853
4.44332
6.57853
4.44332
6.57853
4.44332
6.57853
4.44332
6.57853
4.44332
4.44332
6.57853
4.44332
6.57853
4.44332
4.44332
6.57853
4.44332
4.44332
6.57853
4.44332
6.57853
4.44332
6.57853
4.44332
6.57853
4.44332
6.57853
4.44332
4.44332
6.57853
4.44332
6.57853
6.57853
4.44332
6.57853
4.44332
6.57853
4.44332
6.57853
4.44332
6.57853
6.57853
4.44332
6.57853
4.44332
4.44332
6.57853
4.44332
6.57853
4.44332
6.57853
4.44332
4.44332
6.57853
4.44332
4.44332
6.57853
6.57853
4.44332
6.57853
4.44332
4.44332
6.57853
4.44332
6.57853
4.44332
6.57853
6.57853
6.57853
4.44332
6.57853
4.44332
6.57853
4.44332
4.44332
6.57853
4.44332
6.57853
4.44332
6.57853
4.44332
6.57853
4.44332
6.57853
4.44332
6.57853
6.57853
4.44332
6.57853
4.44332
6.57853
4.44332
4.44332
6.57853
4.44332
4.44332
6.57853
4.44332
6.57853
6.57853
4.44332
6.57853
4.44332
4.44332
6.57853
4.44332
6.57853
4.44332
6.57853
4.44332
6.57853
6.57853
4.44332
4.44332
6.57853
4.44332
6.57853
4.44332
6.57853
4.44332
6.57853
4.44332
4.44332
6.57853
4.44332
6.57853
6.57853
4.44332
6.57853
4.44332
6.57853
6.57853
4.44332
6.57853
4.44332
6.57853
4.44332
6.57853
4.44332
6.57853
6.57853
4.44332
6.57853
6.57853
4.44332
4.44332
6.57853
4.44332
6.57853
4.44332
6.57853
4.44332
6.57853
4.44332
6.57853
4.44332
6.57853
4.44332
4.44332
4.44332
6.57853
4.44332
6.57853
4.44332
6.57853
4.44332
6.57853
4.44332
6.57853
4.44332
6.57853
4.44332
6.57853
4.44332
6.57853
6.57853
4.44332
6.57853
4.44332
6.57853
4.44332
6.57853
4.44332
6.57853
4.44332
6.57853
4.44332
6.57853
4.44332
6.57853
4.44332
4.44332
6.57853
6.57853
4.44332
6.57853
4.44332
6.57853
4.44332
6.57853
4.44332
6.57853
4.44332
6.57853
4.44332
4.44332
6.57853
4.44332
6.57853
6.57853
4.44332
4.44332
6.57853
4.44332
6.57853
4.44332
6.57853
4.44332
6.57853
4.44332
6.57853
4.44332
6.57853
4.44332
6.57853
6.57853
4.44332
6.57853
6.57853
4.44332
6.57853
4.44332
6.57853
4.44332
6.57853
4.44332
6.57853
4.44332
6.57853
4.44332
6.57853
6.57853
4.44332
6.57853
4.44332
6.57853
6.57853
4.44332
6.57853
4.44332
6.57853
4.44332
6.57853
4.44332
6.57853
4.44332
6.57853
4.44332
6.57853
4.44332
6.57853
6.57853
4.44332
6.57853
6.57853
4.44332
6.57853
4.44332
6.57853
4.44332
6.57853
4.44332
6.57853
4.44332
6.57853
4.44332
6.57853
4.44332
6.57853
4.44332
6.57853
4.44332
6.57853
4.44332
6.57853
4.44332
6.57853
4.44332
4.44332
4.44332
6.57853
4.44332
6.57853
6.57853
4.44332
6.57853
4.44332
6.57853
4.44332
4.44332
6.57853
4.44332
4.44332
6.57853
4.44332
4.44332
6.57853
6.57853
4.44332
6.57853
4.44332
6.57853
4.44332
6.57853
4.44332
6.57853
4.44332
6.57853
4.44332
6.57853
4.44332
6.57853
4.44332
6.57853
4.44332
6.57853
4.44332
6.57853
4.44332
6.57853
4.44332
6.57853
4.44332
6.57853
4.44332
6.57853
4.44332
6.57853
4.44332
6.57853
4.44332
6.57853
4.44332
4.44332
6.57853
4.44332
4.44332
4.44332
4.44332
6.57853
4.44332
6.57853
6.57853
4.44332
6.57853
4.44332
6.57853
4.44332
6.57853
4.44332
6.57853
4.44332
6.57853
4.44332
6.57853
4.44332
6.57853
4.44332
4.44332
6.57853
6.57853
6.57853
4.44332
6.57853
6.57853
4.44332
6.57853
4.44332
6.57853
6.57853
4.44332
6.57853
4.44332
6.57853
4.44332
6.57853
4.44332
6.57853
4.44332
6.57853
4.44332
6.57853
4.44332
6.57853
4.44332
6.57853
4.44332
4.44332
6.57853
4.44332
6.57853
4.44332
6.57853
4.44332
6.57853
4.44332
6.57853
4.44332
6.57853
4.44332
4.44332
6.57853
4.44332
4.44332
6.57853
6.57853
4.44332
6.57853
4.44332
6.57853
6.57853
4.44332
6.57853
4.44332
6.57853
4.44332
6.57853
4.44332
6.57853
4.44332
4.44332
6.57853
4.44332
6.57853
4.44332
6.57853
4.44332
4.44332
6.57853
4.44332
4.44332
6.57853
6.57853
4.44332
6.57853
4.44332
4.44332
6.57853
4.44332
6.57853
4.44332
6.57853
4.44332
6.57853
4.44332
6.57853
4.44332
6.57853
4.44332
6.57853
4.44332
6.57853
4.44332
6.57853
4.44332
6.57853
4.44332
6.57853
4.44332
4.44332
6.57853
4.44332
6.57853
4.44332
6.57853
4.44332
6.57853
4.44332
6.57853
6.57853
4.44332
6.57853
6.57853
4.44332
4.44332
6.57853
4.44332
4.44332
6.57853
4.44332
6.57853
4.44332
6.57853
4.44332
6.57853
4.44332
6.57853
4.44332
6.57853
4.44332
6.57853
4.44332
6.57853
4.44332
6.57853
4.44332
6.57853
4.44332
6.57853
4.44332
6.57853
4.44332
6.57853
6.57853
4.44332
4.44332
6.57853
4.44332
4.44332
6.57853
4.44332
6.57853
4.44332
6.57853
4.44332
6.57853
4.44332
6.57853
4.44332
4.44332
6.57853
6.57853
4.44332
4.44332
4.44332
6.57853
4.44332
6.57853
4.44332
6.57853
4.44332
6.57853
4.44332
6.57853
4.44332
6.57853
4.44332
6.57853
4.44332
6.57853
4.44332
6.57853
4.44332
6.57853
4.44332
6.57853
4.44332
6.57853
4.44332
6.57853
4.44332
6.57853
4.44332
6.57853
4.44332
6.57853
4.44332
6.57853
4.44332
4.44332
6.57853
4.44332
4.44332
6.57853
4.44332
6.57853
4.44332
6.57853
6.57853
4.44332
6.57853
6.57853
6.57853
4.44332
6.57853
4.44332
6.57853
4.44332
6.57853
4.44332
6.57853
4.44332
6.57853
4.44332
6.57853
4.44332
6.57853
6.57853
4.44332
6.57853
4.44332
6.57853
4.44332
6.57853
6.57853
4.44332
4.44332
6.57853
4.44332
4.44332
6.57853
4.44332
6.57853
4.44332
6.57853
4.44332
4.44332
6.57853
4.44332
6.57853
4.44332
6.57853
4.44332
6.57853
4.44332
6.57853
4.44332
6.57853
4.44332
6.57853
4.44332
6.57853
4.44332
6.57853
4.44332
6.57853
6.57853
4.44332
4.44332
6.57853
6.57853
4.44332
4.44332
6.57853
4.44332
6.57853
4.44332
6.57853
4.44332
6.57853
4.44332
6.57853
4.44332
6.57853
4.44332
6.57853
4.44332
6.57853
4.44332
6.57853
4.44332
6.57853
4.44332
6.57853
6.57853
6.57853
4.44332
6.57853
6.57853
4.44332
6.57853
6.57853
4.44332
4.44332
6.57853
4.44332
6.57853
4.44332
4.44332
6.57853
4.44332
4.44332
6.57853
4.44332
4.44332
6.57853
4.44332
6.57853
4.44332
6.57853
4.44332
6.57853
4.44332
6.57853
4.44332
6.57853
4.44332
6.57853
4.44332
6.57853
4.44332
6.57853
4.44332
6.57853
4.44332
4.44332
6.57853
4.44332
6.57853
4.44332
6.57853
4.44332
4.44332
6.57853
4.44332
4.44332
4.44332
4.44332
6.57853
4.44332
6.57853
4.44332
6.57853
4.44332
6.57853
4.44332
6.57853
4.44332
6.57853
4.44332
6.57853
4.44332
6.57853
4.44332
6.57853
4.44332
6.57853
4.44332
6.57853
4.44332
6.57853
4.44332
6.57853
4.44332
6.57853
6.57853
4.44332
4.44332
4.44332
6.57853
4.44332
4.44332
6.57853
6.57853
4.44332
6.57853
6.57853
4.44332
6.57853
6.57853
4.44332
6.57853
4.44332
6.57853
4.44332
6.57853
4.44332
6.57853
4.44332
6.57853
4.44332
6.57853
4.44332
6.57853
4.44332
6.57853
4.44332
6.57853
4.44332
6.57853
6.57853
4.44332
6.57853
4.44332
6.57853
4.44332
6.57853
6.57853
4.44332
6.57853
6.57853
6.57853
4.44332
6.57853
4.44332
6.57853
4.44332
6.57853
4.44332
6.57853
4.44332
6.57853
4.44332
6.57853
4.44332
6.57853
6.57853
4.44332
6.57853
4.44332
6.57853
4.44332
6.57853
6.57853
4.44332
4.44332
6.57853
4.44332
4.44332
6.57853
4.44332
6.57853
4.44332
4.44332
4.44332
6.57853
4.44332
6.57853
4.44332
6.57853
4.44332
6.57853
4.44332
6.57853
4.44332
6.57853
4.44332
6.57853
4.44332
6.57853
4.44332
6.57853
4.44332
6.57853
4.44332
6.57853
6.57853
6.57853
6.57853
4.44332
6.57853
4.44332
6.57853
6.57853
4.44332
6.57853
6.57853
6.57853
4.44332
6.57853
4.44332
6.57853
4.44332
6.57853
4.44332
6.57853
4.44332
6.57853
4.44332
6.57853
4.44332
6.57853
4.44332
4.44332
4.44332
6.57853
4.44332
6.57853
4.44332
6.57853
4.44332
6.57853
4.44332
6.57853
4.44332
6.57853
4.44332
6.57853
4.44332
4.44332
6.57853
4.44332
6.57853
4.44332
4.44332
6.57853
4.44332
6.57853
6.57853
6.57853
4.44332
6.57853
4.44332
6.57853
4.44332
6.57853
4.44332
6.57853
4.44332
6.57853
4.44332
6.57853
4.44332
6.57853
4.44332
6.57853
4.44332
6.57853
4.44332
6.57853
4.44332
6.57853
4.44332
4.44332
4.44332
6.57853
4.44332
6.57853
6.57853
4.44332
6.57853
6.57853
4.44332
6.57853
6.57853
4.44332
6.57853
4.44332
6.57853
4.44332
6.57853
4.44332
6.57853
4.44332
6.57853
4.44332
6.57853
4.44332
6.57853
4.44332
6.57853
4.44332
6.57853
4.44332
4.44332
6.57853
4.44332
6.57853
4.44332
6.57853
4.44332
4.44332
6.57853
4.44332
6.57853
6.57853
4.44332
4.44332
4.44332
6.57853
4.44332
6.57853
4.44332
6.57853
4.44332
6.57853
4.44332
6.57853
4.44332
6.57853
4.44332
6.57853
4.44332
6.57853
4.44332
6.57853
4.44332
4.44332
6.57853
6.57853
6.57853
4.44332
6.57853
4.44332
4.44332
6.57853
4.44332
6.57853
6.57853
4.44332
4.44332
6.57853
4.44332
6.57853
4.44332
6.57853
4.44332
6.57853
4.44332
6.57853
4.44332
6.57853
4.44332
6.57853
4.44332
6.57853
4.44332
6.57853
4.44332
6.57853
4.44332
6.57853
4.44332
4.44332
6.57853
4.44332
6.57853
4.44332
6.57853
6.57853
4.44332
4.44332
6.57853
4.44332
6.57853
4.44332
4.44332
6.57853
4.44332
6.57853
4.44332
6.57853
4.44332
4.44332
6.57853
4.44332
6.57853
4.44332
6.57853
4.44332
6.57853
4.44332
6.57853
4.44332
6.57853
4.44332
6.57853
4.44332
6.57853
4.44332
6.57853
4.44332
6.57853
4.44332
6.57853
4.44332
6.57853
4.44332
6.57853
4.44332
6.57853
4.44332
6.57853
6.57853
4.44332
6.57853
4.44332
6.57853
4.44332
6.57853
4.44332
6.57853
4.44332
6.57853
4.44332
6.57853
4.44332
6.57853
4.44332
6.57853
6.57853
4.44332
6.57853
4.44332
6.57853
4.44332
6.57853
4.44332
4.44332
6.57853
4.44332
4.44332
6.57853
4.44332
6.57853
4.44332
6.57853
4.44332
6.57853
4.44332
6.57853
4.44332
6.57853
4.44332
6.57853
4.44332
6.57853
4.44332
6.57853
4.44332
6.57853
4.44332
6.57853
4.44332
6.57853
4.44332
6.57853
4.44332
6.57853
4.44332
4.44332
6.57853
4.44332
6.57853
4.44332
6.57853
4.44332
6.57853
4.44332
6.57853
4.44332
4.44332
6.57853
4.44332
6.57853
4.44332
6.57853
6.57853
4.44332
4.44332
4.44332
6.57853
4.44332
6.57853
6.57853
6.57853
4.44332
6.57853
4.44332
6.57853
4.44332
6.57853
4.44332
6.57853
4.44332
6.57853
4.44332
6.57853
4.44332
6.57853
4.44332
6.57853
4.44332
6.57853
4.44332
6.57853
4.44332
6.57853
4.44332
6.57853
4.44332
6.57853
4.44332
6.57853
4.44332
6.57853
4.44332
6.57853
4.44332
6.57853
4.44332
6.57853
6.57853
4.44332
4.44332
6.57853
4.44332
6.57853
4.44332
6.57853
6.57853
4.44332
6.57853
6.57853
4.44332
6.57853
4.44332
6.57853
6.57853
4.44332
6.57853
4.44332
6.57853
4.44332
6.57853
4.44332
6.57853
4.44332
6.57853
4.44332
6.57853
4.44332
6.57853
4.44332
6.57853
4.44332
6.57853
4.44332
6.57853
4.44332
6.57853
4.44332
6.57853
4.44332
6.57853
4.44332
6.57853
4.44332
6.57853
4.44332
6.57853
4.44332
6.57853
4.44332
6.57853
4.44332
6.57853
4.44332
6.57853
4.44332
6.57853
4.44332
6.57853
4.44332
6.57853
4.44332
6.57853
4.44332
6.57853
4.44332
6.57853
4.44332
6.57853
4.44332
6.57853
4.44332
4.44332
4.44332
6.57853
4.44332
4.44332
6.57853
4.44332
6.57853
4.44332
6.57853
4.44332
6.57853
4.44332
4.44332
6.57853
4.44332
6.57853
4.44332
6.57853
4.44332
6.57853
4.44332
6.57853
4.44332
6.57853
4.44332
6.57853
4.44332
6.57853
4.44332
6.57853
4.44332
6.57853
4.44332
6.57853
4.44332
6.57853
4.44332
6.57853
4.44332
6.57853
4.44332
6.57853
4.44332
6.57853
4.44332
4.44332
6.57853
4.44332
4.44332
4.44332
6.57853
4.44332
4.44332
6.57853
4.44332
6.57853
4.44332
4.44332
6.57853
4.44332
6.57853
4.44332
6.57853
4.44332
6.57853
4.44332
6.57853
4.44332
6.57853
4.44332
6.57853
4.44332
6.57853
4.44332
6.57853
4.44332
6.57853
4.44332
6.57853
4.44332
6.57853
4.44332
6.57853
4.44332
6.57853
4.44332
6.57853
4.44332
6.57853
4.44332
6.57853
4.44332
6.57853
4.44332
6.57853
4.44332
6.57853
4.44332
6.57853
6.57853
4.44332
4.44332
6.57853
4.44332
6.57853
6.57853
4.44332
6.57853
4.44332
6.57853
4.44332
6.57853
4.44332
6.57853
4.44332
6.57853
4.44332
6.57853
4.44332
6.57853
4.44332
6.57853
4.44332
6.57853
4.44332
6.57853
4.44332
6.57853
4.44332
6.57853
4.44332
4.44332
4.44332
6.57853
4.44332
6.57853
4.44332
6.57853
6.57853
4.44332
4.44332
4.44332
6.57853
4.44332
4.44332
6.57853
6.57853
6.57853
4.44332
4.44332
6.57853
4.44332
6.57853
4.44332
6.57853
4.44332
6.57853
4.44332
6.57853
4.44332
6.57853
4.44332
6.57853
4.44332
6.57853
4.44332
6.57853
6.57853
4.44332
6.57853
4.44332
4.44332
6.57853
4.44332
6.57853
6.57853
4.44332
6.57853
4.44332
6.57853
4.44332
6.57853
4.44332
6.57853
4.44332
6.57853
4.44332
6.57853
4.44332
6.57853
4.44332
4.44332
6.57853
4.44332
6.57853
4.44332
4.44332
6.57853
4.44332
6.57853
6.57853
4.44332
6.57853
4.44332
6.57853
4.44332
6.57853
4.44332
6.57853
4.44332
6.57853
4.44332
6.57853
4.44332
6.57853
4.44332
6.57853
4.44332
6.57853
4.44332
6.57853
4.44332
6.57853
4.44332
6.57853
4.44332
6.57853
4.44332
6.57853
4.44332
6.57853
4.44332
6.57853
4.44332
6.57853
4.44332
6.57853
4.44332
6.57853
4.44332
6.57853
4.44332
4.44332
6.57853
4.44332
4.44332
4.44332
4.44332
6.57853
4.44332
6.57853
6.57853
4.44332
6.57853
4.44332
6.57853
4.44332
6.57853
4.44332
6.57853
4.44332
6.57853
4.44332
6.57853
4.44332
6.57853
4.44332
6.57853
4.44332
6.57853
4.44332
6.57853
4.44332
6.57853
4.44332
4.44332
6.57853
4.44332
6.57853
4.44332
6.57853
4.44332
6.57853
4.44332
6.57853
6.57853
4.44332
6.57853
4.44332
6.57853
4.44332
6.57853
4.44332
4.44332
6.57853
6.57853
4.44332
6.57853
4.44332
6.57853
4.44332
6.57853
6.57853
4.44332
6.57853
4.44332
6.57853
4.44332
4.44332
4.44332
6.57853
6.57853
6.57853
6.57853
4.44332
6.57853
4.44332
6.57853
4.44332
6.57853
4.44332
6.57853
4.44332
6.57853
4.44332
6.57853
4.44332
6.57853
4.44332
6.57853
4.44332
4.44332
6.57853
4.44332
6.57853
4.44332
6.57853
6.57853
4.44332
4.44332
6.57853
6.57853
4.44332
6.57853
4.44332
6.57853
4.44332
4.44332
6.57853
4.44332
4.44332
6.57853
4.44332
6.57853
4.44332
4.44332
6.57853
4.44332
6.57853
4.44332
6.57853
4.44332
6.57853
4.44332
6.57853
4.44332
6.57853
4.44332
6.57853
4.44332
6.57853
4.44332
6.57853
4.44332
6.57853
4.44332
6.57853
4.44332
6.57853
6.57853
6.57853
4.44332
6.57853
4.44332
6.57853
6.57853
6.57853
6.57853
6.57853
6.57853
6.57853
6.57853
4.44332
6.57853
6.57853
4.44332
6.57853
4.44332
4.44332
6.57853
4.44332
6.57853
4.44332
6.57853
4.44332
6.57853
4.44332
6.57853
4.44332
6.57853
4.44332
6.57853
4.44332
6.57853
4.44332
6.57853
4.44332
6.57853
4.44332
6.57853
4.44332
6.57853
4.44332
6.57853
4.44332
4.44332
4.44332
6.57853
4.44332
4.44332
6.57853
4.44332
6.57853
4.44332
6.57853
4.44332
6.57853
4.44332
6.57853
4.44332
4.44332
6.57853
4.44332
4.44332
6.57853
4.44332
4.44332
6.57853
4.44332
6.57853
4.44332
6.57853
4.44332
6.57853
4.44332
4.44332
6.57853
4.44332
6.57853
4.44332
6.57853
4.44332
6.57853
4.44332
6.57853
4.44332
6.57853
4.44332
6.57853
4.44332
6.57853
4.44332
6.57853
4.44332
6.57853
4.44332
6.57853
4.44332
6.57853
4.44332
6.57853
4.44332
6.57853
4.44332
6.57853
4.44332
6.57853
4.44332
6.57853
4.44332
6.57853
4.44332
6.57853
4.44332
6.57853
4.44332
4.44332
6.57853
4.44332
6.57853
6.57853
6.57853
6.57853
6.57853
6.57853
4.44332
6.57853
4.44332
6.57853
4.44332
6.57853
4.44332
6.57853
4.44332
6.57853
4.44332
6.57853
4.44332
6.57853
4.44332
6.57853
4.44332
6.57853
4.44332
6.57853
4.44332
6.57853
4.44332
4.44332
6.57853
4.44332
6.57853
4.44332
6.57853
4.44332
6.57853
4.44332
6.57853
4.44332
6.57853
4.44332
6.57853
4.44332
6.57853
4.44332
4.44332
6.57853
4.44332
6.57853
4.44332
6.57853
4.44332
6.57853
4.44332
6.57853
4.44332
6.57853
4.44332
6.57853
4.44332
6.57853
4.44332
6.57853
4.44332
6.57853
4.44332
6.57853
4.44332
6.57853
4.44332
6.57853
4.44332
6.57853
4.44332
6.57853
4.44332
6.57853
4.44332
6.57853
6.57853
4.44332
6.57853
4.44332
6.57853
4.44332
6.57853
4.44332
6.57853
6.57853
4.44332
6.57853
4.44332
6.57853
4.44332
6.57853
4.44332
6.57853
4.44332
6.57853
4.44332
6.57853
4.44332
6.57853
4.44332
6.57853
4.44332
6.57853
4.44332
6.57853
4.44332
6.57853
4.44332
6.57853
4.44332
6.57853
4.44332
6.57853
4.44332
6.57853
4.44332
6.57853
4.44332
6.57853
6.57853
6.57853
4.44332
6.57853
4.44332
6.57853
4.44332
4.44332
6.57853
6.57853
6.57853
6.57853
4.44332
6.57853
4.44332
6.57853
4.44332
6.57853
4.44332
6.57853
4.44332
6.57853
4.44332
6.57853
4.44332
4.44332
6.57853
4.44332
6.57853
4.44332
4.44332
6.57853
4.44332
6.57853
4.44332
6.57853
4.44332
6.57853
4.44332
6.57853
4.44332
6.57853
4.44332
4.44332
6.57853
4.44332
6.57853
4.44332
6.57853
4.44332
6.57853
4.44332
6.57853
4.44332
6.57853
4.44332
6.57853
4.44332
6.57853
4.44332
6.57853
4.44332
6.57853
4.44332
6.57853
4.44332
6.57853
4.44332
6.57853
4.44332
6.57853
4.44332
6.57853
4.44332
6.57853
4.44332
6.57853
4.44332
6.57853
4.44332
6.57853
4.44332
6.57853
4.44332
6.57853
4.44332
6.57853
4.44332
6.57853
4.44332
6.57853
4.44332
4.44332
4.44332
6.57853
4.44332
4.44332
6.57853
4.44332
6.57853
4.44332
6.57853
4.44332
6.57853
4.44332
6.57853
4.44332
4.44332
6.57853
6.57853
4.44332
6.57853
6.57853
6.57853
4.44332
6.57853
4.44332
4.44332
4.44332
6.57853
4.44332
6.57853
4.44332
6.57853
6.57853
4.44332
4.44332
4.44332
6.57853
4.44332
4.44332
6.57853
4.44332
6.57853
4.44332
4.44332
4.44332
6.57853
4.44332
6.57853
4.44332
4.44332
6.57853
4.44332
4.44332
4.44332
6.57853
4.44332
6.57853
4.44332
6.57853
4.44332
4.44332
6.57853
6.57853
6.57853
6.57853
4.44332
6.57853
4.44332
6.57853
4.44332
6.57853
4.44332
6.57853
4.44332
4.44332
6.57853
4.44332
6.57853
6.57853
4.44332
4.44332
6.57853
4.44332
6.57853
4.44332
6.57853
6.57853
6.57853
4.44332
6.57853
4.44332
6.57853
4.44332
4.44332
6.57853
6.57853
4.44332
4.44332
6.57853
4.44332
6.57853
4.44332
6.57853
4.44332
6.57853
4.44332
6.57853
4.44332
6.57853
4.44332
6.57853
4.44332
6.57853
4.44332
6.57853
4.44332
6.57853
4.44332
6.57853
4.44332
6.57853
4.44332
6.57853
4.44332
6.57853
4.44332
6.57853
4.44332
6.57853
4.44332
6.57853
4.44332
6.57853
4.44332
4.44332
6.57853
4.44332
6.57853
4.44332
6.57853
4.44332
4.44332
6.57853
6.57853
4.44332
4.44332
6.57853
4.44332
6.57853
4.44332
6.57853
4.44332
6.57853
4.44332
6.57853
4.44332
4.44332
6.57853
4.44332
6.57853
6.57853
4.44332
6.57853
4.44332
6.57853
4.44332
6.57853
4.44332
4.44332
6.57853
4.44332
4.44332
6.57853
4.44332
6.57853
4.44332
6.57853
4.44332
6.57853
4.44332
6.57853
4.44332
6.57853
4.44332
6.57853
4.44332
6.57853
4.44332
6.57853
4.44332
4.44332
6.57853
4.44332
6.57853
4.44332
6.57853
4.44332
6.57853
4.44332
6.57853
4.44332
6.57853
4.44332
4.44332
4.44332
6.57853
4.44332
6.57853
6.57853
4.44332
6.57853
6.57853
6.57853
4.44332
4.44332
4.44332
6.57853
4.44332
6.57853
6.57853
4.44332
6.57853
4.44332
6.57853
4.44332
6.57853
4.44332
6.57853
4.44332
6.57853
4.44332
6.57853
6.57853
4.44332
6.57853
4.44332
6.57853
6.57853
6.57853
4.44332
6.57853
4.44332
6.57853
4.44332
6.57853
4.44332
4.44332
6.57853
4.44332
6.57853
4.44332
6.57853
4.44332
6.57853
4.44332
6.57853
4.44332
6.57853
4.44332
6.57853
4.44332
6.57853
4.44332
6.57853
4.44332
6.57853
4.44332
6.57853
4.44332
6.57853
4.44332
6.57853
6.57853
4.44332
6.57853
4.44332
6.57853
4.44332
6.57853
4.44332
4.44332
4.44332
6.57853
4.44332
6.57853
4.44332
6.57853
4.44332
6.57853
4.44332
6.57853
4.44332
6.57853
4.44332
6.57853
4.44332
6.57853
4.44332
6.57853
4.44332
6.57853
4.44332
6.57853
4.44332
6.57853
4.44332
6.57853
4.44332
6.57853
4.44332
6.57853
4.44332
6.57853
4.44332
6.57853
6.57853
6.57853
6.57853
4.44332
6.57853
6.57853
4.44332
6.57853
6.57853
4.44332
6.57853
4.44332
6.57853
4.44332
6.57853
4.44332
6.57853
6.57853
4.44332
6.57853
4.44332
6.57853
4.44332
6.57853
4.44332
6.57853
4.44332
6.57853
4.44332
6.57853
4.44332
6.57853
4.44332
6.57853
4.44332
6.57853
4.44332
6.57853
4.44332
6.57853
4.44332
6.57853
4.44332
6.57853
4.44332
4.44332
6.57853
6.57853
4.44332
4.44332
4.44332
6.57853
4.44332
6.57853
6.57853
4.44332
6.57853
4.44332
4.44332
6.57853
6.57853
4.44332
6.57853
4.44332
6.57853
4.44332
6.57853
6.57853
4.44332
4.44332
6.57853
4.44332
6.57853
4.44332
6.57853
4.44332
6.57853
4.44332
6.57853
4.44332
6.57853
4.44332
6.57853
4.44332
6.57853
4.44332
6.57853
4.44332
6.57853
4.44332
6.57853
6.57853
4.44332
4.44332
4.44332
6.57853
6.57853
6.57853
6.57853
6.57853
6.57853
6.57853
6.57853
6.57853
6.57853
6.57853
6.57853
4.44332
6.57853
4.44332
6.57853
4.44332
6.57853
4.44332
6.57853
4.44332
6.57853
4.44332
6.57853
4.44332
6.57853
4.44332
6.57853
4.44332
6.57853
4.44332
6.57853
4.44332
6.57853
4.44332
6.57853
4.44332
6.57853
4.44332
6.57853
4.44332
6.57853
4.44332
6.57853
4.44332
6.57853
4.44332
6.57853
4.44332
6.57853
4.44332
6.57853
4.44332
6.57853
4.44332
4.44332
6.57853
6.57853
4.44332
6.57853
6.57853
4.44332
6.57853
6.57853
4.44332
4.44332
6.57853
4.44332
6.57853
6.57853
4.44332
6.57853
4.44332
4.44332
4.44332
6.57853
4.44332
6.57853
4.44332
6.57853
4.44332
6.57853
4.44332
6.57853
4.44332
6.57853
4.44332
6.57853
4.44332
6.57853
4.44332
6.57853
4.44332
6.57853
4.44332
6.57853
4.44332
6.57853
4.44332
6.57853
4.44332
6.57853
6.57853
6.57853
6.57853
4.44332
6.57853
6.57853
6.57853
4.44332
4.44332
6.57853
6.57853
6.57853
4.44332
4.44332
4.44332
4.44332
6.57853
4.44332
6.57853
4.44332
6.57853
6.57853
4.44332
6.57853
4.44332
6.57853
4.44332
4.44332
6.57853
4.44332
6.57853
4.44332
6.57853
4.44332
6.57853
4.44332
6.57853
4.44332
6.57853
4.44332
6.57853
4.44332
6.57853
4.44332
6.57853
4.44332
6.57853
4.44332
6.57853
4.44332
6.57853
4.44332
6.57853
4.44332
6.57853
4.44332
6.57853
4.44332
6.57853
4.44332
4.44332
6.57853
4.44332
4.44332
6.57853
4.44332
6.57853
4.44332
4.44332
6.57853
4.44332
6.57853
4.44332
6.57853
4.44332
4.44332
6.57853
4.44332
6.57853
4.44332
6.57853
4.44332
6.57853
4.44332
6.57853
4.44332
6.57853
4.44332
6.57853
4.44332
6.57853
4.44332
6.57853
4.44332
6.57853
4.44332
6.57853
4.44332
6.57853
4.44332
6.57853
4.44332
6.57853
4.44332
6.57853
6.57853
4.44332
6.57853
4.44332
4.44332
6.57853
4.44332
6.57853
4.44332
6.57853
4.44332
6.57853
4.44332
6.57853
4.44332
6.57853
4.44332
6.57853
4.44332
6.57853
4.44332
6.57853
4.44332
6.57853
4.44332
6.57853
4.44332
6.57853
4.44332
6.57853
4.44332
6.57853
4.44332
6.57853
4.44332
6.57853
4.44332
6.57853
4.44332
6.57853
4.44332
6.57853
4.44332
4.44332
4.44332
4.44332
6.57853
4.44332
6.57853
4.44332
6.57853
4.44332
6.57853
4.44332
6.57853
4.44332
6.57853
4.44332
6.57853
4.44332
6.57853
4.44332
6.57853
4.44332
6.57853
4.44332
4.44332
6.57853
4.44332
6.57853
4.44332
4.44332
6.57853
4.44332
6.57853
6.57853
6.57853
4.44332
6.57853
4.44332
6.57853
4.44332
6.57853
4.44332
6.57853
4.44332
6.57853
4.44332
6.57853
4.44332
6.57853
4.44332
6.57853
4.44332
6.57853
4.44332
6.57853
4.44332
6.57853
4.44332
6.57853
4.44332
6.57853
4.44332
6.57853
4.44332
4.44332
6.57853
6.57853
4.44332
4.44332
4.44332
6.57853
4.44332
4.44332
6.57853
6.57853
4.44332
6.57853
6.57853
4.44332
6.57853
4.44332
6.57853
4.44332
4.44332
4.44332
6.57853
4.44332
6.57853
4.44332
6.57853
4.44332
6.57853
4.44332
6.57853
4.44332
6.57853
4.44332
6.57853
4.44332
6.57853
4.44332
6.57853
4.44332
6.57853
4.44332
6.57853
4.44332
6.57853
4.44332
6.57853
4.44332
6.57853
4.44332
6.57853
4.44332
6.57853
6.57853
4.44332
6.57853
4.44332
4.44332
6.57853
4.44332
6.57853
6.57853
6.57853
4.44332
6.57853
4.44332
6.57853
4.44332
6.57853
4.44332
6.57853
4.44332
4.44332
6.57853
6.57853
4.44332
6.57853
4.44332
6.57853
6.57853
4.44332
6.57853
6.57853
4.44332
6.57853
4.44332
4.44332
4.44332
6.57853
4.44332
6.57853
4.44332
6.57853
6.57853
4.44332
6.57853
6.57853
6.57853
6.57853
4.44332
4.44332
6.57853
6.57853
4.44332
4.44332
6.57853
6.57853
4.44332
6.57853
4.44332
6.57853
4.44332
6.57853
4.44332
6.57853
4.44332
6.57853
4.44332
6.57853
4.44332
6.57853
4.44332
6.57853
4.44332
6.57853
4.44332
6.57853
4.44332
6.57853
4.44332
6.57853
4.44332
6.57853
4.44332
4.44332
6.57853
6.57853
4.44332
6.57853
4.44332
4.44332
6.57853
4.44332
4.44332
6.57853
4.44332
6.57853
4.44332
6.57853
6.57853
6.57853
4.44332
6.57853
4.44332
6.57853
4.44332
4.44332
6.57853
4.44332
6.57853
4.44332
6.57853
4.44332
6.57853
4.44332
6.57853
4.44332
6.57853
4.44332
6.57853
4.44332
6.57853
4.44332
6.57853
4.44332
6.57853
4.44332
6.57853
6.57853
6.57853
4.44332
4.44332
6.57853
4.44332
6.57853
6.57853
6.57853
4.44332
6.57853
4.44332
4.44332
6.57853
4.44332
6.57853
4.44332
4.44332
4.44332
6.57853
4.44332
6.57853
4.44332
6.57853
4.44332
6.57853
4.44332
6.57853
4.44332
6.57853
4.44332
6.57853
4.44332
6.57853
4.44332
6.57853
4.44332
6.57853
4.44332
6.57853
4.44332
4.44332
4.44332
6.57853
6.57853
4.44332
6.57853
6.57853
4.44332
6.57853
6.57853
6.57853
4.44332
6.57853
4.44332
6.57853
4.44332
6.57853
4.44332
6.57853
4.44332
6.57853
4.44332
6.57853
4.44332
6.57853
4.44332
6.57853
4.44332
6.57853
4.44332
6.57853
6.57853
4.44332
4.44332
4.44332
4.44332
6.57853
4.44332
4.44332
6.57853
4.44332
6.57853
4.44332
6.57853
4.44332
4.44332
6.57853
4.44332
6.57853
4.44332
6.57853
6.57853
6.57853
4.44332
6.57853
4.44332
6.57853
4.44332
6.57853
4.44332
6.57853
4.44332
6.57853
6.57853
4.44332
6.57853
4.44332
6.57853
4.44332
6.57853
4.44332
6.57853
4.44332
6.57853
4.44332
4.44332
4.44332
4.44332
6.57853
4.44332
4.44332
4.44332
6.57853
6.57853
4.44332
6.57853
4.44332
6.57853
4.44332
4.44332
6.57853
4.44332
6.57853
4.44332
6.57853
4.44332
6.57853
4.44332
6.57853
6.57853
4.44332
4.44332
4.44332
4.44332
6.57853
4.44332
4.44332
6.57853
4.44332
6.57853
4.44332
6.57853
6.57853
4.44332
6.57853
4.44332
6.57853
4.44332
6.57853
4.44332
6.57853
4.44332
6.57853
4.44332
6.57853
4.44332
6.57853
4.44332
6.57853
4.44332
6.57853
4.44332
6.57853
6.57853
6.57853
6.57853
4.44332
4.44332
6.57853
4.44332
4.44332
4.44332
4.44332
6.57853
6.57853
6.57853
4.44332
6.57853
4.44332
6.57853
4.44332
6.57853
4.44332
6.57853
4.44332
6.57853
4.44332
6.57853
4.44332
4.44332
6.57853
4.44332
6.57853
6.57853
4.44332
4.44332
6.57853
6.57853
6.57853
6.57853
4.44332
4.44332
6.57853
6.57853
4.44332
6.57853
6.57853
4.44332
4.44332
6.57853
6.57853
4.44332
6.57853
4.44332
6.57853
4.44332
6.57853
4.44332
6.57853
4.44332
6.57853
4.44332
6.57853
4.44332
6.57853
4.44332
6.57853
4.44332
6.57853
6.57853
4.44332
6.57853
4.44332
6.57853
6.57853
4.44332
6.57853
4.44332
6.57853
4.44332
6.57853
4.44332
6.57853
4.44332
6.57853
4.44332
6.57853
4.44332
4.44332
6.57853
6.57853
4.44332
6.57853
4.44332
4.44332
6.57853
6.57853
6.57853
4.44332
6.57853
6.57853
4.44332
4.44332
6.57853
6.57853
6.57853
4.44332
6.57853
4.44332
6.57853
4.44332
6.57853
4.44332
6.57853
4.44332
6.57853
4.44332
6.57853
4.44332
6.57853
4.44332
6.57853
4.44332
6.57853
4.44332
6.57853
4.44332
6.57853
4.44332
4.44332
4.44332
6.57853
4.44332
4.44332
4.44332
6.57853
6.57853
6.57853
4.44332
6.57853
6.57853
4.44332
6.57853
4.44332
6.57853
4.44332
4.44332
4.44332
6.57853
4.44332
6.57853
4.44332
6.57853
4.44332
6.57853
4.44332
6.57853
4.44332
6.57853
4.44332
6.57853
4.44332
6.57853
4.44332
6.57853
4.44332
6.57853
4.44332
6.57853
4.44332
6.57853
4.44332
6.57853
4.44332
6.57853
4.44332
4.44332
4.44332
6.57853
6.57853
4.44332
4.44332
6.57853
4.44332
4.44332
6.57853
4.44332
4.44332
6.57853
4.44332
4.44332
6.57853
4.44332
6.57853
4.44332
6.57853
4.44332
6.57853
4.44332
6.57853
4.44332
6.57853
4.44332
6.57853
4.44332
6.57853
4.44332
4.44332
4.44332
4.44332
6.57853
4.44332
4.44332
4.44332
6.57853
4.44332
6.57853
4.44332
6.57853
4.44332
4.44332
6.57853
6.57853
6.57853
6.57853
4.44332
4.44332
4.44332
6.57853
4.44332
4.44332
4.44332
6.57853
4.44332
6.57853
4.44332
6.57853
4.44332
6.57853
4.44332
6.57853
4.44332
6.57853
4.44332
6.57853
4.44332
6.57853
4.44332
6.57853
4.44332
6.57853
4.44332
6.57853
4.44332
6.57853
4.44332
6.57853
4.44332
6.57853
4.44332
6.57853
4.44332
6.57853
4.44332
6.57853
4.44332
6.57853
4.44332
6.57853
4.44332
6.57853
4.44332
4.44332
6.57853
4.44332
6.57853
4.44332
4.44332
6.57853
6.57853
4.44332
6.57853
4.44332
4.44332
6.57853
4.44332
6.57853
6.57853
4.44332
4.44332
4.44332
6.57853
4.44332
4.44332
6.57853
4.44332
4.44332
4.44332
4.44332
6.57853
4.44332
4.44332
6.57853
4.44332
4.44332
4.44332
6.57853
4.44332
6.57853
4.44332
6.57853
4.44332
6.57853
4.44332
6.57853
4.44332
4.44332
6.57853
4.44332
6.57853
4.44332
6.57853
4.44332
6.57853
4.44332
6.57853
4.44332
6.57853
4.44332
6.57853
4.44332
6.57853
4.44332
4.44332
6.57853
4.44332
4.44332
6.57853
6.57853
6.57853
4.44332
4.44332
6.57853
4.44332
4.44332
6.57853
4.44332
4.44332
6.57853
6.57853
4.44332
6.57853
4.44332
6.57853
4.44332
4.44332
6.57853
4.44332
6.57853
4.44332
6.57853
4.44332
4.44332
6.57853
4.44332
6.57853
4.44332
6.57853
4.44332
6.57853
4.44332
6.57853
4.44332
6.57853
4.44332
6.57853
4.44332
6.57853
4.44332
4.44332
4.44332
6.57853
6.57853
4.44332
6.57853
4.44332
6.57853
4.44332
6.57853
4.44332
6.57853
4.44332
6.57853
4.44332
6.57853
4.44332
4.44332
6.57853
4.44332
6.57853
4.44332
6.57853
4.44332
6.57853
4.44332
6.57853
4.44332
6.57853
4.44332
6.57853
4.44332
6.57853
4.44332
6.57853
4.44332
4.44332
6.57853
4.44332
6.57853
4.44332
6.57853
4.44332
4.44332
4.44332
6.57853
4.44332
6.57853
4.44332
6.57853
4.44332
6.57853
4.44332
6.57853
4.44332
6.57853
6.57853
4.44332
6.57853
4.44332
6.57853
4.44332
4.44332
6.57853
6.57853
6.57853
4.44332
4.44332
6.57853
4.44332
6.57853
4.44332
6.57853
4.44332
6.57853
4.44332
6.57853
4.44332
6.57853
4.44332
6.57853
4.44332
6.57853
4.44332
6.57853
4.44332
6.57853
4.44332
6.57853
4.44332
6.57853
4.44332
6.57853
4.44332
6.57853
4.44332
6.57853
4.44332
4.44332
4.44332
4.44332
4.44332
4.44332
6.57853
4.44332
6.57853
4.44332
4.44332
6.57853
4.44332
6.57853
4.44332
6.57853
4.44332
6.57853
6.57853
4.44332
6.57853
4.44332
6.57853
4.44332
6.57853
4.44332
6.57853
4.44332
6.57853
4.44332
6.57853
4.44332
6.57853
4.44332
6.57853
4.44332
4.44332
6.57853
4.44332
6.57853
4.44332
6.57853
4.44332
6.57853
4.44332
6.57853
4.44332
6.57853
4.44332
6.57853
4.44332
6.57853
4.44332
4.44332
6.57853
4.44332
6.57853
4.44332
6.57853
4.44332
4.44332
6.57853
4.44332
6.57853
4.44332
4.44332
6.57853
4.44332
6.57853
6.57853
4.44332
6.57853
4.44332
6.57853
6.57853
4.44332
6.57853
4.44332
4.44332
4.44332
6.57853
4.44332
6.57853
4.44332
6.57853
4.44332
6.57853
4.44332
6.57853
4.44332
6.57853
4.44332
6.57853
4.44332
6.57853
4.44332
6.57853
4.44332
6.57853
4.44332
6.57853
4.44332
6.57853
4.44332
4.44332
6.57853
4.44332
6.57853
4.44332
6.57853
4.44332
6.57853
4.44332
6.57853
4.44332
6.57853
4.44332
6.57853
4.44332
6.57853
4.44332
6.57853
4.44332
6.57853
4.44332
6.57853
4.44332
6.57853
4.44332
6.57853
4.44332
6.57853
6.57853
4.44332
6.57853
6.57853
6.57853
4.44332
6.57853
4.44332
6.57853
6.57853
4.44332
4.44332
6.57853
4.44332
4.44332
6.57853
4.44332
6.57853
4.44332
6.57853
4.44332
4.44332
6.57853
4.44332
6.57853
4.44332
6.57853
4.44332
6.57853
4.44332
6.57853
4.44332
6.57853
4.44332
6.57853
4.44332
4.44332
6.57853
4.44332
6.57853
4.44332
4.44332
6.57853
4.44332
4.44332
4.44332
4.44332
6.57853
4.44332
6.57853
4.44332
6.57853
4.44332
6.57853
4.44332
6.57853
4.44332
6.57853
4.44332
6.57853
4.44332
6.57853
4.44332
6.57853
4.44332
6.57853
4.44332
6.57853
4.44332
6.57853
6.57853
4.44332
4.44332
4.44332
6.57853
4.44332
6.57853
4.44332
4.44332
4.44332
6.57853
4.44332
6.57853
4.44332
6.57853
4.44332
6.57853
4.44332
6.57853
4.44332
6.57853
4.44332
6.57853
4.44332
6.57853
4.44332
6.57853
4.44332
6.57853
4.44332
6.57853
4.44332
6.57853
6.57853
4.44332
6.57853
4.44332
4.44332
6.57853
4.44332
6.57853
4.44332
6.57853
4.44332
6.57853
4.44332
6.57853
4.44332
6.57853
4.44332
6.57853
4.44332
6.57853
4.44332
6.57853
4.44332
6.57853
4.44332
6.57853
4.44332
6.57853
4.44332
6.57853
4.44332
6.57853
4.44332
4.44332
4.44332
6.57853
4.44332
4.44332
6.57853
4.44332
6.57853
4.44332
6.57853
4.44332
6.57853
4.44332
6.57853
4.44332
6.57853
4.44332
6.57853
4.44332
6.57853
4.44332
6.57853
4.44332
6.57853
4.44332
6.57853
4.44332
6.57853
4.44332
6.57853
4.44332
6.57853
4.44332
6.57853
6.57853
4.44332
6.57853
4.44332
4.44332
6.57853
4.44332
6.57853
6.57853
4.44332
4.44332
6.57853
6.57853
4.44332
6.57853
4.44332
4.44332
4.44332
6.57853
4.44332
6.57853
4.44332
6.57853
4.44332
6.57853
4.44332
6.57853
4.44332
6.57853
4.44332
6.57853
4.44332
6.57853
4.44332
6.57853
4.44332
6.57853
4.44332
6.57853
4.44332
6.57853
6.57853
4.44332
6.57853
4.44332
4.44332
6.57853
4.44332
6.57853
4.44332
6.57853
4.44332
6.57853
4.44332
6.57853
4.44332
6.57853
4.44332
6.57853
4.44332
4.44332
4.44332
6.57853
4.44332
6.57853
4.44332
4.44332
4.44332
6.57853
4.44332
6.57853
4.44332
6.57853
4.44332
6.57853
6.57853
6.57853
4.44332
6.57853
6.57853
4.44332
6.57853
4.44332
4.44332
4.44332
6.57853
4.44332
4.44332
6.57853
4.44332
6.57853
4.44332
6.57853
4.44332
6.57853
4.44332
6.57853
4.44332
6.57853
4.44332
6.57853
4.44332
6.57853
4.44332
4.44332
6.57853
4.44332
6.57853
4.44332
6.57853
4.44332
6.57853
4.44332
6.57853
4.44332
6.57853
4.44332
6.57853
4.44332
6.57853
4.44332
6.57853
4.44332
6.57853
4.44332
6.57853
4.44332
6.57853
4.44332
6.57853
4.44332
6.57853
4.44332
6.57853
4.44332
6.57853
4.44332
6.57853
4.44332
6.57853
4.44332
4.44332
6.57853
4.44332
4.44332
6.57853
4.44332
6.57853
6.57853
4.44332
4.44332
6.57853
4.44332
4.44332
6.57853
4.44332
6.57853
4.44332
6.57853
4.44332
6.57853
4.44332
6.57853
6.57853
6.57853
4.44332
6.57853
6.57853
4.44332
6.57853
4.44332
4.44332
6.57853
4.44332
6.57853
4.44332
4.44332
6.57853
4.44332
4.44332
6.57853
4.44332
6.57853
6.57853
6.57853
4.44332
6.57853
4.44332
6.57853
4.44332
6.57853
6.57853
6.57853
4.44332
6.57853
4.44332
6.57853
4.44332
6.57853
6.57853
6.57853
4.44332
6.57853
4.44332
6.57853
6.57853
4.44332
6.57853
6.57853
6.57853
4.44332
6.57853
6.57853
4.44332
6.57853
4.44332
4.44332
6.57853
6.57853
4.44332
6.57853
4.44332
6.57853
4.44332
6.57853
4.44332
6.57853
4.44332
6.57853
6.57853
4.44332
4.44332
4.44332
6.57853
4.44332
6.57853
6.57853
6.57853
6.57853
4.44332
6.57853
4.44332
6.57853
4.44332
6.57853
6.57853
4.44332
4.44332
6.57853
6.57853
4.44332
6.57853
4.44332
6.57853
4.44332
6.57853
4.44332
6.57853
4.44332
6.57853
4.44332
6.57853
4.44332
6.57853
4.44332
6.57853
4.44332
6.57853
4.44332
6.57853
4.44332
6.57853
4.44332
4.44332
6.57853
4.44332
4.44332
6.57853
6.57853
4.44332
6.57853
4.44332
6.57853
6.57853
6.57853
6.57853
4.44332
6.57853
6.57853
6.57853
4.44332
6.57853
6.57853
4.44332
6.57853
6.57853
4.44332
6.57853
4.44332
6.57853
4.44332
4.44332
4.44332
4.44332
6.57853
4.44332
6.57853
4.44332
6.57853
6.57853
4.44332
6.57853
4.44332
6.57853
4.44332
6.57853
4.44332
6.57853
4.44332
6.57853
4.44332
6.57853
4.44332
6.57853
4.44332
6.57853
4.44332
6.57853
4.44332
6.57853
4.44332
6.57853
4.44332
6.57853
4.44332
6.57853
4.44332
6.57853
4.44332
6.57853
4.44332
6.57853
4.44332
6.57853
4.44332
6.57853
4.44332
6.57853
4.44332
6.57853
4.44332
6.57853
6.57853
4.44332
6.57853
4.44332
6.57853
4.44332
6.57853
4.44332
4.44332
6.57853
4.44332
6.57853
4.44332
6.57853
4.44332
6.57853
4.44332
6.57853
4.44332
6.57853
4.44332
6.57853
4.44332
6.57853
4.44332
6.57853
4.44332
6.57853
4.44332
6.57853
4.44332
6.57853
4.44332
6.57853
4.44332
6.57853
4.44332
6.57853
4.44332
6.57853
4.44332
6.57853
6.57853
4.44332
6.57853
4.44332
6.57853
4.44332
6.57853
4.44332
4.44332
4.44332
4.44332
6.57853
4.44332
6.57853
4.44332
4.44332
6.57853
6.57853
4.44332
6.57853
4.44332
6.57853
4.44332
6.57853
4.44332
6.57853
4.44332
6.57853
4.44332
6.57853
4.44332
6.57853
4.44332
6.57853
4.44332
6.57853
4.44332
6.57853
4.44332
6.57853
4.44332
6.57853
4.44332
6.57853
4.44332
6.57853
4.44332
6.57853
4.44332
6.57853
4.44332
4.44332
6.57853
6.57853
4.44332
6.57853
4.44332
6.57853
4.44332
6.57853
6.57853
4.44332
6.57853
4.44332
6.57853
4.44332
6.57853
4.44332
4.44332
6.57853
4.44332
4.44332
6.57853
4.44332
4.44332
6.57853
4.44332
6.57853
4.44332
6.57853
4.44332
6.57853
4.44332
6.57853
4.44332
6.57853
4.44332
6.57853
4.44332
6.57853
4.44332
4.44332
6.57853
6.57853
4.44332
4.44332
6.57853
4.44332
6.57853
4.44332
4.44332
4.44332
6.57853
4.44332
6.57853
6.57853
4.44332
6.57853
4.44332
6.57853
4.44332
6.57853
4.44332
6.57853
4.44332
6.57853
4.44332
6.57853
4.44332
6.57853
4.44332
6.57853
4.44332
6.57853
4.44332
6.57853
4.44332
6.57853
4.44332
6.57853
4.44332
6.57853
4.44332
6.57853
4.44332
6.57853
4.44332
6.57853
4.44332
6.57853
6.57853
4.44332
6.57853
4.44332
6.57853
4.44332
6.57853
4.44332
6.57853
4.44332
6.57853
4.44332
6.57853
4.44332
6.57853
4.44332
6.57853
4.44332
6.57853
4.44332
6.57853
4.44332
6.57853
4.44332
6.57853
6.57853
4.44332
4.44332
6.57853
4.44332
4.44332
6.57853
4.44332
6.57853
6.57853
6.57853
4.44332
6.57853
4.44332
6.57853
6.57853
6.57853
4.44332
6.57853
4.44332
6.57853
6.57853
6.57853
4.44332
6.57853
4.44332
6.57853
4.44332
6.57853
4.44332
6.57853
4.44332
6.57853
6.57853
6.57853
4.44332
6.57853
4.44332
6.57853
4.44332
4.44332
6.57853
4.44332
6.57853
6.57853
4.44332
6.57853
6.57853
4.44332
6.57853
4.44332
4.44332
4.44332
6.57853
4.44332
6.57853
4.44332
6.57853
6.57853
4.44332
4.44332
6.57853
6.57853
4.44332
6.57853
4.44332
6.57853
4.44332
6.57853
4.44332
6.57853
4.44332
6.57853
4.44332
6.57853
6.57853
6.57853
4.44332
6.57853
4.44332
6.57853
4.44332
6.57853
6.57853
4.44332
4.44332
6.57853
6.57853
4.44332
6.57853
4.44332
4.44332
6.57853
4.44332
4.44332
6.57853
6.57853
4.44332
4.44332
6.57853
4.44332
6.57853
6.57853
6.57853
4.44332
6.57853
4.44332
6.57853
4.44332
6.57853
6.57853
6.57853
4.44332
6.57853
4.44332
6.57853
4.44332
6.57853
4.44332
6.57853
4.44332
6.57853
4.44332
6.57853
6.57853
4.44332
6.57853
6.57853
4.44332
4.44332
6.57853
4.44332
6.57853
6.57853
4.44332
4.44332
6.57853
4.44332
4.44332
6.57853
4.44332
6.57853
4.44332
6.57853
4.44332
6.57853
4.44332
6.57853
4.44332
6.57853
4.44332
4.44332
4.44332
6.57853
4.44332
6.57853
4.44332
6.57853
4.44332
6.57853
4.44332
6.57853
4.44332
6.57853
4.44332
4.44332
6.57853
4.44332
4.44332
4.44332
6.57853
4.44332
6.57853
4.44332
6.57853
6.57853
4.44332
4.44332
4.44332
6.57853
4.44332
4.44332
6.57853
4.44332
6.57853
6.57853
6.57853
4.44332
6.57853
6.57853
4.44332
6.57853
4.44332
6.57853
4.44332
6.57853
4.44332
6.57853
4.44332
6.57853
4.44332
6.57853
6.57853
6.57853
4.44332
6.57853
4.44332
6.57853
4.44332
4.44332
4.44332
6.57853
4.44332
4.44332
6.57853
4.44332
6.57853
6.57853
4.44332
4.44332
6.57853
4.44332
4.44332
6.57853
4.44332
6.57853
4.44332
6.57853
4.44332
6.57853
4.44332
6.57853
4.44332
6.57853
4.44332
4.44332
4.44332
6.57853
6.57853
4.44332
6.57853
4.44332
4.44332
6.57853
6.57853
4.44332
6.57853
4.44332
4.44332
6.57853
4.44332
6.57853
6.57853
6.57853
4.44332
6.57853
6.57853
4.44332
6.57853
4.44332
4.44332
6.57853
4.44332
4.44332
6.57853
4.44332
6.57853
4.44332
6.57853
4.44332
6.57853
4.44332
6.57853
6.57853
4.44332
6.57853
4.44332
4.44332
4.44332
6.57853
4.44332
6.57853
4.44332
6.57853
4.44332
6.57853
4.44332
6.57853
4.44332
6.57853
4.44332
6.57853
4.44332
6.57853
4.44332
6.57853
4.44332
6.57853
4.44332
6.57853
4.44332
6.57853
4.44332
6.57853
6.57853
6.57853
6.57853
4.44332
6.57853
4.44332
6.57853
4.44332
6.57853
4.44332
6.57853
4.44332
6.57853
4.44332
6.57853
4.44332
6.57853
4.44332
6.57853
4.44332
6.57853
4.44332
6.57853
4.44332
6.57853
4.44332
4.44332
6.57853
4.44332
6.57853
4.44332
6.57853
4.44332
6.57853
6.57853
4.44332
6.57853
6.57853
4.44332
6.57853
4.44332
6.57853
4.44332
4.44332
6.57853
4.44332
6.57853
4.44332
6.57853
4.44332
6.57853
6.57853
4.44332
6.57853
4.44332
6.57853
4.44332
6.57853
4.44332
6.57853
4.44332
6.57853
4.44332
6.57853
4.44332
6.57853
4.44332
6.57853
4.44332
4.44332
6.57853
4.44332
6.57853
4.44332
6.57853
4.44332
6.57853
6.57853
4.44332
6.57853
4.44332
6.57853
4.44332
6.57853
4.44332
6.57853
4.44332
6.57853
4.44332
6.57853
4.44332
6.57853
4.44332
6.57853
4.44332
6.57853
4.44332
6.57853
4.44332
6.57853
4.44332
6.57853
4.44332
6.57853
4.44332
6.57853
4.44332
6.57853
4.44332
6.57853
4.44332
6.57853
4.44332
6.57853
4.44332
6.57853
4.44332
6.57853
4.44332
6.57853
4.44332
6.57853
4.44332
6.57853
4.44332
6.57853
4.44332
6.57853
6.57853
4.44332
6.57853
4.44332
6.57853
4.44332
4.44332
6.57853
6.57853
6.57853
4.44332
6.57853
6.57853
4.44332
6.57853
4.44332
6.57853
4.44332
6.57853
4.44332
6.57853
4.44332
6.57853
4.44332
6.57853
4.44332
6.57853
4.44332
6.57853
4.44332
6.57853
4.44332
4.44332
6.57853
6.57853
4.44332
4.44332
6.57853
4.44332
6.57853
4.44332
6.57853
6.57853
4.44332
6.57853
4.44332
6.57853
4.44332
6.57853
4.44332
6.57853
4.44332
6.57853
4.44332
6.57853
4.44332
4.44332
6.57853
6.57853
4.44332
6.57853
6.57853
4.44332
6.57853
4.44332
6.57853
4.44332
6.57853
4.44332
4.44332
4.44332
6.57853
4.44332
6.57853
4.44332
6.57853
4.44332
6.57853
4.44332
4.44332
4.44332
6.57853
6.57853
6.57853
6.57853
4.44332
4.44332
6.57853
4.44332
6.57853
4.44332
6.57853
4.44332
6.57853
4.44332
6.57853
4.44332
6.57853
4.44332
6.57853
4.44332
6.57853
4.44332
6.57853
4.44332
6.57853
4.44332
6.57853
4.44332
6.57853
4.44332
6.57853
4.44332
6.57853
4.44332
6.57853
4.44332
6.57853
4.44332
6.57853
4.44332
6.57853
4.44332
6.57853
4.44332
6.57853
4.44332
6.57853
4.44332
6.57853
4.44332
6.57853
4.44332
6.57853
4.44332
6.57853
4.44332
6.57853
6.57853
4.44332
6.57853
6.57853
4.44332
6.57853
6.57853
4.44332
6.57853
4.44332
6.57853
6.57853
4.44332
6.57853
6.57853
4.44332
6.57853
4.44332
6.57853
6.57853
6.57853
4.44332
6.57853
4.44332
4.44332
4.44332
4.44332
6.57853
4.44332
6.57853
4.44332
6.57853
4.44332
6.57853
4.44332
6.57853
4.44332
6.57853
4.44332
6.57853
4.44332
6.57853
4.44332
6.57853
6.57853
4.44332
6.57853
4.44332
6.57853
4.44332
6.57853
4.44332
6.57853
4.44332
6.57853
4.44332
6.57853
4.44332
6.57853
6.57853
4.44332
4.44332
6.57853
4.44332
4.44332
6.57853
4.44332
6.57853
6.57853
6.57853
6.57853
4.44332
6.57853
4.44332
6.57853
4.44332
6.57853
4.44332
6.57853
4.44332
6.57853
4.44332
6.57853
4.44332
6.57853
4.44332
6.57853
4.44332
6.57853
4.44332
6.57853
4.44332
4.44332
6.57853
6.57853
4.44332
6.57853
6.57853
4.44332
6.57853
4.44332
4.44332
4.44332
4.44332
6.57853
4.44332
6.57853
4.44332
6.57853
4.44332
6.57853
4.44332
6.57853
4.44332
6.57853
4.44332
6.57853
4.44332
6.57853
4.44332
6.57853
4.44332
6.57853
4.44332
6.57853
4.44332
4.44332
6.57853
6.57853
4.44332
6.57853
6.57853
4.44332
6.57853
6.57853
6.57853
4.44332
6.57853
4.44332
6.57853
4.44332
6.57853
4.44332
6.57853
4.44332
6.57853
4.44332
6.57853
4.44332
6.57853
4.44332
6.57853
4.44332
6.57853
4.44332
6.57853
4.44332
6.57853
4.44332
6.57853
6.57853
6.57853
4.44332
6.57853
6.57853
4.44332
6.57853
4.44332
4.44332
4.44332
4.44332
6.57853
4.44332
6.57853
4.44332
6.57853
4.44332
6.57853
4.44332
6.57853
4.44332
6.57853
4.44332
6.57853
4.44332
6.57853
4.44332
6.57853
4.44332
6.57853
4.44332
6.57853
4.44332
6.57853
4.44332
6.57853
4.44332
6.57853
4.44332
6.57853
4.44332
6.57853
4.44332
6.57853
4.44332
6.57853
4.44332
6.57853
4.44332
6.57853
6.57853
6.57853
4.44332
6.57853
4.44332
4.44332
6.57853
4.44332
6.57853
6.57853
6.57853
4.44332
6.57853
4.44332
4.44332
4.44332
4.44332
6.57853
4.44332
6.57853
4.44332
6.57853
4.44332
6.57853
4.44332
6.57853
4.44332
6.57853
4.44332
6.57853
4.44332
6.57853
4.44332
6.57853
4.44332
6.57853
4.44332
6.57853
4.44332
4.44332
6.57853
4.44332
6.57853
6.57853
4.44332
6.57853
4.44332
4.44332
6.57853
4.44332
6.57853
6.57853
6.57853
4.44332
6.57853
4.44332
6.57853
6.57853
6.57853
6.57853
4.44332
6.57853
4.44332
6.57853
4.44332
6.57853
4.44332
6.57853
4.44332
6.57853
4.44332
6.57853
4.44332
6.57853
4.44332
6.57853
4.44332
6.57853
4.44332
6.57853
4.44332
6.57853
4.44332
6.57853
4.44332
6.57853
4.44332
6.57853
4.44332
6.57853
4.44332
6.57853
6.57853
6.57853
4.44332
6.57853
4.44332
4.44332
6.57853
4.44332
6.57853
6.57853
4.44332
6.57853
4.44332
6.57853
4.44332
6.57853
4.44332
6.57853
4.44332
6.57853
4.44332
6.57853
4.44332
6.57853
4.44332
6.57853
4.44332
6.57853
4.44332
6.57853
4.44332
6.57853
6.57853
4.44332
4.44332
6.57853
4.44332
6.57853
4.44332
6.57853
6.57853
4.44332
6.57853
4.44332
6.57853
4.44332
4.44332
6.57853
6.57853
4.44332
4.44332
6.57853
4.44332
6.57853
4.44332
6.57853
4.44332
6.57853
4.44332
6.57853
4.44332
6.57853
4.44332
4.44332
6.57853
4.44332
6.57853
4.44332
6.57853
4.44332
6.57853
4.44332
4.44332
4.44332
4.44332
6.57853
4.44332
6.57853
4.44332
6.57853
4.44332
6.57853
4.44332
6.57853
4.44332
6.57853
4.44332
6.57853
4.44332
6.57853
4.44332
6.57853
4.44332
6.57853
4.44332
6.57853
4.44332
4.44332
6.57853
4.44332
6.57853
4.44332
6.57853
4.44332
6.57853
6.57853
4.44332
6.57853
4.44332
6.57853
4.44332
6.57853
4.44332
6.57853
4.44332
6.57853
4.44332
6.57853
4.44332
4.44332
6.57853
6.57853
4.44332
6.57853
6.57853
4.44332
4.44332
4.44332
6.57853
4.44332
4.44332
6.57853
4.44332
6.57853
6.57853
6.57853
4.44332
6.57853
4.44332
6.57853
6.57853
6.57853
6.57853
4.44332
6.57853
4.44332
6.57853
4.44332
6.57853
4.44332
6.57853
4.44332
6.57853
4.44332
6.57853
4.44332
6.57853
4.44332
6.57853
4.44332
6.57853
4.44332
6.57853
4.44332
6.57853
6.57853
4.44332
4.44332
6.57853
6.57853
4.44332
6.57853
4.44332
6.57853
6.57853
4.44332
6.57853
4.44332
6.57853
4.44332
6.57853
4.44332
6.57853
4.44332
6.57853
4.44332
6.57853
4.44332
6.57853
4.44332
6.57853
6.57853
6.57853
4.44332
6.57853
4.44332
6.57853
4.44332
4.44332
6.57853
4.44332
4.44332
4.44332
6.57853
4.44332
6.57853
4.44332
4.44332
6.57853
4.44332
6.57853
4.44332
6.57853
4.44332
6.57853
4.44332
6.57853
4.44332
6.57853
4.44332
6.57853
4.44332
6.57853
4.44332
6.57853
4.44332
6.57853
4.44332
4.44332
6.57853
6.57853
4.44332
4.44332
4.44332
4.44332
6.57853
4.44332
6.57853
4.44332
4.44332
6.57853
4.44332
4.44332
6.57853
4.44332
4.44332
6.57853
4.44332
6.57853
6.57853
6.57853
6.57853
4.44332
6.57853
4.44332
6.57853
4.44332
6.57853
4.44332
6.57853
4.44332
6.57853
4.44332
6.57853
4.44332
6.57853
4.44332
6.57853
4.44332
4.44332
6.57853
4.44332
6.57853
4.44332
6.57853
4.44332
6.57853
4.44332
6.57853
4.44332
4.44332
6.57853
4.44332
6.57853
6.57853
6.57853
4.44332
6.57853
4.44332
6.57853
6.57853
6.57853
6.57853
4.44332
6.57853
4.44332
6.57853
4.44332
6.57853
4.44332
6.57853
4.44332
6.57853
4.44332
6.57853
4.44332
6.57853
4.44332
6.57853
4.44332
6.57853
4.44332
6.57853
4.44332
6.57853
4.44332
6.57853
4.44332
6.57853
4.44332
6.57853
4.44332
6.57853
4.44332
6.57853
4.44332
6.57853
4.44332
6.57853
4.44332
6.57853
4.44332
6.57853
4.44332
6.57853
4.44332
6.57853
4.44332
6.57853
4.44332
6.57853
4.44332
6.57853
6.57853
4.44332
6.57853
4.44332
6.57853
4.44332
6.57853
4.44332
6.57853
6.57853
4.44332
4.44332
6.57853
4.44332
6.57853
4.44332
6.57853
6.57853
4.44332
6.57853
4.44332
6.57853
4.44332
6.57853
4.44332
6.57853
4.44332
6.57853
4.44332
6.57853
4.44332
6.57853
4.44332
6.57853
4.44332
6.57853
4.44332
6.57853
4.44332
6.57853
4.44332
6.57853
4.44332
6.57853
4.44332
6.57853
4.44332
6.57853
4.44332
6.57853
4.44332
6.57853
6.57853
4.44332
6.57853
4.44332
6.57853
4.44332
6.57853
6.57853
6.57853
6.57853
6.57853
4.44332
6.57853
4.44332
4.44332
6.57853
4.44332
6.57853
4.44332
6.57853
4.44332
6.57853
4.44332
6.57853
4.44332
6.57853
4.44332
6.57853
4.44332
6.57853
4.44332
6.57853
4.44332
6.57853
4.44332
6.57853
4.44332
6.57853
4.44332
6.57853
4.44332
6.57853
4.44332
6.57853
4.44332
6.57853
4.44332
6.57853
4.44332
6.57853
6.57853
4.44332
6.57853
6.57853
4.44332
4.44332
6.57853
4.44332
6.57853
6.57853
4.44332
6.57853
4.44332
6.57853
4.44332
6.57853
4.44332
6.57853
4.44332
6.57853
4.44332
6.57853
4.44332
6.57853
4.44332
6.57853
4.44332
6.57853
4.44332
6.57853
4.44332
6.57853
4.44332
6.57853
4.44332
6.57853
4.44332
6.57853
4.44332
6.57853
4.44332
6.57853
4.44332
6.57853
4.44332
6.57853
4.44332
6.57853
4.44332
4.44332
6.57853
4.44332
6.57853
4.44332
6.57853
4.44332
6.57853
4.44332
6.57853
4.44332
6.57853
4.44332
6.57853
4.44332
6.57853
4.44332
6.57853
4.44332
6.57853
4.44332
6.57853
4.44332
6.57853
4.44332
6.57853
4.44332
6.57853
4.44332
6.57853
4.44332
6.57853
4.44332
6.57853
4.44332
6.57853
4.44332
6.57853
4.44332
6.57853
4.44332
6.57853
6.57853
6.57853
4.44332
6.57853
4.44332
4.44332
6.57853
4.44332
4.44332
4.44332
6.57853
4.44332
6.57853
6.57853
4.44332
6.57853
4.44332
6.57853
4.44332
6.57853
4.44332
6.57853
4.44332
6.57853
4.44332
6.57853
4.44332
6.57853
4.44332
6.57853
4.44332
6.57853
4.44332
6.57853
4.44332
6.57853
4.44332
6.57853
4.44332
6.57853
4.44332
6.57853
4.44332
6.57853
4.44332
6.57853
4.44332
6.57853
4.44332
4.44332
4.44332
6.57853
4.44332
4.44332
6.57853
4.44332
4.44332
6.57853
6.57853
4.44332
6.57853
6.57853
4.44332
4.44332
4.44332
6.57853
4.44332
6.57853
4.44332
6.57853
4.44332
6.57853
4.44332
6.57853
4.44332
6.57853
4.44332
6.57853
4.44332
6.57853
4.44332
4.44332
6.57853
6.57853
4.44332
4.44332
6.57853
6.57853
4.44332
6.57853
6.57853
6.57853
4.44332
6.57853
4.44332
6.57853
4.44332
6.57853
4.44332
6.57853
4.44332
6.57853
4.44332
6.57853
4.44332
6.57853
4.44332
4.44332
4.44332
6.57853
4.44332
4.44332
6.57853
6.57853
4.44332
6.57853
4.44332
4.44332
6.57853
6.57853
4.44332
6.57853
6.57853
6.57853
4.44332
6.57853
4.44332
4.44332
6.57853
4.44332
6.57853
4.44332
6.57853
4.44332
6.57853
4.44332
6.57853
4.44332
6.57853
4.44332
4.44332
6.57853
6.57853
4.44332
6.57853
6.57853
4.44332
4.44332
6.57853
6.57853
6.57853
4.44332
6.57853
4.44332
6.57853
4.44332
6.57853
4.44332
6.57853
4.44332
6.57853
4.44332
6.57853
4.44332
6.57853
6.57853
4.44332
4.44332
6.57853
4.44332
4.44332
4.44332
6.57853
4.44332
4.44332
4.44332
6.57853
4.44332
6.57853
4.44332
6.57853
4.44332
6.57853
4.44332
6.57853
4.44332
4.44332
4.44332
6.57853
4.44332
6.57853
4.44332
6.57853
4.44332
6.57853
4.44332
6.57853
4.44332
6.57853
4.44332
6.57853
4.44332
6.57853
4.44332
6.57853
4.44332
6.57853
4.44332
6.57853
4.44332
6.57853
4.44332
6.57853
4.44332
6.57853
4.44332
6.57853
4.44332
6.57853
4.44332
4.44332
6.57853
6.57853
4.44332
6.57853
4.44332
4.44332
4.44332
6.57853
4.44332
6.57853
4.44332
6.57853
4.44332
6.57853
4.44332
6.57853
4.44332
6.57853
4.44332
6.57853
4.44332
6.57853
4.44332
6.57853
4.44332
6.57853
4.44332
6.57853
4.44332
6.57853
4.44332
6.57853
4.44332
6.57853
4.44332
6.57853
4.44332
6.57853
4.44332
6.57853
4.44332
6.57853
4.44332
6.57853
4.44332
6.57853
6.57853
4.44332
6.57853
4.44332
6.57853
4.44332
6.57853
4.44332
6.57853
4.44332
4.44332
6.57853
4.44332
6.57853
4.44332
6.57853
4.44332
6.57853
4.44332
6.57853
4.44332
6.57853
4.44332
6.57853
4.44332
6.57853
4.44332
6.57853
4.44332
6.57853
4.44332
6.57853
4.44332
6.57853
4.44332
6.57853
4.44332
6.57853
4.44332
6.57853
4.44332
6.57853
4.44332
6.57853
4.44332
6.57853
4.44332
6.57853
4.44332
6.57853
4.44332
6.57853
4.44332
6.57853
4.44332
6.57853
4.44332
6.57853
4.44332
6.57853
4.44332
6.57853
4.44332
6.57853
4.44332
4.44332
6.57853
4.44332
6.57853
6.57853
6.57853
4.44332
6.57853
4.44332
6.57853
4.44332
6.57853
4.44332
6.57853
4.44332
6.57853
4.44332
6.57853
4.44332
6.57853
4.44332
6.57853
6.57853
6.57853
6.57853
6.57853
4.44332
6.57853
4.44332
6.57853
6.57853
4.44332
6.57853
4.44332
6.57853
4.44332
6.57853
4.44332
6.57853
4.44332
6.57853
4.44332
6.57853
4.44332
6.57853
4.44332
6.57853
4.44332
6.57853
4.44332
6.57853
4.44332
6.57853
4.44332
6.57853
4.44332
6.57853
4.44332
6.57853
4.44332
6.57853
4.44332
6.57853
4.44332
6.57853
4.44332
6.57853
4.44332
6.57853
4.44332
6.57853
4.44332
6.57853
4.44332
6.57853
4.44332
6.57853
4.44332
6.57853
4.44332
6.57853
6.57853
4.44332
6.57853
4.44332
6.57853
4.44332
6.57853
4.44332
6.57853
6.57853
4.44332
6.57853
4.44332
6.57853
6.57853
4.44332
6.57853
4.44332
4.44332
6.57853
6.57853
4.44332
6.57853
4.44332
6.57853
4.44332
6.57853
4.44332
6.57853
4.44332
6.57853
4.44332
6.57853
4.44332
6.57853
4.44332
6.57853
4.44332
6.57853
4.44332
6.57853
4.44332
6.57853
4.44332
6.57853
4.44332
6.57853
4.44332
6.57853
4.44332
6.57853
4.44332
6.57853
4.44332
6.57853
4.44332
6.57853
4.44332
6.57853
4.44332
6.57853
4.44332
6.57853
4.44332
6.57853
4.44332
6.57853
4.44332
6.57853
4.44332
6.57853
4.44332
6.57853
4.44332
6.57853
4.44332
4.44332
4.44332
6.57853
4.44332
4.44332
6.57853
4.44332
6.57853
4.44332
4.44332
6.57853
4.44332
6.57853
6.57853
4.44332
6.57853
6.57853
6.57853
4.44332
6.57853
6.57853
4.44332
6.57853
4.44332
6.57853
4.44332
6.57853
4.44332
6.57853
4.44332
6.57853
4.44332
6.57853
4.44332
6.57853
4.44332
6.57853
4.44332
6.57853
4.44332
6.57853
4.44332
6.57853
4.44332
6.57853
4.44332
6.57853
4.44332
6.57853
4.44332
6.57853
4.44332
6.57853
4.44332
6.57853
6.57853
4.44332
4.44332
4.44332
4.44332
4.44332
4.44332
6.57853
4.44332
6.57853
6.57853
4.44332
6.57853
4.44332
6.57853
4.44332
4.44332
6.57853
4.44332
6.57853
4.44332
6.57853
4.44332
6.57853
4.44332
6.57853
4.44332
6.57853
4.44332
4.44332
4.44332
6.57853
4.44332
4.44332
6.57853
6.57853
4.44332
4.44332
6.57853
6.57853
6.57853
4.44332
6.57853
4.44332
6.57853
4.44332
6.57853
4.44332
6.57853
4.44332
6.57853
4.44332
6.57853
4.44332
6.57853
4.44332
6.57853
4.44332
6.57853
4.44332
6.57853
4.44332
6.57853
4.44332
6.57853
4.44332
6.57853
4.44332
6.57853
4.44332
6.57853
4.44332
6.57853
4.44332
6.57853
4.44332
6.57853
6.57853
6.57853
4.44332
6.57853
4.44332
6.57853
6.57853
4.44332
6.57853
6.57853
4.44332
4.44332
6.57853
6.57853
4.44332
6.57853
4.44332
6.57853
4.44332
6.57853
4.44332
6.57853
4.44332
6.57853
4.44332
6.57853
4.44332
6.57853
4.44332
6.57853
4.44332
6.57853
6.57853
6.57853
4.44332
6.57853
4.44332
6.57853
6.57853
4.44332
4.44332
6.57853
6.57853
4.44332
4.44332
6.57853
4.44332
6.57853
4.44332
6.57853
4.44332
6.57853
4.44332
6.57853
4.44332
6.57853
6.57853
4.44332
4.44332
4.44332
6.57853
4.44332
6.57853
6.57853
4.44332
4.44332
6.57853
6.57853
4.44332
4.44332
6.57853
4.44332
6.57853
4.44332
6.57853
4.44332
6.57853
4.44332
6.57853
4.44332
6.57853
4.44332
6.57853
6.57853
6.57853
4.44332
6.57853
6.57853
4.44332
4.44332
6.57853
4.44332
4.44332
6.57853
4.44332
4.44332
6.57853
4.44332
4.44332
6.57853
4.44332
6.57853
6.57853
4.44332
6.57853
4.44332
6.57853
4.44332
6.57853
4.44332
6.57853
4.44332
6.57853
4.44332
6.57853
6.57853
4.44332
4.44332
6.57853
6.57853
4.44332
6.57853
4.44332
4.44332
6.57853
4.44332
4.44332
4.44332
6.57853
4.44332
6.57853
4.44332
6.57853
4.44332
6.57853
4.44332
6.57853
4.44332
6.57853
4.44332
4.44332
4.44332
4.44332
6.57853
4.44332
4.44332
4.44332
6.57853
6.57853
4.44332
4.44332
6.57853
4.44332
6.57853
4.44332
6.57853
4.44332
6.57853
4.44332
6.57853
4.44332
6.57853
4.44332
6.57853
4.44332
6.57853
6.57853
6.57853
4.44332
6.57853
6.57853
4.44332
4.44332
6.57853
4.44332
6.57853
6.57853
4.44332
4.44332
6.57853
4.44332
6.57853
4.44332
6.57853
6.57853
4.44332
4.44332
6.57853
4.44332
6.57853
4.44332
6.57853
6.57853
4.44332
6.57853
4.44332
4.44332
6.57853
6.57853
4.44332
6.57853
4.44332
6.57853
4.44332
6.57853
4.44332
6.57853
6.57853
4.44332
4.44332
4.44332
6.57853
6.57853
4.44332
6.57853
4.44332
6.57853
4.44332
6.57853
4.44332
6.57853
4.44332
6.57853
4.44332
6.57853
4.44332
6.57853
4.44332
6.57853
4.44332
6.57853
4.44332
4.44332
6.57853
6.57853
4.44332
4.44332
6.57853
6.57853
4.44332
6.57853
4.44332
4.44332
6.57853
6.57853
4.44332
6.57853
4.44332
6.57853
4.44332
6.57853
4.44332
6.57853
4.44332
6.57853
4.44332
6.57853
4.44332
6.57853
6.57853
6.57853
4.44332
6.57853
6.57853
6.57853
4.44332
6.57853
4.44332
4.44332
6.57853
4.44332
6.57853
4.44332
6.57853
4.44332
6.57853
4.44332
6.57853
4.44332
6.57853
4.44332
6.57853
4.44332
6.57853
4.44332
6.57853
4.44332
6.57853
4.44332
6.57853
6.57853
4.44332
4.44332
6.57853
6.57853
4.44332
4.44332
6.57853
4.44332
6.57853
4.44332
6.57853
4.44332
6.57853
4.44332
6.57853
4.44332
6.57853
4.44332
6.57853
4.44332
6.57853
4.44332
6.57853
4.44332
4.44332
4.44332
4.44332
4.44332
4.44332
4.44332
4.44332
6.57853
6.57853
4.44332
4.44332
6.57853
4.44332
6.57853
4.44332
6.57853
4.44332
6.57853
4.44332
6.57853
4.44332
6.57853
4.44332
6.57853
4.44332
6.57853
6.57853
6.57853
4.44332
4.44332
6.57853
4.44332
4.44332
6.57853
4.44332
6.57853
6.57853
6.57853
4.44332
6.57853
4.44332
6.57853
4.44332
6.57853
4.44332
6.57853
4.44332
6.57853
4.44332
6.57853
4.44332
4.44332
4.44332
6.57853
4.44332
4.44332
6.57853
6.57853
4.44332
6.57853
4.44332
6.57853
6.57853
4.44332
6.57853
4.44332
4.44332
6.57853
4.44332
6.57853
4.44332
6.57853
4.44332
6.57853
4.44332
6.57853
6.57853
4.44332
6.57853
4.44332
6.57853
4.44332
6.57853
6.57853
6.57853
4.44332
4.44332
6.57853
6.57853
4.44332
6.57853
4.44332
6.57853
4.44332
6.57853
4.44332
6.57853
4.44332
6.57853
4.44332
6.57853
4.44332
4.44332
6.57853
4.44332
6.57853
4.44332
6.57853
4.44332
6.57853
4.44332
6.57853
4.44332
6.57853
6.57853
6.57853
4.44332
6.57853
4.44332
6.57853
4.44332
6.57853
4.44332
6.57853
4.44332
6.57853
4.44332
6.57853
4.44332
6.57853
4.44332
6.57853
4.44332
6.57853
4.44332
6.57853
4.44332
6.57853
4.44332
6.57853
4.44332
6.57853
4.44332
6.57853
4.44332
6.57853
4.44332
4.44332
6.57853
4.44332
6.57853
4.44332
6.57853
4.44332
6.57853
4.44332
6.57853
4.44332
6.57853
4.44332
6.57853
4.44332
6.57853
4.44332
6.57853
4.44332
6.57853
4.44332
6.57853
4.44332
6.57853
6.57853
4.44332
6.57853
4.44332
4.44332
4.44332
6.57853
4.44332
4.44332
4.44332
4.44332
6.57853
4.44332
6.57853
4.44332
6.57853
4.44332
4.44332
6.57853
4.44332
6.57853
4.44332
6.57853
4.44332
6.57853
4.44332
6.57853
4.44332
6.57853
4.44332
4.44332
6.57853
4.44332
6.57853
4.44332
6.57853
4.44332
6.57853
4.44332
6.57853
4.44332
6.57853
4.44332
6.57853
4.44332
4.44332
6.57853
4.44332
6.57853
4.44332
6.57853
4.44332
6.57853
4.44332
6.57853
4.44332
6.57853
4.44332
6.57853
4.44332
6.57853
4.44332
6.57853
4.44332
4.44332
6.57853
4.44332
6.57853
4.44332
6.57853
4.44332
6.57853
4.44332
6.57853
4.44332
6.57853
6.57853
4.44332
6.57853
4.44332
6.57853
6.57853
4.44332
6.57853
6.57853
4.44332
6.57853
4.44332
6.57853
4.44332
6.57853
4.44332
6.57853
4.44332
6.57853
4.44332
6.57853
4.44332
6.57853
4.44332
6.57853
4.44332
6.57853
4.44332
6.57853
4.44332
6.57853
4.44332
6.57853
4.44332
4.44332
6.57853
4.44332
6.57853
4.44332
6.57853
4.44332
6.57853
4.44332
6.57853
4.44332
6.57853
4.44332
6.57853
4.44332
4.44332
4.44332
6.57853
4.44332
4.44332
4.44332
4.44332
6.57853
4.44332
4.44332
4.44332
6.57853
4.44332
6.57853
4.44332
6.57853
4.44332
6.57853
4.44332
6.57853
4.44332
6.57853
4.44332
6.57853
4.44332
6.57853
4.44332
6.57853
4.44332
6.57853
4.44332
4.44332
6.57853
4.44332
6.57853
4.44332
6.57853
4.44332
6.57853
4.44332
6.57853
4.44332
6.57853
4.44332
6.57853
4.44332
4.44332
6.57853
4.44332
4.44332
4.44332
6.57853
4.44332
4.44332
4.44332
6.57853
4.44332
6.57853
4.44332
6.57853
4.44332
6.57853
4.44332
4.44332
4.44332
6.57853
4.44332
6.57853
4.44332
6.57853
4.44332
6.57853
6.57853
4.44332
6.57853
6.57853
4.44332
4.44332
6.57853
4.44332
4.44332
6.57853
4.44332
4.44332
4.44332
4.44332
6.57853
4.44332
6.57853
4.44332
6.57853
6.57853
6.57853
4.44332
6.57853
4.44332
6.57853
4.44332
6.57853
6.57853
6.57853
4.44332
6.57853
6.57853
4.44332
6.57853
6.57853
4.44332
4.44332
4.44332
4.44332
6.57853
4.44332
6.57853
4.44332
6.57853
6.57853
6.57853
4.44332
6.57853
4.44332
6.57853
4.44332
6.57853
4.44332
6.57853
4.44332
6.57853
4.44332
4.44332
6.57853
6.57853
4.44332
4.44332
4.44332
6.57853
6.57853
4.44332
6.57853
4.44332
6.57853
4.44332
6.57853
4.44332
6.57853
4.44332
6.57853
6.57853
6.57853
4.44332
6.57853
4.44332
6.57853
4.44332
6.57853
4.44332
4.44332
6.57853
6.57853
4.44332
4.44332
6.57853
4.44332
4.44332
6.57853
6.57853
4.44332
4.44332
6.57853
6.57853
4.44332
6.57853
4.44332
6.57853
4.44332
4.44332
4.44332
6.57853
4.44332
6.57853
4.44332
6.57853
6.57853
6.57853
4.44332
6.57853
4.44332
4.44332
6.57853
4.44332
6.57853
4.44332
6.57853
4.44332
6.57853
4.44332
6.57853
4.44332
6.57853
4.44332
6.57853
4.44332
6.57853
4.44332
6.57853
4.44332
6.57853
4.44332
6.57853
4.44332
6.57853
4.44332
6.57853
4.44332
6.57853
4.44332
6.57853
4.44332
4.44332
6.57853
4.44332
6.57853
4.44332
6.57853
4.44332
6.57853
4.44332
6.57853
4.44332
6.57853
4.44332
6.57853
4.44332
6.57853
4.44332
6.57853
4.44332
6.57853
4.44332
6.57853
4.44332
6.57853
4.44332
6.57853
4.44332
6.57853
4.44332
6.57853
4.44332
6.57853
4.44332
6.57853
4.44332
6.57853
4.44332
6.57853
4.44332
6.57853
4.44332
4.44332
6.57853
4.44332
6.57853
4.44332
6.57853
4.44332
4.44332
6.57853
6.57853
6.57853
6.57853
4.44332
4.44332
6.57853
6.57853
4.44332
4.44332
6.57853
4.44332
6.57853
4.44332
6.57853
4.44332
6.57853
6.57853
4.44332
6.57853
4.44332
6.57853
4.44332
6.57853
4.44332
6.57853
4.44332
6.57853
4.44332
6.57853
6.57853
6.57853
4.44332
6.57853
4.44332
6.57853
4.44332
6.57853
4.44332
6.57853
4.44332
6.57853
4.44332
6.57853
6.57853
4.44332
6.57853
4.44332
4.44332
6.57853
4.44332
6.57853
4.44332
4.44332
6.57853
6.57853
4.44332
6.57853
4.44332
4.44332
6.57853
6.57853
4.44332
6.57853
4.44332
6.57853
4.44332
6.57853
4.44332
6.57853
4.44332
6.57853
4.44332
6.57853
4.44332
6.57853
4.44332
4.44332
6.57853
4.44332
6.57853
6.57853
4.44332
6.57853
4.44332
6.57853
4.44332
6.57853
4.44332
6.57853
4.44332
4.44332
6.57853
4.44332
6.57853
4.44332
6.57853
4.44332
6.57853
4.44332
6.57853
4.44332
6.57853
4.44332
6.57853
4.44332
6.57853
4.44332
6.57853
4.44332
4.44332
4.44332
6.57853
4.44332
6.57853
4.44332
4.44332
6.57853
4.44332
4.44332
6.57853
4.44332
6.57853
6.57853
4.44332
4.44332
6.57853
4.44332
4.44332
4.44332
6.57853
4.44332
6.57853
4.44332
6.57853
4.44332
6.57853
4.44332
6.57853
4.44332
6.57853
4.44332
6.57853
4.44332
6.57853
4.44332
6.57853
4.44332
6.57853
4.44332
6.57853
4.44332
6.57853
4.44332
6.57853
4.44332
6.57853
4.44332
6.57853
4.44332
6.57853
4.44332
6.57853
4.44332
4.44332
6.57853
6.57853
4.44332
4.44332
4.44332
6.57853
4.44332
6.57853
4.44332
6.57853
4.44332
6.57853
4.44332
6.57853
4.44332
6.57853
4.44332
6.57853
4.44332
6.57853
4.44332
6.57853
4.44332
6.57853
4.44332
6.57853
4.44332
4.44332
4.44332
6.57853
4.44332
6.57853
4.44332
6.57853
4.44332
4.44332
6.57853
6.57853
4.44332
4.44332
6.57853
6.57853
6.57853
6.57853
4.44332
6.57853
4.44332
6.57853
4.44332
6.57853
4.44332
6.57853
4.44332
6.57853
4.44332
6.57853
4.44332
6.57853
4.44332
6.57853
4.44332
6.57853
4.44332
6.57853
4.44332
6.57853
4.44332
6.57853
4.44332
6.57853
4.44332
6.57853
4.44332
6.57853
6.57853
4.44332
6.57853
6.57853
6.57853
4.44332
6.57853
6.57853
4.44332
4.44332
4.44332
6.57853
4.44332
6.57853
4.44332
6.57853
4.44332
6.57853
4.44332
6.57853
4.44332
4.44332
6.57853
4.44332
6.57853
4.44332
6.57853
4.44332
6.57853
4.44332
6.57853
4.44332
6.57853
4.44332
6.57853
4.44332
6.57853
4.44332
6.57853
4.44332
6.57853
4.44332
6.57853
4.44332
6.57853
4.44332
6.57853
4.44332
6.57853
4.44332
6.57853
4.44332
6.57853
4.44332
6.57853
6.57853
4.44332
6.57853
4.44332
6.57853
4.44332
6.57853
4.44332
6.57853
6.57853
4.44332
6.57853
4.44332
6.57853
4.44332
6.57853
4.44332
6.57853
4.44332
6.57853
4.44332
6.57853
4.44332
6.57853
4.44332
6.57853
4.44332
6.57853
4.44332
6.57853
4.44332
6.57853
4.44332
6.57853
4.44332
6.57853
4.44332
4.44332
6.57853
4.44332
6.57853
4.44332
6.57853
4.44332
6.57853
4.44332
6.57853
4.44332
6.57853
4.44332
6.57853
4.44332
6.57853
4.44332
6.57853
4.44332
6.57853
4.44332
6.57853
4.44332
6.57853
4.44332
6.57853
4.44332
6.57853
4.44332
6.57853
4.44332
6.57853
4.44332
6.57853
4.44332
4.44332
6.57853
4.44332
6.57853
6.57853
4.44332
6.57853
4.44332
6.57853
4.44332
4.44332
6.57853
4.44332
4.44332
4.44332
6.57853
4.44332
6.57853
6.57853
4.44332
6.57853
6.57853
4.44332
6.57853
4.44332
6.57853
4.44332
4.44332
4.44332
6.57853
4.44332
4.44332
6.57853
4.44332
6.57853
6.57853
4.44332
4.44332
6.57853
4.44332
4.44332
6.57853
4.44332
6.57853
4.44332
6.57853
4.44332
4.44332
4.44332
4.44332
6.57853
4.44332
6.57853
4.44332
6.57853
4.44332
6.57853
4.44332
6.57853
4.44332
6.57853
4.44332
6.57853
4.44332
6.57853
4.44332
6.57853
4.44332
6.57853
4.44332
6.57853
4.44332
6.57853
4.44332
6.57853
4.44332
6.57853
4.44332
4.44332
6.57853
4.44332
6.57853
4.44332
6.57853
4.44332
6.57853
4.44332
6.57853
6.57853
4.44332
4.44332
6.57853
6.57853
4.44332
6.57853
6.57853
4.44332
6.57853
6.57853
4.44332
6.57853
6.57853
4.44332
6.57853
4.44332
6.57853
4.44332
6.57853
4.44332
6.57853
4.44332
6.57853
4.44332
6.57853
4.44332
6.57853
4.44332
6.57853
4.44332
6.57853
4.44332
6.57853
4.44332
6.57853
4.44332
6.57853
4.44332
6.57853
4.44332
6.57853
4.44332
6.57853
4.44332
6.57853
4.44332
4.44332
6.57853
6.57853
4.44332
4.44332
6.57853
6.57853
4.44332
6.57853
4.44332
6.57853
6.57853
6.57853
4.44332
6.57853
4.44332
6.57853
4.44332
4.44332
6.57853
6.57853
4.44332
6.57853
6.57853
4.44332
4.44332
6.57853
4.44332
6.57853
6.57853
6.57853
4.44332
6.57853
4.44332
6.57853
4.44332
6.57853
6.57853
6.57853
4.44332
4.44332
6.57853
4.44332
6.57853
4.44332
6.57853
4.44332
6.57853
4.44332
4.44332
6.57853
4.44332
4.44332
6.57853
6.57853
4.44332
4.44332
6.57853
4.44332
6.57853
4.44332
6.57853
4.44332
6.57853
4.44332
6.57853
4.44332
6.57853
6.57853
6.57853
4.44332
6.57853
4.44332
6.57853
4.44332
4.44332
6.57853
6.57853
4.44332
4.44332
6.57853
6.57853
4.44332
6.57853
4.44332
6.57853
4.44332
6.57853
4.44332
6.57853
4.44332
6.57853
4.44332
4.44332
4.44332
4.44332
6.57853
4.44332
6.57853
4.44332
4.44332
6.57853
4.44332
4.44332
4.44332
4.44332
4.44332
6.57853
4.44332
6.57853
6.57853
4.44332
4.44332
6.57853
6.57853
4.44332
6.57853
4.44332
6.57853
4.44332
4.44332
4.44332
6.57853
4.44332
6.57853
4.44332
6.57853
4.44332
4.44332
4.44332
6.57853
4.44332
4.44332
4.44332
6.57853
6.57853
4.44332
4.44332
6.57853
4.44332
4.44332
6.57853
4.44332
6.57853
4.44332
4.44332
4.44332
6.57853
4.44332
6.57853
4.44332
6.57853
6.57853
6.57853
4.44332
6.57853
4.44332
6.57853
4.44332
6.57853
4.44332
4.44332
4.44332
6.57853
6.57853
4.44332
4.44332
6.57853
4.44332
6.57853
4.44332
6.57853
4.44332
6.57853
4.44332
6.57853
6.57853
6.57853
4.44332
6.57853
4.44332
6.57853
6.57853
4.44332
6.57853
6.57853
4.44332
4.44332
4.44332
4.44332
4.44332
6.57853
4.44332
4.44332
6.57853
4.44332
6.57853
4.44332
6.57853
4.44332
6.57853
4.44332
4.44332
6.57853
6.57853
6.57853
4.44332
6.57853
4.44332
4.44332
6.57853
4.44332
6.57853
4.44332
6.57853
4.44332
6.57853
4.44332
6.57853
4.44332
6.57853
4.44332
6.57853
4.44332
6.57853
4.44332
6.57853
4.44332
6.57853
4.44332
6.57853
4.44332
6.57853
4.44332
6.57853
4.44332
6.57853
4.44332
6.57853
4.44332
6.57853
4.44332
6.57853
4.44332
6.57853
4.44332
6.57853
4.44332
6.57853
6.57853
4.44332
4.44332
6.57853
4.44332
6.57853
4.44332
6.57853
4.44332
6.57853
6.57853
6.57853
4.44332
4.44332
6.57853
4.44332
6.57853
4.44332
6.57853
4.44332
6.57853
4.44332
6.57853
4.44332
6.57853
4.44332
4.44332
6.57853
4.44332
6.57853
6.57853
4.44332
4.44332
6.57853
6.57853
4.44332
6.57853
4.44332
4.44332
4.44332
6.57853
4.44332
6.57853
6.57853
6.57853
4.44332
6.57853
4.44332
6.57853
4.44332
6.57853
4.44332
4.44332
6.57853
6.57853
6.57853
4.44332
6.57853
6.57853
4.44332
6.57853
4.44332
6.57853
6.57853
6.57853
4.44332
6.57853
4.44332
6.57853
4.44332
6.57853
4.44332
6.57853
4.44332
6.57853
4.44332
6.57853
4.44332
6.57853
4.44332
4.44332
6.57853
6.57853
4.44332
6.57853
6.57853
6.57853
6.57853
6.57853
4.44332
6.57853
6.57853
4.44332
6.57853
4.44332
6.57853
6.57853
6.57853
4.44332
6.57853
4.44332
6.57853
4.44332
6.57853
4.44332
6.57853
4.44332
6.57853
4.44332
6.57853
6.57853
4.44332
4.44332
4.44332
4.44332
6.57853
4.44332
4.44332
6.57853
4.44332
4.44332
4.44332
6.57853
4.44332
4.44332
6.57853
4.44332
6.57853
6.57853
6.57853
4.44332
4.44332
6.57853
4.44332
6.57853
4.44332
6.57853
6.57853
6.57853
4.44332
4.44332
6.57853
4.44332
4.44332
6.57853
4.44332
4.44332
4.44332
6.57853
4.44332
6.57853
4.44332
4.44332
4.44332
6.57853
4.44332
6.57853
4.44332
6.57853
4.44332
6.57853
4.44332
6.57853
4.44332
6.57853
4.44332
6.57853
4.44332
4.44332
6.57853
6.57853
6.57853
4.44332
6.57853
6.57853
4.44332
6.57853
4.44332
4.44332
4.44332
6.57853
4.44332
6.57853
4.44332
6.57853
4.44332
6.57853
6.57853
6.57853
4.44332
6.57853
4.44332
6.57853
4.44332
4.44332
6.57853
6.57853
4.44332
6.57853
6.57853
4.44332
4.44332
6.57853
4.44332
6.57853
6.57853
4.44332
4.44332
6.57853
4.44332
6.57853
6.57853
6.57853
4.44332
6.57853
4.44332
6.57853
4.44332
6.57853
4.44332
6.57853
4.44332
6.57853
4.44332
6.57853
6.57853
4.44332
6.57853
6.57853
4.44332
4.44332
6.57853
4.44332
4.44332
4.44332
6.57853
4.44332
6.57853
6.57853
6.57853
6.57853
6.57853
4.44332
6.57853
4.44332
6.57853
6.57853
4.44332
6.57853
4.44332
4.44332
6.57853
4.44332
6.57853
4.44332
4.44332
4.44332
6.57853
6.57853
4.44332
6.57853
4.44332
6.57853
6.57853
4.44332
6.57853
4.44332
6.57853
4.44332
6.57853
4.44332
6.57853
4.44332
4.44332
6.57853
4.44332
6.57853
6.57853
4.44332
4.44332
6.57853
4.44332
6.57853
4.44332
6.57853
4.44332
6.57853
4.44332
6.57853
4.44332
6.57853
4.44332
6.57853
4.44332
6.57853
4.44332
6.57853
4.44332
6.57853
4.44332
6.57853
4.44332
6.57853
4.44332
6.57853
4.44332
6.57853
4.44332
6.57853
4.44332
6.57853
4.44332
6.57853
4.44332
6.57853
4.44332
6.57853
4.44332
6.57853
4.44332
4.44332
6.57853
6.57853
4.44332
6.57853
4.44332
6.57853
4.44332
4.44332
6.57853
4.44332
4.44332
4.44332
6.57853
6.57853
4.44332
6.57853
4.44332
6.57853
6.57853
4.44332
6.57853
4.44332
6.57853
4.44332
6.57853
4.44332
6.57853
4.44332
6.57853
4.44332
6.57853
4.44332
6.57853
4.44332
6.57853
4.44332
6.57853
4.44332
6.57853
4.44332
6.57853
4.44332
6.57853
4.44332
6.57853
4.44332
6.57853
4.44332
6.57853
4.44332
6.57853
4.44332
6.57853
4.44332
6.57853
4.44332
6.57853
4.44332
6.57853
4.44332
6.57853
4.44332
4.44332
6.57853
4.44332
6.57853
6.57853
4.44332
4.44332
6.57853
6.57853
4.44332
6.57853
4.44332
6.57853
4.44332
4.44332
4.44332
6.57853
6.57853
6.57853
4.44332
6.57853
4.44332
6.57853
4.44332
4.44332
6.57853
4.44332
6.57853
4.44332
6.57853
4.44332
6.57853
6.57853
4.44332
6.57853
4.44332
6.57853
4.44332
4.44332
4.44332
4.44332
6.57853
6.57853
6.57853
4.44332
4.44332
6.57853
4.44332
4.44332
6.57853
4.44332
6.57853
4.44332
6.57853
4.44332
6.57853
4.44332
6.57853
4.44332
6.57853
4.44332
6.57853
4.44332
6.57853
4.44332
6.57853
4.44332
6.57853
4.44332
6.57853
4.44332
6.57853
4.44332
6.57853
4.44332
6.57853
4.44332
6.57853
4.44332
6.57853
4.44332
6.57853
4.44332
6.57853
4.44332
6.57853
4.44332
6.57853
6.57853
6.57853
4.44332
6.57853
6.57853
4.44332
6.57853
6.57853
4.44332
6.57853
4.44332
6.57853
4.44332
4.44332
6.57853
4.44332
6.57853
4.44332
6.57853
4.44332
6.57853
4.44332
6.57853
4.44332
6.57853
4.44332
6.57853
4.44332
6.57853
4.44332
6.57853
6.57853
6.57853
4.44332
6.57853
4.44332
4.44332
4.44332
6.57853
4.44332
6.57853
4.44332
6.57853
4.44332
6.57853
4.44332
6.57853
4.44332
6.57853
4.44332
6.57853
6.57853
6.57853
4.44332
4.44332
6.57853
4.44332
4.44332
6.57853
4.44332
4.44332
4.44332
6.57853
6.57853
4.44332
6.57853
6.57853
4.44332
4.44332
6.57853
4.44332
4.44332
6.57853
4.44332
6.57853
4.44332
6.57853
4.44332
6.57853
4.44332
6.57853
4.44332
6.57853
4.44332
6.57853
4.44332
6.57853
4.44332
6.57853
4.44332
4.44332
4.44332
6.57853
6.57853
4.44332
4.44332
4.44332
4.44332
6.57853
4.44332
6.57853
4.44332
6.57853
4.44332
6.57853
4.44332
6.57853
4.44332
4.44332
6.57853
4.44332
4.44332
6.57853
6.57853
4.44332
6.57853
4.44332
4.44332
6.57853
6.57853
4.44332
6.57853
6.57853
4.44332
6.57853
4.44332
6.57853
4.44332
6.57853
4.44332
6.57853
4.44332
6.57853
4.44332
6.57853
4.44332
6.57853
4.44332
6.57853
4.44332
6.57853
4.44332
6.57853
4.44332
6.57853
4.44332
6.57853
4.44332
6.57853
4.44332
6.57853
4.44332
6.57853
4.44332
6.57853
4.44332
4.44332
6.57853
4.44332
4.44332
4.44332
6.57853
4.44332
6.57853
6.57853
4.44332
6.57853
4.44332
4.44332
4.44332
6.57853
4.44332
6.57853
4.44332
4.44332
4.44332
6.57853
4.44332
6.57853
4.44332
4.44332
4.44332
6.57853
4.44332
6.57853
4.44332
6.57853
4.44332
6.57853
4.44332
6.57853
4.44332
6.57853
4.44332
6.57853
4.44332
6.57853
4.44332
6.57853
4.44332
6.57853
6.57853
6.57853
4.44332
6.57853
4.44332
6.57853
6.57853
4.44332
4.44332
6.57853
6.57853
4.44332
4.44332
6.57853
4.44332
6.57853
4.44332
6.57853
4.44332
6.57853
4.44332
6.57853
4.44332
6.57853
4.44332
6.57853
4.44332
6.57853
4.44332
6.57853
4.44332
6.57853
4.44332
4.44332
6.57853
4.44332
6.57853
4.44332
6.57853
4.44332
6.57853
4.44332
4.44332
6.57853
4.44332
4.44332
6.57853
6.57853
4.44332
4.44332
6.57853
4.44332
6.57853
4.44332
6.57853
4.44332
6.57853
4.44332
6.57853
4.44332
6.57853
4.44332
6.57853
4.44332
6.57853
4.44332
4.44332
4.44332
6.57853
4.44332
4.44332
6.57853
4.44332
6.57853
6.57853
4.44332
6.57853
6.57853
4.44332
4.44332
6.57853
4.44332
6.57853
6.57853
4.44332
6.57853
4.44332
4.44332
6.57853
4.44332
6.57853
4.44332
6.57853
4.44332
6.57853
4.44332
6.57853
4.44332
6.57853
6.57853
6.57853
4.44332
6.57853
4.44332
6.57853
4.44332
6.57853
6.57853
4.44332
6.57853
4.44332
6.57853
4.44332
4.44332
6.57853
4.44332
6.57853
6.57853
4.44332
4.44332
6.57853
4.44332
6.57853
6.57853
6.57853
6.57853
4.44332
6.57853
6.57853
4.44332
4.44332
4.44332
6.57853
4.44332
6.57853
4.44332
6.57853
4.44332
6.57853
4.44332
6.57853
4.44332
6.57853
4.44332
6.57853
4.44332
6.57853
4.44332
6.57853
6.57853
6.57853
6.57853
4.44332
4.44332
6.57853
4.44332
4.44332
6.57853
4.44332
6.57853
4.44332
6.57853
4.44332
6.57853
4.44332
6.57853
4.44332
6.57853
4.44332
6.57853
4.44332
6.57853
4.44332
6.57853
4.44332
6.57853
4.44332
6.57853
4.44332
6.57853
4.44332
4.44332
6.57853
6.57853
6.57853
4.44332
4.44332
4.44332
6.57853
4.44332
6.57853
4.44332
6.57853
4.44332
6.57853
4.44332
6.57853
4.44332
6.57853
4.44332
6.57853
4.44332
6.57853
4.44332
6.57853
4.44332
6.57853
4.44332
6.57853
4.44332
6.57853
4.44332
6.57853
4.44332
6.57853
6.57853
4.44332
4.44332
6.57853
4.44332
4.44332
6.57853
4.44332
6.57853
6.57853
4.44332
6.57853
4.44332
6.57853
4.44332
6.57853
4.44332
6.57853
4.44332
6.57853
4.44332
6.57853
4.44332
6.57853
4.44332
6.57853
4.44332
6.57853
4.44332
6.57853
4.44332
6.57853
6.57853
4.44332
6.57853
6.57853
6.57853
6.57853
4.44332
6.57853
4.44332
6.57853
6.57853
4.44332
6.57853
4.44332
6.57853
4.44332
6.57853
4.44332
6.57853
4.44332
6.57853
4.44332
6.57853
4.44332
6.57853
4.44332
6.57853
4.44332
6.57853
4.44332
6.57853
4.44332
6.57853
4.44332
4.44332
6.57853
6.57853
6.57853
4.44332
6.57853
4.44332
4.44332
6.57853
4.44332
6.57853
4.44332
6.57853
4.44332
6.57853
4.44332
6.57853
4.44332
6.57853
6.57853
4.44332
6.57853
4.44332
4.44332
6.57853
4.44332
4.44332
6.57853
4.44332
6.57853
4.44332
6.57853
4.44332
6.57853
4.44332
6.57853
4.44332
6.57853
4.44332
6.57853
4.44332
6.57853
4.44332
6.57853
4.44332
6.57853
4.44332
6.57853
4.44332
6.57853
4.44332
6.57853
6.57853
4.44332
6.57853
4.44332
6.57853
4.44332
4.44332
6.57853
4.44332
4.44332
6.57853
4.44332
6.57853
4.44332
6.57853
4.44332
6.57853
4.44332
6.57853
4.44332
6.57853
4.44332
6.57853
4.44332
6.57853
4.44332
6.57853
4.44332
6.57853
4.44332
6.57853
4.44332
4.44332
6.57853
6.57853
4.44332
4.44332
6.57853
4.44332
4.44332
6.57853
4.44332
6.57853
4.44332
6.57853
4.44332
6.57853
4.44332
6.57853
4.44332
6.57853
4.44332
6.57853
4.44332
6.57853
4.44332
6.57853
4.44332
6.57853
4.44332
6.57853
4.44332
6.57853
6.57853
4.44332
6.57853
6.57853
6.57853
4.44332
6.57853
4.44332
6.57853
4.44332
6.57853
4.44332
6.57853
4.44332
6.57853
4.44332
6.57853
4.44332
6.57853
4.44332
4.44332
4.44332
6.57853
4.44332
6.57853
6.57853
4.44332
6.57853
6.57853
4.44332
6.57853
4.44332
6.57853
4.44332
6.57853
4.44332
6.57853
4.44332
6.57853
4.44332
6.57853
4.44332
6.57853
4.44332
6.57853
4.44332
6.57853
4.44332
6.57853
4.44332
6.57853
4.44332
6.57853
6.57853
6.57853
4.44332
6.57853
4.44332
6.57853
6.57853
4.44332
6.57853
6.57853
4.44332
6.57853
4.44332
6.57853
4.44332
6.57853
6.57853
4.44332
4.44332
6.57853
4.44332
6.57853
4.44332
6.57853
6.57853
4.44332
6.57853
4.44332
6.57853
4.44332
6.57853
4.44332
6.57853
4.44332
4.44332
4.44332
6.57853
6.57853
4.44332
4.44332
6.57853
4.44332
6.57853
4.44332
6.57853
4.44332
6.57853
4.44332
6.57853
4.44332
6.57853
4.44332
6.57853
4.44332
6.57853
4.44332
6.57853
4.44332
4.44332
6.57853
4.44332
6.57853
4.44332
6.57853
4.44332
6.57853
6.57853
4.44332
4.44332
6.57853
4.44332
6.57853
4.44332
6.57853
4.44332
6.57853
4.44332
6.57853
4.44332
6.57853
4.44332
6.57853
4.44332
6.57853
4.44332
6.57853
4.44332
6.57853
4.44332
6.57853
4.44332
6.57853
4.44332
6.57853
4.44332
6.57853
4.44332
6.57853
6.57853
4.44332
6.57853
6.57853
4.44332
6.57853
4.44332
6.57853
4.44332
4.44332
6.57853
4.44332
6.57853
4.44332
6.57853
4.44332
6.57853
4.44332
6.57853
4.44332
6.57853
4.44332
6.57853
4.44332
6.57853
4.44332
6.57853
6.57853
6.57853
4.44332
6.57853
4.44332
4.44332
6.57853
4.44332
4.44332
6.57853
4.44332
6.57853
4.44332
6.57853
4.44332
6.57853
6.57853
4.44332
6.57853
4.44332
6.57853
4.44332
6.57853
4.44332
6.57853
4.44332
6.57853
4.44332
6.57853
4.44332
6.57853
6.57853
4.44332
4.44332
4.44332
4.44332
6.57853
4.44332
6.57853
4.44332
6.57853
4.44332
6.57853
4.44332
6.57853
4.44332
6.57853
4.44332
6.57853
4.44332
6.57853
4.44332
6.57853
4.44332
6.57853
4.44332
6.57853
6.57853
4.44332
4.44332
6.57853
4.44332
6.57853
4.44332
6.57853
4.44332
6.57853
4.44332
6.57853
4.44332
6.57853
4.44332
6.57853
4.44332
6.57853
4.44332
6.57853
4.44332
6.57853
4.44332
6.57853
4.44332
6.57853
4.44332
6.57853
4.44332
6.57853
4.44332
6.57853
4.44332
6.57853
6.57853
4.44332
6.57853
4.44332
6.57853
4.44332
6.57853
4.44332
6.57853
4.44332
6.57853
4.44332
6.57853
4.44332
6.57853
4.44332
6.57853
4.44332
6.57853
4.44332
6.57853
4.44332
6.57853
4.44332
6.57853
4.44332
6.57853
4.44332
6.57853
4.44332
6.57853
4.44332
6.57853
4.44332
6.57853
6.57853
6.57853
4.44332
6.57853
4.44332
6.57853
4.44332
6.57853
4.44332
6.57853
4.44332
6.57853
4.44332
6.57853
4.44332
6.57853
4.44332
6.57853
4.44332
6.57853
4.44332
6.57853
4.44332
6.57853
4.44332
6.57853
4.44332
6.57853
4.44332
6.57853
4.44332
6.57853
4.44332
6.57853
4.44332
6.57853
4.44332
4.44332
4.44332
6.57853
4.44332
6.57853
4.44332
4.44332
6.57853
6.57853
4.44332
6.57853
4.44332
6.57853
6.57853
4.44332
6.57853
4.44332
6.57853
4.44332
6.57853
4.44332
6.57853
4.44332
6.57853
4.44332
6.57853
4.44332
6.57853
4.44332
6.57853
4.44332
6.57853
4.44332
6.57853
4.44332
6.57853
4.44332
6.57853
4.44332
6.57853
4.44332
6.57853
4.44332
6.57853
4.44332
6.57853
4.44332
6.57853
4.44332
6.57853
4.44332
6.57853
4.44332
6.57853
4.44332
6.57853
4.44332
6.57853
4.44332
6.57853
6.57853
4.44332
6.57853
4.44332
6.57853
4.44332
6.57853
4.44332
6.57853
4.44332
6.57853
4.44332
6.57853
4.44332
6.57853
4.44332
4.44332
6.57853
4.44332
4.44332
4.44332
4.44332
4.44332
4.44332
4.44332
6.57853
4.44332
6.57853
4.44332
6.57853
4.44332
6.57853
4.44332
6.57853
4.44332
6.57853
4.44332
6.57853
4.44332
6.57853
4.44332
6.57853
4.44332
6.57853
4.44332
6.57853
4.44332
6.57853
6.57853
6.57853
4.44332
6.57853
6.57853
4.44332
6.57853
4.44332
6.57853
4.44332
6.57853
4.44332
6.57853
4.44332
6.57853
4.44332
6.57853
4.44332
6.57853
4.44332
6.57853
4.44332
6.57853
4.44332
6.57853
4.44332
6.57853
4.44332
6.57853
4.44332
6.57853
4.44332
6.57853
4.44332
6.57853
4.44332
6.57853
4.44332
6.57853
4.44332
6.57853
6.57853
4.44332
6.57853
4.44332
6.57853
4.44332
6.57853
4.44332
6.57853
4.44332
6.57853
4.44332
6.57853
4.44332
6.57853
6.57853
6.57853
6.57853
6.57853
4.44332
6.57853
4.44332
6.57853
4.44332
6.57853
4.44332
6.57853
4.44332
6.57853
6.57853
4.44332
6.57853
4.44332
6.57853
4.44332
6.57853
4.44332
6.57853
4.44332
6.57853
4.44332
4.44332
4.44332
6.57853
4.44332
6.57853
4.44332
4.44332
4.44332
6.57853
4.44332
6.57853
4.44332
6.57853
4.44332
6.57853
4.44332
6.57853
4.44332
6.57853
6.57853
4.44332
6.57853
4.44332
6.57853
4.44332
6.57853
4.44332
6.57853
4.44332
6.57853
4.44332
6.57853
4.44332
6.57853
6.57853
6.57853
6.57853
6.57853
4.44332
4.44332
4.44332
6.57853
4.44332
6.57853
4.44332
6.57853
4.44332
6.57853
4.44332
6.57853
4.44332
6.57853
4.44332
6.57853
4.44332
6.57853
4.44332
6.57853
4.44332
6.57853
4.44332
6.57853
4.44332
6.57853
4.44332
6.57853
4.44332
6.57853
4.44332
6.57853
4.44332
6.57853
4.44332
6.57853
6.57853
4.44332
6.57853
4.44332
6.57853
4.44332
6.57853
4.44332
6.57853
4.44332
6.57853
4.44332
6.57853
4.44332
6.57853
4.44332
6.57853
4.44332
6.57853
4.44332
6.57853
4.44332
6.57853
4.44332
6.57853
4.44332
6.57853
4.44332
6.57853
4.44332
6.57853
4.44332
6.57853
4.44332
6.57853
4.44332
6.57853
4.44332
6.57853
4.44332
6.57853
4.44332
6.57853
4.44332
6.57853
6.57853
4.44332
6.57853
4.44332
6.57853
4.44332
6.57853
4.44332
6.57853
4.44332
6.57853
4.44332
6.57853
4.44332
6.57853
4.44332
6.57853
4.44332
6.57853
4.44332
6.57853
4.44332
6.57853
4.44332
6.57853
6.57853
4.44332
6.57853
4.44332
6.57853
4.44332
6.57853
4.44332
4.44332
4.44332
6.57853
4.44332
6.57853
4.44332
6.57853
4.44332
6.57853
4.44332
6.57853
4.44332
6.57853
4.44332
6.57853
6.57853
4.44332
6.57853
4.44332
6.57853
4.44332
6.57853
4.44332
6.57853
4.44332
6.57853
4.44332
6.57853
4.44332
6.57853
4.44332
6.57853
4.44332
6.57853
4.44332
6.57853
4.44332
6.57853
4.44332
6.57853
6.57853
4.44332
6.57853
4.44332
6.57853
4.44332
6.57853
4.44332
6.57853
4.44332
6.57853
4.44332
6.57853
4.44332
6.57853
4.44332
6.57853
4.44332
6.57853
4.44332
4.44332
4.44332
6.57853
6.57853
6.57853
6.57853
4.44332
6.57853
6.57853
6.57853
4.44332
6.57853
4.44332
6.57853
4.44332
6.57853
4.44332
6.57853
4.44332
6.57853
6.57853
4.44332
6.57853
4.44332
6.57853
4.44332
6.57853
4.44332
6.57853
4.44332
6.57853
4.44332
6.57853
4.44332
6.57853
4.44332
6.57853
6.57853
6.57853
6.57853
6.57853
6.57853
6.57853
6.57853
4.44332
6.57853
4.44332
6.57853
4.44332
4.44332
4.44332
6.57853
4.44332
6.57853
4.44332
6.57853
4.44332
6.57853
4.44332
6.57853
4.44332
6.57853
4.44332
6.57853
4.44332
6.57853
6.57853
4.44332
6.57853
4.44332
6.57853
4.44332
6.57853
4.44332
6.57853
4.44332
6.57853
4.44332
6.57853
4.44332
6.57853
4.44332
6.57853
4.44332
6.57853
4.44332
6.57853
4.44332
6.57853
4.44332
6.57853
4.44332
6.57853
4.44332
6.57853
4.44332
6.57853
4.44332
6.57853
4.44332
4.44332
4.44332
6.57853
4.44332
6.57853
6.57853
4.44332
6.57853
6.57853
6.57853
6.57853
4.44332
6.57853
4.44332
6.57853
4.44332
6.57853
4.44332
6.57853
4.44332
6.57853
4.44332
6.57853
4.44332
6.57853
4.44332
6.57853
4.44332
6.57853
4.44332
6.57853
4.44332
6.57853
4.44332
6.57853
4.44332
6.57853
4.44332
6.57853
4.44332
6.57853
4.44332
6.57853
4.44332
6.57853
4.44332
6.57853
4.44332
6.57853
4.44332
6.57853
4.44332
6.57853
4.44332
6.57853
6.57853
4.44332
6.57853
4.44332
6.57853
6.57853
6.57853
4.44332
6.57853
4.44332
6.57853
4.44332
6.57853
6.57853
6.57853
4.44332
6.57853
4.44332
6.57853
4.44332
6.57853
4.44332
6.57853
4.44332
6.57853
4.44332
6.57853
4.44332
6.57853
4.44332
6.57853
4.44332
6.57853
4.44332
6.57853
4.44332
6.57853
4.44332
6.57853
4.44332
6.57853
4.44332
6.57853
4.44332
6.57853
6.57853
4.44332
6.57853
4.44332
6.57853
4.44332
6.57853
6.57853
6.57853
4.44332
6.57853
4.44332
6.57853
4.44332
6.57853
4.44332
6.57853
4.44332
4.44332
4.44332
6.57853
4.44332
4.44332
4.44332
6.57853
4.44332
6.57853
4.44332
6.57853
4.44332
6.57853
6.57853
4.44332
6.57853
4.44332
6.57853
4.44332
6.57853
4.44332
6.57853
4.44332
6.57853
4.44332
6.57853
4.44332
6.57853
4.44332
6.57853
4.44332
6.57853
4.44332
6.57853
4.44332
6.57853
4.44332
6.57853
4.44332
6.57853
4.44332
6.57853
4.44332
6.57853
4.44332
6.57853
6.57853
4.44332
6.57853
4.44332
6.57853
4.44332
6.57853
4.44332
6.57853
4.44332
6.57853
4.44332
6.57853
4.44332
6.57853
4.44332
6.57853
6.57853
4.44332
4.44332
6.57853
4.44332
6.57853
4.44332
4.44332
4.44332
4.44332
4.44332
4.44332
4.44332
4.44332
4.44332
4.44332
4.44332
4.44332
4.44332
4.44332
4.44332
4.44332
4.44332
6.57853
4.44332
6.57853
4.44332
6.57853
4.44332
6.57853
4.44332
6.57853
4.44332
6.57853
4.44332
6.57853
4.44332
6.57853
4.44332
6.57853
4.44332
6.57853
4.44332
6.57853
4.44332
6.57853
4.44332
6.57853
6.57853
4.44332
6.57853
4.44332
6.57853
4.44332
6.57853
4.44332
6.57853
4.44332
6.57853
4.44332
6.57853
4.44332
6.57853
4.44332
6.57853
4.44332
6.57853
4.44332
6.57853
4.44332
6.57853
4.44332
6.57853
4.44332
6.57853
6.57853
4.44332
6.57853
4.44332
6.57853
4.44332
6.57853
4.44332
6.57853
4.44332
6.57853
4.44332
6.57853
4.44332
6.57853
4.44332
6.57853
4.44332
6.57853
6.57853
4.44332
6.57853
4.44332
6.57853
4.44332
6.57853
4.44332
6.57853
4.44332
6.57853
4.44332
6.57853
4.44332
6.57853
4.44332
6.57853
6.57853
4.44332
6.57853
4.44332
6.57853
4.44332
6.57853
4.44332
6.57853
4.44332
6.57853
4.44332
6.57853
4.44332
6.57853
6.57853
4.44332
6.57853
4.44332
6.57853
4.44332
6.57853
4.44332
6.57853
4.44332
6.57853
4.44332
6.57853
4.44332
6.57853
6.57853
4.44332
6.57853
4.44332
6.57853
4.44332
6.57853
4.44332
6.57853
4.44332
6.57853
4.44332
6.57853
4.44332
6.57853
4.44332
6.57853
4.44332
6.57853
4.44332
6.57853
4.44332
6.57853
4.44332
6.57853
4.44332
6.57853
4.44332
6.57853
4.44332
6.57853
4.44332
6.57853
4.44332
6.57853
4.44332
6.57853
4.44332
6.57853
6.57853
4.44332
6.57853
4.44332
6.57853
4.44332
6.57853
4.44332
6.57853
4.44332
6.57853
4.44332
6.57853
4.44332
6.57853
4.44332
6.57853
4.44332
6.57853
4.44332
6.57853
4.44332
6.57853
4.44332
6.57853
4.44332
6.57853
4.44332
6.57853
6.57853
4.44332
6.57853
4.44332
6.57853
4.44332
6.57853
4.44332
6.57853
4.44332
6.57853
4.44332
6.57853
4.44332
6.57853
4.44332
6.57853
4.44332
6.57853
4.44332
6.57853
4.44332
6.57853
4.44332
6.57853
4.44332
6.57853
4.44332
6.57853
4.44332
6.57853
4.44332
6.57853
6.57853
4.44332
6.57853
4.44332
6.57853
4.44332
6.57853
4.44332
6.57853
4.44332
6.57853
4.44332
6.57853
4.44332
6.57853
4.44332
6.57853
4.44332
6.57853
4.44332
6.57853
6.57853
4.44332
6.57853
4.44332
6.57853
4.44332
6.57853
4.44332
6.57853
4.44332
6.57853
4.44332
6.57853
4.44332
6.57853
4.44332
6.57853
4.44332
6.57853
4.44332
6.57853
4.44332
6.57853
4.44332
6.57853
4.44332
6.57853
6.57853
4.44332
6.57853
4.44332
6.57853
4.44332
6.57853
4.44332
6.57853
4.44332
6.57853
4.44332
6.57853
4.44332
6.57853
4.44332
6.57853
4.44332
6.57853
4.44332
6.57853
4.44332
6.57853
4.44332
6.57853
4.44332
6.57853
4.44332
6.57853
4.44332
6.57853
4.44332
6.57853
4.44332
6.57853
4.44332
6.57853
4.44332
6.57853
4.44332
6.57853
4.44332
6.57853
4.44332
6.57853
4.44332
6.57853
6.57853
4.44332
6.57853
4.44332
6.57853
4.44332
6.57853
4.44332
6.57853
4.44332
6.57853
4.44332
6.57853
4.44332
6.57853
4.44332
6.57853
4.44332
6.57853
4.44332
6.57853
4.44332
6.57853
4.44332
6.57853
4.44332
6.57853
4.44332
6.57853
4.44332
6.57853
4.44332
6.57853
4.44332
6.57853
4.44332
6.57853
4.44332
6.57853
4.44332
6.57853
4.44332
6.57853
4.44332
6.57853
4.44332
6.57853
4.44332
6.57853
4.44332
6.57853
4.44332
6.57853
4.44332
6.57853
4.44332
6.57853
4.44332
6.57853
4.44332
6.57853
4.44332
6.57853
4.44332
6.57853
4.44332
6.57853
4.44332
6.57853
4.44332
6.57853
4.44332
6.57853
4.44332
6.57853
4.44332
6.57853
4.44332
6.57853
4.44332
6.57853
4.44332
6.57853
4.44332
6.57853
4.44332
6.57853
4.44332
6.57853
4.44332
6.57853
4.44332
6.57853
4.44332
6.57853
4.44332
6.57853
4.44332
6.57853
4.44332
6.57853
4.44332
6.57853
4.44332
6.57853
4.44332
6.57853
4.44332
6.57853
4.44332
6.57853
4.44332
6.57853
4.44332
6.57853
4.44332
6.57853
4.44332
6.57853
4.44332
6.57853
6.57853
4.44332
6.57853
4.44332
6.57853
4.44332
6.57853
4.44332
6.57853
4.44332
6.57853
4.44332
6.57853
4.44332
6.57853
4.44332
6.57853
4.44332
6.57853
4.44332
6.57853
4.44332
6.57853
4.44332
6.57853
4.44332
6.57853
4.44332
6.57853
4.44332
6.57853
4.44332
6.57853
4.44332
6.57853
4.44332
6.57853
4.44332
6.57853
4.44332
6.57853
4.44332
6.57853
4.44332
6.57853
4.44332
6.57853
4.44332
6.57853
4.44332
6.57853
4.44332
6.57853
4.44332
6.57853
4.44332
6.57853
4.44332
6.57853
4.44332
6.57853
4.44332
6.57853
4.44332
6.57853
4.44332
6.57853
4.44332
6.57853
4.44332
6.57853
4.44332
6.57853
4.44332
4.44332
6.57853
6.57853
4.44332
6.57853
4.44332
6.57853
4.44332
4.44332
4.44332
4.44332
4.44332
4.44332
4.44332
6.57853
4.44332
6.57853
6.57853
4.44332
4.44332
6.57853
4.44332
6.57853
4.44332
6.57853
4.44332
6.57853
6.57853
4.44332
6.57853
4.44332
4.44332
6.57853
6.57853
4.44332
4.44332
6.57853
6.57853
4.44332
6.57853
4.44332
6.57853
4.44332
6.57853
4.44332
4.44332
6.57853
6.57853
4.44332
4.44332
6.57853
4.44332
6.57853
4.44332
6.57853
6.57853
4.44332
6.57853
4.44332
6.57853
4.44332
6.57853
4.44332
4.44332
6.57853
4.44332
4.44332
6.57853
4.44332
4.44332
4.44332
6.57853
4.44332
6.57853
4.44332
6.57853
4.44332
6.57853
4.44332
6.57853
4.44332
6.57853
4.44332
6.57853
4.44332
6.57853
4.44332
6.57853
4.44332
4.44332
6.57853
6.57853
4.44332
6.57853
4.44332
6.57853
4.44332
6.57853
4.44332
6.57853
4.44332
6.57853
4.44332
6.57853
4.44332
6.57853
4.44332
6.57853
4.44332
6.57853
4.44332
6.57853
6.57853
6.57853
4.44332
6.57853
4.44332
6.57853
4.44332
6.57853
4.44332
6.57853
4.44332
6.57853
4.44332
6.57853
4.44332
6.57853
4.44332
6.57853
4.44332
6.57853
4.44332
6.57853
4.44332
6.57853
4.44332
6.57853
4.44332
6.57853
4.44332
6.57853
4.44332
6.57853
4.44332
6.57853
4.44332
6.57853
4.44332
6.57853
4.44332
6.57853
4.44332
6.57853
4.44332
6.57853
6.57853
6.57853
6.57853
4.44332
6.57853
4.44332
6.57853
6.57853
6.57853
4.44332
6.57853
4.44332
6.57853
4.44332
6.57853
4.44332
6.57853
4.44332
6.57853
4.44332
6.57853
4.44332
6.57853
4.44332
6.57853
4.44332
6.57853
4.44332
6.57853
4.44332
6.57853
4.44332
6.57853
4.44332
6.57853
4.44332
6.57853
4.44332
6.57853
4.44332
6.57853
6.57853
6.57853
4.44332
6.57853
4.44332
6.57853
4.44332
6.57853
4.44332
6.57853
6.57853
4.44332
6.57853
4.44332
6.57853
4.44332
6.57853
4.44332
6.57853
4.44332
6.57853
4.44332
6.57853
4.44332
6.57853
4.44332
4.44332
6.57853
4.44332
6.57853
4.44332
6.57853
4.44332
6.57853
6.57853
4.44332
6.57853
4.44332
6.57853
4.44332
6.57853
4.44332
6.57853
4.44332
6.57853
4.44332
6.57853
4.44332
6.57853
4.44332
6.57853
6.57853
6.57853
4.44332
6.57853
4.44332
6.57853
4.44332
6.57853
4.44332
6.57853
4.44332
6.57853
4.44332
6.57853
4.44332
6.57853
4.44332
6.57853
4.44332
6.57853
4.44332
6.57853
4.44332
6.57853
4.44332
6.57853
4.44332
6.57853
4.44332
6.57853
4.44332
6.57853
4.44332
6.57853
4.44332
6.57853
4.44332
6.57853
6.57853
4.44332
4.44332
6.57853
6.57853
6.57853
6.57853
4.44332
6.57853
4.44332
6.57853
4.44332
6.57853
4.44332
6.57853
4.44332
6.57853
4.44332
6.57853
4.44332
6.57853
4.44332
6.57853
4.44332
6.57853
4.44332
6.57853
4.44332
6.57853
4.44332
6.57853
4.44332
6.57853
4.44332
6.57853
4.44332
4.44332
4.44332
6.57853
4.44332
6.57853
4.44332
6.57853
4.44332
6.57853
4.44332
6.57853
4.44332
6.57853
4.44332
6.57853
4.44332
6.57853
4.44332
6.57853
4.44332
6.57853
6.57853
4.44332
6.57853
4.44332
6.57853
4.44332
6.57853
4.44332
4.44332
6.57853
6.57853
4.44332
6.57853
6.57853
4.44332
6.57853
4.44332
4.44332
6.57853
4.44332
6.57853
4.44332
4.44332
4.44332
4.44332
4.44332
4.44332
4.44332
4.44332
4.44332
4.44332
4.44332
6.57853
4.44332
6.57853
4.44332
6.57853
4.44332
6.57853
4.44332
6.57853
4.44332
6.57853
4.44332
6.57853
4.44332
6.57853
6.57853
4.44332
6.57853
4.44332
6.57853
4.44332
6.57853
4.44332
6.57853
4.44332
6.57853
4.44332
6.57853
6.57853
4.44332
6.57853
4.44332
6.57853
6.57853
6.57853
4.44332
4.44332
6.57853
4.44332
6.57853
4.44332
6.57853
6.57853
4.44332
6.57853
4.44332
6.57853
4.44332
6.57853
4.44332
6.57853
4.44332
6.57853
4.44332
6.57853
4.44332
6.57853
4.44332
6.57853
4.44332
6.57853
4.44332
6.57853
4.44332
6.57853
4.44332
6.57853
4.44332
6.57853
4.44332
6.57853
6.57853
6.57853
4.44332
6.57853
4.44332
6.57853
4.44332
6.57853
4.44332
6.57853
4.44332
6.57853
4.44332
6.57853
4.44332
6.57853
4.44332
6.57853
4.44332
6.57853
4.44332
6.57853
4.44332
6.57853
4.44332
6.57853
6.57853
4.44332
4.44332
6.57853
4.44332
6.57853
4.44332
6.57853
6.57853
6.57853
4.44332
6.57853
4.44332
6.57853
4.44332
6.57853
4.44332
6.57853
4.44332
6.57853
4.44332
6.57853
4.44332
6.57853
4.44332
6.57853
4.44332
6.57853
4.44332
6.57853
4.44332
6.57853
4.44332
6.57853
4.44332
6.57853
4.44332
6.57853
4.44332
6.57853
4.44332
6.57853
6.57853
6.57853
4.44332
6.57853
4.44332
6.57853
4.44332
6.57853
6.57853
6.57853
4.44332
6.57853
4.44332
6.57853
4.44332
6.57853
4.44332
6.57853
4.44332
6.57853
4.44332
6.57853
4.44332
6.57853
4.44332
6.57853
4.44332
6.57853
4.44332
6.57853
4.44332
6.57853
6.57853
4.44332
4.44332
6.57853
4.44332
6.57853
6.57853
4.44332
6.57853
4.44332
6.57853
4.44332
6.57853
4.44332
6.57853
4.44332
6.57853
4.44332
6.57853
6.57853
6.57853
4.44332
6.57853
4.44332
6.57853
4.44332
6.57853
4.44332
6.57853
4.44332
6.57853
4.44332
6.57853
4.44332
6.57853
4.44332
6.57853
4.44332
6.57853
4.44332
6.57853
4.44332
6.57853
4.44332
6.57853
4.44332
6.57853
4.44332
6.57853
4.44332
6.57853
4.44332
6.57853
4.44332
6.57853
6.57853
4.44332
4.44332
6.57853
6.57853
4.44332
6.57853
4.44332
6.57853
4.44332
6.57853
4.44332
6.57853
4.44332
6.57853
4.44332
6.57853
4.44332
6.57853
4.44332
6.57853
4.44332
6.57853
4.44332
6.57853
4.44332
6.57853
4.44332
6.57853
4.44332
6.57853
4.44332
6.57853
4.44332
6.57853
4.44332
4.44332
4.44332
4.44332
4.44332
6.57853
4.44332
6.57853
4.44332
6.57853
4.44332
6.57853
6.57853
4.44332
4.44332
6.57853
4.44332
6.57853
4.44332
6.57853
6.57853
6.57853
6.57853
6.57853
4.44332
6.57853
4.44332
6.57853
4.44332
6.57853
4.44332
6.57853
4.44332
6.57853
4.44332
6.57853
4.44332
6.57853
4.44332
6.57853
4.44332
6.57853
4.44332
6.57853
4.44332
6.57853
4.44332
4.44332
4.44332
6.57853
4.44332
4.44332
4.44332
6.57853
6.57853
6.57853
4.44332
6.57853
6.57853
4.44332
6.57853
4.44332
6.57853
6.57853
6.57853
4.44332
6.57853
4.44332
6.57853
4.44332
6.57853
4.44332
6.57853
4.44332
6.57853
4.44332
6.57853
4.44332
6.57853
4.44332
6.57853
4.44332
6.57853
4.44332
6.57853
4.44332
6.57853
4.44332
6.57853
4.44332
6.57853
4.44332
6.57853
4.44332
6.57853
4.44332
6.57853
4.44332
6.57853
4.44332
6.57853
4.44332
6.57853
4.44332
6.57853
6.57853
4.44332
6.57853
4.44332
6.57853
4.44332
6.57853
4.44332
6.57853
4.44332
6.57853
4.44332
6.57853
4.44332
6.57853
4.44332
6.57853
4.44332
6.57853
4.44332
6.57853
4.44332
6.57853
4.44332
6.57853
4.44332
6.57853
4.44332
6.57853
4.44332
6.57853
4.44332
6.57853
4.44332
6.57853
4.44332
6.57853
4.44332
4.44332
6.57853
6.57853
4.44332
6.57853
6.57853
6.57853
4.44332
6.57853
4.44332
4.44332
6.57853
6.57853
4.44332
6.57853
4.44332
6.57853
4.44332
6.57853
6.57853
6.57853
4.44332
6.57853
4.44332
6.57853
4.44332
6.57853
4.44332
6.57853
4.44332
6.57853
4.44332
6.57853
4.44332
6.57853
4.44332
6.57853
4.44332
6.57853
4.44332
4.44332
6.57853
4.44332
6.57853
4.44332
6.57853
4.44332
6.57853
4.44332
6.57853
4.44332
6.57853
4.44332
6.57853
4.44332
6.57853
4.44332
6.57853
4.44332
6.57853
4.44332
6.57853
4.44332
6.57853
4.44332
6.57853
4.44332
6.57853
4.44332
6.57853
4.44332
6.57853
4.44332
6.57853
4.44332
6.57853
4.44332
6.57853
4.44332
6.57853
4.44332
6.57853
4.44332
6.57853
4.44332
4.44332
4.44332
4.44332
4.44332
6.57853
4.44332
6.57853
4.44332
6.57853
4.44332
6.57853
4.44332
6.57853
4.44332
6.57853
4.44332
6.57853
6.57853
6.57853
4.44332
6.57853
6.57853
6.57853
4.44332
6.57853
6.57853
4.44332
4.44332
6.57853
4.44332
6.57853
6.57853
4.44332
6.57853
4.44332
6.57853
4.44332
6.57853
4.44332
6.57853
4.44332
6.57853
4.44332
6.57853
4.44332
6.57853
4.44332
6.57853
4.44332
6.57853
4.44332
6.57853
4.44332
6.57853
4.44332
6.57853
4.44332
6.57853
4.44332
6.57853
4.44332
6.57853
4.44332
6.57853
4.44332
6.57853
4.44332
6.57853
4.44332
4.44332
4.44332
6.57853
4.44332
6.57853
4.44332
6.57853
6.57853
6.57853
4.44332
6.57853
4.44332
6.57853
6.57853
4.44332
4.44332
4.44332
6.57853
4.44332
6.57853
6.57853
6.57853
6.57853
6.57853
6.57853
6.57853
4.44332
4.44332
4.44332
6.57853
4.44332
6.57853
6.57853
6.57853
4.44332
6.57853
4.44332
4.44332
6.57853
6.57853
4.44332
4.44332
4.44332
6.57853
4.44332
6.57853
6.57853
6.57853
4.44332
4.44332
4.44332
6.57853
4.44332
4.44332
4.44332
6.57853
4.44332
4.44332
4.44332
6.57853
4.44332
6.57853
4.44332
6.57853
4.44332
6.57853
6.57853
4.44332
4.44332
6.57853
4.44332
6.57853
4.44332
6.57853
6.57853
4.44332
6.57853
6.57853
4.44332
6.57853
4.44332
6.57853
4.44332
6.57853
4.44332
6.57853
4.44332
6.57853
4.44332
6.57853
4.44332
6.57853
6.57853
4.44332
6.57853
4.44332
6.57853
4.44332
6.57853
4.44332
6.57853
4.44332
6.57853
4.44332
6.57853
4.44332
6.57853
4.44332
6.57853
4.44332
6.57853
4.44332
6.57853
4.44332
6.57853
4.44332
6.57853
4.44332
6.57853
4.44332
6.57853
4.44332
6.57853
4.44332
6.57853
4.44332
6.57853
4.44332
6.57853
4.44332
6.57853
4.44332
6.57853
4.44332
6.57853
4.44332
6.57853
4.44332
6.57853
4.44332
6.57853
4.44332
6.57853
4.44332
6.57853
4.44332
6.57853
4.44332
6.57853
4.44332
6.57853
4.44332
6.57853
4.44332
6.57853
4.44332
6.57853
4.44332
6.57853
4.44332
6.57853
4.44332
6.57853
4.44332
6.57853
4.44332
6.57853
4.44332
6.57853
4.44332
6.57853
4.44332
6.57853
4.44332
6.57853
4.44332
6.57853
4.44332
6.57853
4.44332
6.57853
4.44332
6.57853
4.44332
6.57853
4.44332
4.44332
4.44332
6.57853
4.44332
4.44332
6.57853
6.57853
6.57853
4.44332
6.57853
4.44332
6.57853
6.57853
6.57853
4.44332
4.44332
4.44332
6.57853
4.44332
6.57853
6.57853
4.44332
4.44332
6.57853
4.44332
6.57853
4.44332
6.57853
4.44332
6.57853
4.44332
6.57853
4.44332
6.57853
4.44332
6.57853
4.44332
6.57853
4.44332
6.57853
4.44332
6.57853
4.44332
6.57853
4.44332
6.57853
4.44332
6.57853
4.44332
6.57853
4.44332
6.57853
4.44332
6.57853
4.44332
6.57853
4.44332
6.57853
4.44332
6.57853
4.44332
6.57853
4.44332
6.57853
4.44332
6.57853
4.44332
6.57853
4.44332
6.57853
4.44332
6.57853
6.57853
6.57853
6.57853
6.57853
6.57853
6.57853
6.57853
6.57853
6.57853
6.57853
6.57853
6.57853
6.57853
6.57853
6.57853
6.57853
4.44332
6.57853
4.44332
6.57853
4.44332
6.57853
6.57853
6.57853
4.44332
6.57853
4.44332
6.57853
4.44332
6.57853
4.44332
4.44332
4.44332
6.57853
4.44332
6.57853
4.44332
4.44332
4.44332
4.44332
4.44332
6.57853
4.44332
4.44332
4.44332
6.57853
4.44332
6.57853
4.44332
6.57853
4.44332
4.44332
4.44332
6.57853
4.44332
6.57853
6.57853
6.57853
4.44332
6.57853
4.44332
6.57853
4.44332
6.57853
4.44332
6.57853
4.44332
6.57853
6.57853
4.44332
6.57853
4.44332
4.44332
6.57853
6.57853
6.57853
6.57853
4.44332
4.44332
6.57853
4.44332
6.57853
4.44332
4.44332
4.44332
6.57853
4.44332
6.57853
4.44332
4.44332
4.44332
6.57853
4.44332
4.44332
6.57853
4.44332
6.57853
4.44332
6.57853
6.57853
6.57853
4.44332
6.57853
6.57853
6.57853
4.44332
6.57853
4.44332
6.57853
4.44332
6.57853
4.44332
4.44332
6.57853
6.57853
4.44332
6.57853
4.44332
6.57853
4.44332
6.57853
4.44332
4.44332
4.44332
6.57853
4.44332
4.44332
4.44332
6.57853
4.44332
6.57853
4.44332
6.57853
6.57853
6.57853
4.44332
6.57853
4.44332
6.57853
4.44332
6.57853
4.44332
6.57853
4.44332
6.57853
4.44332
6.57853
6.57853
4.44332
4.44332
6.57853
4.44332
6.57853
4.44332
6.57853
4.44332
6.57853
4.44332
4.44332
4.44332
6.57853
4.44332
4.44332
4.44332
6.57853
4.44332
6.57853
4.44332
6.57853
4.44332
6.57853
4.44332
4.44332
4.44332
6.57853
4.44332
6.57853
6.57853
4.44332
6.57853
4.44332
6.57853
4.44332
4.44332
4.44332
6.57853
4.44332
4.44332
4.44332
6.57853
4.44332
6.57853
4.44332
6.57853
4.44332
6.57853
6.57853
6.57853
4.44332
6.57853
4.44332
6.57853
4.44332
6.57853
4.44332
6.57853
4.44332
4.44332
4.44332
6.57853
4.44332
4.44332
4.44332
6.57853
4.44332
6.57853
4.44332
6.57853
4.44332
6.57853
6.57853
6.57853
4.44332
6.57853
4.44332
6.57853
4.44332
6.57853
4.44332
6.57853
4.44332
6.57853
6.57853
6.57853
6.57853
4.44332
6.57853
6.57853
6.57853
4.44332
6.57853
4.44332
4.44332
6.57853
4.44332
6.57853
6.57853
6.57853
4.44332
6.57853
4.44332
4.44332
4.44332
6.57853
4.44332
6.57853
4.44332
6.57853
4.44332
4.44332
4.44332
6.57853
4.44332
4.44332
4.44332
6.57853
6.57853
4.44332
4.44332
6.57853
6.57853
4.44332
6.57853
6.57853
4.44332
4.44332
4.44332
6.57853
6.57853
4.44332
6.57853
4.44332
6.57853
4.44332
6.57853
4.44332
6.57853
4.44332
6.57853
4.44332
6.57853
4.44332
6.57853
4.44332
6.57853
4.44332
6.57853
4.44332
6.57853
4.44332
6.57853
4.44332
6.57853
4.44332
6.57853
4.44332
6.57853
4.44332
4.44332
4.44332
6.57853
4.44332
6.57853
4.44332
6.57853
4.44332
6.57853
6.57853
4.44332
6.57853
4.44332
6.57853
6.57853
6.57853
4.44332
6.57853
6.57853
6.57853
4.44332
6.57853
4.44332
6.57853
4.44332
6.57853
6.57853
6.57853
4.44332
6.57853
4.44332
6.57853
4.44332
6.57853
4.44332
6.57853
4.44332
6.57853
4.44332
6.57853
4.44332
6.57853
4.44332
6.57853
4.44332
6.57853
4.44332
6.57853
4.44332
4.44332
6.57853
4.44332
6.57853
4.44332
6.57853
4.44332
6.57853
6.57853
6.57853
6.57853
6.57853
4.44332
4.44332
4.44332
6.57853
4.44332
6.57853
4.44332
4.44332
4.44332
6.57853
4.44332
6.57853
4.44332
6.57853
4.44332
6.57853
4.44332
6.57853
4.44332
6.57853
4.44332
6.57853
4.44332
6.57853
4.44332
6.57853
4.44332
6.57853
6.57853
6.57853
4.44332
4.44332
4.44332
6.57853
4.44332
6.57853
6.57853
4.44332
4.44332
6.57853
6.57853
4.44332
6.57853
4.44332
4.44332
6.57853
4.44332
6.57853
4.44332
6.57853
6.57853
4.44332
6.57853
4.44332
6.57853
4.44332
6.57853
4.44332
6.57853
4.44332
6.57853
4.44332
6.57853
4.44332
6.57853
4.44332
6.57853
4.44332
6.57853
4.44332
6.57853
4.44332
6.57853
4.44332
6.57853
4.44332
6.57853
4.44332
6.57853
6.57853
6.57853
4.44332
6.57853
4.44332
6.57853
4.44332
6.57853
6.57853
6.57853
4.44332
4.44332
4.44332
6.57853
4.44332
6.57853
4.44332
6.57853
4.44332
4.44332
4.44332
6.57853
4.44332
6.57853
4.44332
6.57853
4.44332
6.57853
4.44332
6.57853
4.44332
6.57853
6.57853
6.57853
6.57853
6.57853
6.57853
4.44332
4.44332
6.57853
4.44332
6.57853
4.44332
4.44332
4.44332
6.57853
4.44332
4.44332
4.44332
6.57853
4.44332
6.57853
4.44332
6.57853
4.44332
6.57853
4.44332
6.57853
6.57853
6.57853
4.44332
4.44332
6.57853
6.57853
4.44332
6.57853
4.44332
6.57853
4.44332
4.44332
4.44332
6.57853
4.44332
4.44332
4.44332
6.57853
4.44332
6.57853
4.44332
6.57853
4.44332
6.57853
6.57853
4.44332
4.44332
6.57853
6.57853
4.44332
4.44332
6.57853
4.44332
6.57853
4.44332
6.57853
6.57853
6.57853
4.44332
6.57853
4.44332
4.44332
4.44332
6.57853
4.44332
6.57853
4.44332
6.57853
4.44332
6.57853
4.44332
4.44332
4.44332
6.57853
4.44332
4.44332
4.44332
6.57853
4.44332
6.57853
4.44332
6.57853
4.44332
6.57853
4.44332
4.44332
4.44332
6.57853
4.44332
6.57853
6.57853
4.44332
6.57853
4.44332
6.57853
4.44332
6.57853
6.57853
6.57853
4.44332
6.57853
6.57853
6.57853
4.44332
6.57853
4.44332
6.57853
4.44332
6.57853
4.44332
6.57853
4.44332
4.44332
4.44332
6.57853
6.57853
6.57853
4.44332
6.57853
4.44332
6.57853
4.44332
6.57853
6.57853
6.57853
4.44332
6.57853
4.44332
4.44332
4.44332
6.57853
6.57853
4.44332
4.44332
6.57853
4.44332
6.57853
6.57853
4.44332
4.44332
6.57853
6.57853
4.44332
6.57853
6.57853
6.57853
4.44332
6.57853
4.44332
6.57853
4.44332
6.57853
4.44332
6.57853
4.44332
4.44332
4.44332
6.57853
4.44332
6.57853
4.44332
6.57853
4.44332
4.44332
6.57853
6.57853
4.44332
6.57853
4.44332
6.57853
4.44332
4.44332
4.44332
4.44332
4.44332
6.57853
4.44332
6.57853
4.44332
6.57853
6.57853
6.57853
4.44332
6.57853
4.44332
6.57853
6.57853
6.57853
4.44332
6.57853
6.57853
4.44332
4.44332
6.57853
4.44332
6.57853
4.44332
6.57853
4.44332
6.57853
4.44332
6.57853
4.44332
6.57853
4.44332
6.57853
4.44332
6.57853
4.44332
6.57853
4.44332
6.57853
4.44332
6.57853
4.44332
6.57853
4.44332
6.57853
4.44332
6.57853
4.44332
4.44332
4.44332
6.57853
4.44332
6.57853
4.44332
6.57853
4.44332
6.57853
4.44332
6.57853
4.44332
6.57853
6.57853
4.44332
6.57853
4.44332
4.44332
6.57853
4.44332
6.57853
4.44332
6.57853
4.44332
6.57853
4.44332
4.44332
4.44332
6.57853
4.44332
6.57853
6.57853
6.57853
4.44332
6.57853
6.57853
6.57853
6.57853
6.57853
4.44332
4.44332
4.44332
6.57853
6.57853
6.57853
6.57853
4.44332
6.57853
4.44332
6.57853
4.44332
6.57853
4.44332
6.57853
4.44332
6.57853
4.44332
6.57853
4.44332
6.57853
6.57853
6.57853
4.44332
6.57853
4.44332
6.57853
4.44332
6.57853
4.44332
6.57853
4.44332
6.57853
4.44332
6.57853
4.44332
4.44332
4.44332
4.44332
4.44332
4.44332
4.44332
6.57853
4.44332
6.57853
4.44332
6.57853
4.44332
6.57853
4.44332
6.57853
4.44332
6.57853
4.44332
6.57853
4.44332
6.57853
4.44332
6.57853
4.44332
6.57853
4.44332
4.44332
4.44332
6.57853
4.44332
6.57853
4.44332
6.57853
4.44332
4.44332
4.44332
6.57853
4.44332
6.57853
4.44332
6.57853
6.57853
6.57853
4.44332
4.44332
4.44332
6.57853
4.44332
6.57853
4.44332
6.57853
4.44332
6.57853
4.44332
6.57853
6.57853
6.57853
4.44332
4.44332
6.57853
6.57853
4.44332
4.44332
6.57853
4.44332
6.57853
6.57853
6.57853
4.44332
4.44332
4.44332
4.44332
4.44332
6.57853
4.44332
6.57853
4.44332
6.57853
4.44332
6.57853
4.44332
4.44332
6.57853
4.44332
4.44332
4.44332
6.57853
6.57853
4.44332
6.57853
4.44332
6.57853
4.44332
4.44332
4.44332
6.57853
4.44332
4.44332
6.57853
6.57853
4.44332
6.57853
4.44332
6.57853
6.57853
4.44332
6.57853
6.57853
4.44332
4.44332
4.44332
4.44332
4.44332
4.44332
6.57853
4.44332
6.57853
4.44332
4.44332
4.44332
6.57853
4.44332
6.57853
6.57853
6.57853
4.44332
6.57853
4.44332
6.57853
4.44332
6.57853
4.44332
6.57853
6.57853
4.44332
4.44332
6.57853
4.44332
6.57853
4.44332
6.57853
4.44332
6.57853
6.57853
6.57853
4.44332
6.57853
4.44332
6.57853
4.44332
6.57853
4.44332
6.57853
4.44332
6.57853
4.44332
6.57853
4.44332
4.44332
4.44332
6.57853
4.44332
6.57853
6.57853
6.57853
4.44332
6.57853
4.44332
6.57853
4.44332
6.57853
4.44332
6.57853
6.57853
4.44332
4.44332
6.57853
6.57853
6.57853
4.44332
6.57853
4.44332
6.57853
4.44332
4.44332
4.44332
6.57853
4.44332
6.57853
6.57853
4.44332
6.57853
4.44332
6.57853
6.57853
4.44332
4.44332
6.57853
4.44332
6.57853
4.44332
6.57853
6.57853
6.57853
4.44332
6.57853
4.44332
6.57853
4.44332
6.57853
6.57853
6.57853
4.44332
6.57853
4.44332
6.57853
4.44332
6.57853
4.44332
6.57853
4.44332
4.44332
4.44332
6.57853
6.57853
4.44332
6.57853
4.44332
6.57853
4.44332
6.57853
4.44332
4.44332
4.44332
6.57853
6.57853
4.44332
4.44332
6.57853
4.44332
6.57853
4.44332
4.44332
6.57853
6.57853
6.57853
6.57853
4.44332
6.57853
4.44332
6.57853
4.44332
4.44332
4.44332
6.57853
4.44332
6.57853
4.44332
6.57853
4.44332
6.57853
4.44332
6.57853
4.44332
6.57853
6.57853
6.57853
6.57853
6.57853
6.57853
6.57853
4.44332
6.57853
4.44332
6.57853
4.44332
6.57853
6.57853
6.57853
4.44332
6.57853
4.44332
6.57853
4.44332
6.57853
4.44332
6.57853
4.44332
6.57853
4.44332
4.44332
4.44332
4.44332
4.44332
4.44332
4.44332
6.57853
4.44332
6.57853
4.44332
4.44332
4.44332
4.44332
4.44332
6.57853
4.44332
6.57853
4.44332
6.57853
4.44332
6.57853
4.44332
6.57853
6.57853
6.57853
4.44332
6.57853
4.44332
6.57853
4.44332
6.57853
4.44332
6.57853
6.57853
6.57853
4.44332
6.57853
4.44332
6.57853
4.44332
6.57853
4.44332
6.57853
4.44332
4.44332
4.44332
6.57853
4.44332
6.57853
4.44332
6.57853
4.44332
6.57853
4.44332
6.57853
4.44332
4.44332
4.44332
4.44332
4.44332
6.57853
4.44332
6.57853
4.44332
6.57853
4.44332
6.57853
4.44332
6.57853
4.44332
6.57853
4.44332
6.57853
4.44332
6.57853
6.57853
4.44332
6.57853
4.44332
6.57853
4.44332
6.57853
4.44332
6.57853
4.44332
6.57853
4.44332
6.57853
6.57853
6.57853
4.44332
6.57853
4.44332
6.57853
4.44332
6.57853
6.57853
4.44332
6.57853
4.44332
6.57853
4.44332
6.57853
4.44332
4.44332
4.44332
6.57853
4.44332
6.57853
4.44332
6.57853
4.44332
6.57853
6.57853
6.57853
4.44332
6.57853
4.44332
6.57853
4.44332
6.57853
4.44332
6.57853
4.44332
6.57853
6.57853
6.57853
6.57853
4.44332
6.57853
4.44332
6.57853
4.44332
6.57853
4.44332
6.57853
4.44332
6.57853
6.57853
6.57853
4.44332
6.57853
4.44332
6.57853
4.44332
4.44332
4.44332
6.57853
4.44332
6.57853
4.44332
6.57853
4.44332
6.57853
4.44332
6.57853
4.44332
6.57853
4.44332
6.57853
4.44332
6.57853
4.44332
4.44332
6.57853
4.44332
6.57853
4.44332
4.44332
4.44332
6.57853
6.57853
6.57853
4.44332
6.57853
4.44332
6.57853
4.44332
6.57853
4.44332
6.57853
4.44332
6.57853
4.44332
6.57853
6.57853
6.57853
4.44332
6.57853
6.57853
4.44332
6.57853
4.44332
6.57853
4.44332
6.57853
6.57853
6.57853
4.44332
6.57853
4.44332
6.57853
4.44332
6.57853
4.44332
6.57853
4.44332
6.57853
4.44332
6.57853
4.44332
6.57853
4.44332
4.44332
4.44332
6.57853
4.44332
6.57853
4.44332
6.57853
6.57853
6.57853
6.57853
4.44332
6.57853
4.44332
6.57853
4.44332
6.57853
4.44332
6.57853
4.44332
6.57853
4.44332
6.57853
4.44332
6.57853
4.44332
4.44332
4.44332
6.57853
4.44332
6.57853
4.44332
6.57853
4.44332
4.44332
4.44332
6.57853
4.44332
6.57853
4.44332
6.57853
6.57853
4.44332
6.57853
4.44332
6.57853
4.44332
6.57853
4.44332
4.44332
4.44332
6.57853
4.44332
6.57853
4.44332
6.57853
4.44332
6.57853
4.44332
4.44332
4.44332
6.57853
4.44332
6.57853
4.44332
6.57853
4.44332
6.57853
6.57853
6.57853
4.44332
6.57853
4.44332
6.57853
4.44332
4.44332
6.57853
4.44332
6.57853
4.44332
6.57853
4.44332
6.57853
4.44332
6.57853
4.44332
6.57853
4.44332
6.57853
4.44332
6.57853
4.44332
6.57853
4.44332
6.57853
4.44332
6.57853
4.44332
6.57853
4.44332
6.57853
4.44332
6.57853
6.57853
4.44332
6.57853
4.44332
6.57853
4.44332
6.57853
4.44332
6.57853
4.44332
6.57853
4.44332
6.57853
4.44332
6.57853
6.57853
6.57853
4.44332
6.57853
4.44332
6.57853
4.44332
6.57853
6.57853
6.57853
6.57853
4.44332
6.57853
4.44332
6.57853
4.44332
6.57853
4.44332
6.57853
4.44332
6.57853
6.57853
6.57853
4.44332
6.57853
4.44332
4.44332
6.57853
6.57853
4.44332
6.57853
4.44332
6.57853
6.57853
6.57853
4.44332
6.57853
4.44332
6.57853
4.44332
6.57853
4.44332
6.57853
4.44332
6.57853
4.44332
6.57853
4.44332
6.57853
6.57853
4.44332
6.57853
4.44332
4.44332
4.44332
6.57853
4.44332
6.57853
4.44332
6.57853
4.44332
4.44332
4.44332
6.57853
4.44332
6.57853
4.44332
6.57853
4.44332
6.57853
4.44332
6.57853
4.44332
6.57853
4.44332
6.57853
4.44332
6.57853
4.44332
6.57853
4.44332
6.57853
6.57853
4.44332
6.57853
4.44332
6.57853
4.44332
6.57853
4.44332
6.57853
4.44332
6.57853
4.44332
6.57853
4.44332
6.57853
4.44332
6.57853
4.44332
6.57853
4.44332
6.57853
4.44332
6.57853
4.44332
6.57853
4.44332
6.57853
6.57853
4.44332
6.57853
4.44332
6.57853
4.44332
6.57853
4.44332
6.57853
6.57853
6.57853
4.44332
6.57853
4.44332
6.57853
4.44332
6.57853
4.44332
6.57853
4.44332
6.57853
4.44332
6.57853
6.57853
4.44332
6.57853
6.57853
6.57853
4.44332
6.57853
4.44332
6.57853
4.44332
6.57853
6.57853
6.57853
4.44332
6.57853
4.44332
6.57853
4.44332
6.57853
6.57853
6.57853
4.44332
6.57853
4.44332
6.57853
4.44332
6.57853
4.44332
6.57853
4.44332
6.57853
4.44332
4.44332
4.44332
6.57853
4.44332
4.44332
6.57853
4.44332
6.57853
4.44332
6.57853
4.44332
4.44332
4.44332
6.57853
4.44332
6.57853
4.44332
6.57853
4.44332
6.57853
4.44332
6.57853
4.44332
6.57853
6.57853
6.57853
4.44332
6.57853
6.57853
6.57853
6.57853
4.44332
6.57853
4.44332
6.57853
4.44332
4.44332
4.44332
6.57853
4.44332
6.57853
4.44332
6.57853
4.44332
6.57853
4.44332
6.57853
4.44332
6.57853
6.57853
4.44332
6.57853
6.57853
6.57853
4.44332
6.57853
4.44332
6.57853
4.44332
6.57853
4.44332
6.57853
4.44332
6.57853
4.44332
6.57853
6.57853
6.57853
4.44332
6.57853
4.44332
6.57853
6.57853
4.44332
6.57853
4.44332
6.57853
6.57853
6.57853
4.44332
6.57853
4.44332
6.57853
4.44332
6.57853
4.44332
6.57853
4.44332
6.57853
6.57853
4.44332
4.44332
4.44332
6.57853
4.44332
6.57853
4.44332
6.57853
4.44332
6.57853
4.44332
6.57853
6.57853
6.57853
4.44332
6.57853
4.44332
6.57853
4.44332
6.57853
4.44332
6.57853
4.44332
4.44332
4.44332
6.57853
4.44332
6.57853
4.44332
6.57853
4.44332
6.57853
4.44332
6.57853
4.44332
6.57853
4.44332
6.57853
4.44332
6.57853
4.44332
6.57853
4.44332
6.57853
4.44332
6.57853
4.44332
6.57853
6.57853
6.57853
4.44332
6.57853
4.44332
6.57853
4.44332
6.57853
4.44332
6.57853
6.57853
4.44332
4.44332
4.44332
6.57853
4.44332
6.57853
4.44332
6.57853
4.44332
6.57853
4.44332
6.57853
6.57853
6.57853
4.44332
6.57853
4.44332
6.57853
4.44332
6.57853
4.44332
6.57853
6.57853
6.57853
4.44332
6.57853
6.57853
4.44332
6.57853
4.44332
4.44332
4.44332
6.57853
4.44332
6.57853
4.44332
6.57853
6.57853
6.57853
4.44332
6.57853
4.44332
6.57853
4.44332
6.57853
6.57853
4.44332
6.57853
4.44332
6.57853
4.44332
4.44332
4.44332
6.57853
4.44332
4.44332
4.44332
6.57853
4.44332
6.57853
4.44332
6.57853
6.57853
6.57853
4.44332
6.57853
4.44332
6.57853
6.57853
4.44332
6.57853
4.44332
6.57853
4.44332
6.57853
6.57853
6.57853
4.44332
6.57853
4.44332
4.44332
6.57853
4.44332
6.57853
4.44332
6.57853
4.44332
4.44332
4.44332
6.57853
4.44332
6.57853
4.44332
6.57853
4.44332
6.57853
4.44332
6.57853
4.44332
6.57853
4.44332
4.44332
6.57853
4.44332
6.57853
6.57853
6.57853
4.44332
6.57853
4.44332
6.57853
4.44332
6.57853
4.44332
6.57853
4.44332
6.57853
6.57853
6.57853
4.44332
6.57853
6.57853
4.44332
6.57853
4.44332
6.57853
4.44332
6.57853
6.57853
6.57853
4.44332
6.57853
4.44332
6.57853
4.44332
6.57853
4.44332
6.57853
6.57853
4.44332
6.57853
4.44332
6.57853
6.57853
6.57853
4.44332
6.57853
4.44332
6.57853
4.44332
6.57853
4.44332
6.57853
6.57853
6.57853
6.57853
4.44332
6.57853
4.44332
6.57853
4.44332
6.57853
4.44332
6.57853
4.44332
6.57853
4.44332
6.57853
6.57853
6.57853
4.44332
6.57853
6.57853
4.44332
6.57853
4.44332
6.57853
4.44332
6.57853
6.57853
6.57853
4.44332
6.57853
4.44332
6.57853
4.44332
6.57853
4.44332
6.57853
4.44332
6.57853
6.57853
4.44332
6.57853
6.57853
6.57853
4.44332
4.44332
4.44332
6.57853
4.44332
6.57853
4.44332
6.57853
4.44332
4.44332
4.44332
6.57853
4.44332
6.57853
4.44332
4.44332
4.44332
6.57853
6.57853
4.44332
6.57853
4.44332
6.57853
4.44332
6.57853
4.44332
6.57853
6.57853
6.57853
4.44332
6.57853
4.44332
6.57853
6.57853
4.44332
6.57853
4.44332
6.57853
4.44332
6.57853
4.44332
6.57853
4.44332
6.57853
4.44332
6.57853
4.44332
6.57853
6.57853
4.44332
4.44332
4.44332
6.57853
4.44332
6.57853
4.44332
6.57853
4.44332
6.57853
4.44332
6.57853
4.44332
6.57853
4.44332
6.57853
4.44332
4.44332
4.44332
6.57853
4.44332
6.57853
6.57853
4.44332
6.57853
4.44332
6.57853
4.44332
6.57853
4.44332
4.44332
4.44332
6.57853
4.44332
6.57853
4.44332
6.57853
6.57853
4.44332
6.57853
4.44332
4.44332
4.44332
6.57853
4.44332
6.57853
4.44332
6.57853
4.44332
6.57853
6.57853
4.44332
4.44332
4.44332
6.57853
4.44332
6.57853
4.44332
6.57853
4.44332
6.57853
4.44332
6.57853
4.44332
6.57853
6.57853
4.44332
4.44332
4.44332
6.57853
4.44332
6.57853
4.44332
6.57853
4.44332
6.57853
4.44332
4.44332
4.44332
6.57853
4.44332
6.57853
4.44332
6.57853
6.57853
6.57853
6.57853
4.44332
6.57853
4.44332
6.57853
4.44332
6.57853
4.44332
6.57853
4.44332
6.57853
4.44332
4.44332
4.44332
6.57853
4.44332
6.57853
6.57853
4.44332
6.57853
4.44332
6.57853
6.57853
6.57853
4.44332
6.57853
4.44332
6.57853
4.44332
6.57853
6.57853
4.44332
6.57853
4.44332
6.57853
4.44332
4.44332
4.44332
6.57853
4.44332
6.57853
6.57853
6.57853
4.44332
6.57853
6.57853
4.44332
4.44332
4.44332
6.57853
4.44332
6.57853
4.44332
6.57853
4.44332
6.57853
4.44332
6.57853
6.57853
6.57853
6.57853
4.44332
6.57853
4.44332
6.57853
4.44332
4.44332
4.44332
6.57853
4.44332
6.57853
4.44332
6.57853
4.44332
4.44332
6.57853
4.44332
6.57853
4.44332
6.57853
4.44332
4.44332
4.44332
6.57853
4.44332
6.57853
4.44332
6.57853
4.44332
6.57853
6.57853
4.44332
6.57853
4.44332
6.57853
6.57853
6.57853
4.44332
6.57853
4.44332
6.57853
4.44332
6.57853
4.44332
6.57853
4.44332
4.44332
6.57853
4.44332
6.57853
6.57853
6.57853
4.44332
6.57853
4.44332
6.57853
4.44332
6.57853
4.44332
6.57853
4.44332
6.57853
4.44332
6.57853
6.57853
4.44332
6.57853
4.44332
6.57853
4.44332
6.57853
4.44332
6.57853
4.44332
6.57853
4.44332
6.57853
4.44332
6.57853
4.44332
6.57853
4.44332
6.57853
6.57853
4.44332
6.57853
4.44332
6.57853
4.44332
6.57853
4.44332
6.57853
4.44332
6.57853
6.57853
4.44332
6.57853
4.44332
6.57853
4.44332
6.57853
4.44332
6.57853
4.44332
6.57853
4.44332
6.57853
4.44332
6.57853
4.44332
6.57853
4.44332
6.57853
4.44332
6.57853
4.44332
6.57853
6.57853
4.44332
6.57853
4.44332
6.57853
4.44332
6.57853
4.44332
6.57853
4.44332
6.57853
4.44332
6.57853
4.44332
6.57853
4.44332
6.57853
4.44332
6.57853
4.44332
6.57853
4.44332
6.57853
4.44332
6.57853
4.44332
6.57853
4.44332
6.57853
4.44332
6.57853
4.44332
6.57853
4.44332
6.57853
6.57853
4.44332
6.57853
4.44332
6.57853
4.44332
6.57853
4.44332
6.57853
4.44332
6.57853
4.44332
6.57853
4.44332
6.57853
4.44332
6.57853
4.44332
6.57853
4.44332
6.57853
4.44332
6.57853
4.44332
6.57853
4.44332
6.57853
4.44332
6.57853
4.44332
6.57853
4.44332
6.57853
4.44332
6.57853
4.44332
6.57853
4.44332
6.57853
4.44332
6.57853
4.44332
6.57853
4.44332
6.57853
4.44332
6.57853
6.57853
4.44332
6.57853
4.44332
6.57853
4.44332
6.57853
4.44332
6.57853
4.44332
6.57853
4.44332
6.57853
4.44332
6.57853
4.44332
6.57853
4.44332
6.57853
4.44332
6.57853
4.44332
6.57853
4.44332
6.57853
6.57853
4.44332
6.57853
4.44332
6.57853
4.44332
6.57853
4.44332
6.57853
4.44332
6.57853
4.44332
6.57853
4.44332
6.57853
4.44332
6.57853
4.44332
6.57853
4.44332
6.57853
4.44332
6.57853
4.44332
6.57853
4.44332
6.57853
6.57853
4.44332
6.57853
4.44332
6.57853
4.44332
6.57853
4.44332
6.57853
4.44332
6.57853
4.44332
6.57853
4.44332
6.57853
4.44332
6.57853
4.44332
6.57853
4.44332
6.57853
4.44332
6.57853
6.57853
4.44332
6.57853
4.44332
6.57853
4.44332
6.57853
4.44332
6.57853
4.44332
6.57853
4.44332
6.57853
4.44332
6.57853
4.44332
6.57853
4.44332
6.57853
4.44332
6.57853
4.44332
6.57853
6.57853
4.44332
6.57853
4.44332
6.57853
4.44332
6.57853
4.44332
6.57853
4.44332
6.57853
4.44332
6.57853
4.44332
6.57853
4.44332
6.57853
6.57853
4.44332
6.57853
4.44332
6.57853
4.44332
6.57853
4.44332
6.57853
4.44332
6.57853
4.44332
6.57853
4.44332
6.57853
4.44332
6.57853
4.44332
6.57853
4.44332
6.57853
4.44332
6.57853
4.44332
6.57853
4.44332
6.57853
4.44332
6.57853
4.44332
6.57853
4.44332
6.57853
4.44332
6.57853
4.44332
6.57853
4.44332
6.57853
6.57853
4.44332
6.57853
4.44332
4.44332
4.44332
4.44332
4.44332
4.44332
6.57853
6.57853
4.44332
6.57853
4.44332
6.57853
4.44332
6.57853
4.44332
6.57853
4.44332
6.57853
4.44332
6.57853
4.44332
6.57853
4.44332
6.57853
4.44332
6.57853
6.57853
4.44332
6.57853
4.44332
6.57853
4.44332
6.57853
4.44332
6.57853
4.44332
6.57853
6.57853
6.57853
4.44332
6.57853
4.44332
6.57853
4.44332
6.57853
6.57853
4.44332
6.57853
4.44332
6.57853
6.57853
6.57853
4.44332
6.57853
4.44332
6.57853
4.44332
6.57853
4.44332
6.57853
6.57853
6.57853
4.44332
6.57853
4.44332
6.57853
4.44332
6.57853
4.44332
6.57853
4.44332
4.44332
4.44332
6.57853
6.57853
6.57853
6.57853
4.44332
6.57853
4.44332
6.57853
4.44332
6.57853
4.44332
4.44332
4.44332
6.57853
4.44332
6.57853
4.44332
6.57853
4.44332
6.57853
4.44332
6.57853
6.57853
4.44332
6.57853
6.57853
6.57853
4.44332
6.57853
4.44332
6.57853
4.44332
6.57853
4.44332
6.57853
4.44332
6.57853
4.44332
6.57853
4.44332
6.57853
6.57853
4.44332
6.57853
4.44332
4.44332
4.44332
6.57853
4.44332
6.57853
4.44332
6.57853
4.44332
6.57853
4.44332
4.44332
6.57853
4.44332
6.57853
4.44332
6.57853
4.44332
6.57853
4.44332
6.57853
6.57853
6.57853
4.44332
6.57853
4.44332
6.57853
6.57853
4.44332
6.57853
4.44332
6.57853
4.44332
6.57853
6.57853
6.57853
4.44332
6.57853
4.44332
6.57853
4.44332
6.57853
4.44332
6.57853
4.44332
4.44332
4.44332
6.57853
4.44332
6.57853
4.44332
6.57853
4.44332
6.57853
4.44332
6.57853
4.44332
6.57853
4.44332
4.44332
4.44332
6.57853
4.44332
6.57853
4.44332
6.57853
4.44332
6.57853
4.44332
6.57853
6.57853
6.57853
4.44332
6.57853
4.44332
6.57853
6.57853
4.44332
6.57853
4.44332
6.57853
4.44332
6.57853
4.44332
6.57853
6.57853
6.57853
4.44332
6.57853
4.44332
6.57853
4.44332
6.57853
4.44332
6.57853
6.57853
6.57853
4.44332
6.57853
4.44332
6.57853
4.44332
6.57853
4.44332
6.57853
4.44332
6.57853
4.44332
6.57853
4.44332
6.57853
4.44332
4.44332
6.57853
4.44332
6.57853
4.44332
6.57853
4.44332
6.57853
4.44332
6.57853
4.44332
6.57853
4.44332
4.44332
4.44332
6.57853
4.44332
6.57853
6.57853
4.44332
6.57853
4.44332
4.44332
4.44332
6.57853
4.44332
6.57853
4.44332
6.57853
4.44332
6.57853
4.44332
6.57853
4.44332
6.57853
6.57853
4.44332
6.57853
4.44332
6.57853
4.44332
6.57853
4.44332
6.57853
4.44332
6.57853
4.44332
6.57853
4.44332
6.57853
4.44332
6.57853
4.44332
6.57853
4.44332
6.57853
6.57853
6.57853
6.57853
4.44332
6.57853
4.44332
6.57853
4.44332
6.57853
4.44332
6.57853
4.44332
6.57853
4.44332
6.57853
4.44332
4.44332
4.44332
6.57853
4.44332
6.57853
4.44332
6.57853
4.44332
6.57853
6.57853
4.44332
4.44332
4.44332
6.57853
4.44332
6.57853
4.44332
6.57853
4.44332
6.57853
4.44332
4.44332
4.44332
6.57853
6.57853
6.57853
4.44332
6.57853
4.44332
6.57853
4.44332
6.57853
4.44332
6.57853
6.57853
4.44332
6.57853
6.57853
6.57853
4.44332
6.57853
4.44332
6.57853
4.44332
6.57853
4.44332
6.57853
4.44332
6.57853
4.44332
6.57853
6.57853
4.44332
6.57853
6.57853
6.57853
4.44332
6.57853
4.44332
6.57853
4.44332
6.57853
4.44332
6.57853
4.44332
6.57853
4.44332
4.44332
4.44332
6.57853
4.44332
6.57853
4.44332
6.57853
4.44332
6.57853
4.44332
4.44332
4.44332
6.57853
6.57853
4.44332
6.57853
4.44332
6.57853
4.44332
6.57853
4.44332
6.57853
4.44332
6.57853
4.44332
6.57853
6.57853
6.57853
4.44332
6.57853
4.44332
6.57853
4.44332
6.57853
4.44332
6.57853
4.44332
4.44332
4.44332
6.57853
6.57853
4.44332
6.57853
4.44332
6.57853
4.44332
6.57853
4.44332
6.57853
4.44332
6.57853
6.57853
6.57853
4.44332
6.57853
4.44332
6.57853
4.44332
6.57853
4.44332
6.57853
6.57853
6.57853
4.44332
6.57853
4.44332
6.57853
4.44332
6.57853
4.44332
6.57853
4.44332
6.57853
4.44332
6.57853
6.57853
6.57853
4.44332
6.57853
4.44332
6.57853
4.44332
6.57853
4.44332
6.57853
6.57853
6.57853
4.44332
6.57853
4.44332
6.57853
4.44332
6.57853
4.44332
6.57853
4.44332
6.57853
4.44332
6.57853
4.44332
4.44332
4.44332
6.57853
6.57853
4.44332
6.57853
4.44332
6.57853
4.44332
6.57853
4.44332
4.44332
4.44332
6.57853
4.44332
6.57853
4.44332
6.57853
4.44332
6.57853
4.44332
6.57853
4.44332
6.57853
6.57853
6.57853
6.57853
4.44332
6.57853
4.44332
6.57853
4.44332
6.57853
4.44332
4.44332
4.44332
6.57853
4.44332
6.57853
4.44332
6.57853
4.44332
6.57853
4.44332
6.57853
6.57853
6.57853
4.44332
6.57853
4.44332
6.57853
6.57853
4.44332
6.57853
4.44332
6.57853
4.44332
6.57853
6.57853
6.57853
4.44332
6.57853
4.44332
6.57853
4.44332
6.57853
4.44332
6.57853
4.44332
6.57853
6.57853
6.57853
4.44332
6.57853
4.44332
6.57853
4.44332
6.57853
4.44332
6.57853
6.57853
4.44332
6.57853
4.44332
6.57853
4.44332
4.44332
4.44332
6.57853
4.44332
6.57853
4.44332
6.57853
4.44332
6.57853
4.44332
6.57853
4.44332
6.57853
4.44332
6.57853
6.57853
6.57853
4.44332
6.57853
4.44332
6.57853
4.44332
6.57853
4.44332
6.57853
6.57853
6.57853
6.57853
4.44332
6.57853
4.44332
6.57853
4.44332
6.57853
4.44332
6.57853
4.44332
6.57853
4.44332
6.57853
4.44332
4.44332
4.44332
6.57853
4.44332
6.57853
4.44332
6.57853
4.44332
6.57853
4.44332
4.44332
4.44332
6.57853
4.44332
6.57853
4.44332
6.57853
4.44332
6.57853
6.57853
4.44332
6.57853
4.44332
6.57853
6.57853
6.57853
4.44332
6.57853
4.44332
6.57853
4.44332
6.57853
4.44332
6.57853
4.44332
4.44332
4.44332
6.57853
4.44332
6.57853
4.44332
6.57853
4.44332
6.57853
6.57853
4.44332
6.57853
4.44332
6.57853
6.57853
6.57853
4.44332
6.57853
4.44332
6.57853
4.44332
6.57853
4.44332
6.57853
4.44332
6.57853
4.44332
6.57853
4.44332
4.44332
4.44332
6.57853
6.57853
4.44332
6.57853
4.44332
4.44332
4.44332
6.57853
4.44332
6.57853
4.44332
6.57853
4.44332
6.57853
4.44332
6.57853
4.44332
6.57853
4.44332
6.57853
4.44332
6.57853
4.44332
6.57853
4.44332
6.57853
6.57853
4.44332
6.57853
4.44332
6.57853
4.44332
6.57853
4.44332
6.57853
4.44332
6.57853
4.44332
6.57853
4.44332
6.57853
4.44332
6.57853
4.44332
6.57853
4.44332
6.57853
4.44332
6.57853
6.57853
4.44332
6.57853
4.44332
6.57853
4.44332
6.57853
4.44332
6.57853
4.44332
6.57853
4.44332
6.57853
4.44332
6.57853
4.44332
6.57853
4.44332
6.57853
4.44332
6.57853
4.44332
6.57853
4.44332
6.57853
4.44332
6.57853
4.44332
6.57853
4.44332
6.57853
6.57853
4.44332
6.57853
4.44332
6.57853
4.44332
6.57853
4.44332
6.57853
4.44332
6.57853
4.44332
6.57853
4.44332
6.57853
4.44332
6.57853
4.44332
6.57853
4.44332
6.57853
4.44332
6.57853
4.44332
6.57853
4.44332
6.57853
4.44332
6.57853
4.44332
6.57853
4.44332
6.57853
4.44332
6.57853
4.44332
6.57853
4.44332
6.57853
4.44332
6.57853
4.44332
6.57853
6.57853
4.44332
6.57853
4.44332
6.57853
4.44332
6.57853
4.44332
6.57853
4.44332
6.57853
4.44332
6.57853
4.44332
6.57853
4.44332
6.57853
4.44332
6.57853
4.44332
6.57853
4.44332
6.57853
4.44332
6.57853
4.44332
6.57853
4.44332
6.57853
4.44332
6.57853
4.44332
6.57853
4.44332
6.57853
4.44332
6.57853
6.57853
4.44332
6.57853
4.44332
6.57853
4.44332
6.57853
4.44332
6.57853
4.44332
6.57853
4.44332
6.57853
4.44332
6.57853
4.44332
6.57853
4.44332
6.57853
4.44332
6.57853
4.44332
6.57853
4.44332
6.57853
6.57853
4.44332
6.57853
4.44332
6.57853
4.44332
6.57853
4.44332
6.57853
4.44332
6.57853
4.44332
6.57853
4.44332
6.57853
4.44332
6.57853
4.44332
6.57853
4.44332
6.57853
6.57853
4.44332
6.57853
4.44332
6.57853
4.44332
6.57853
4.44332
6.57853
4.44332
6.57853
4.44332
6.57853
4.44332
6.57853
4.44332
6.57853
4.44332
6.57853
4.44332
6.57853
6.57853
4.44332
6.57853
4.44332
6.57853
4.44332
6.57853
4.44332
6.57853
4.44332
6.57853
4.44332
6.57853
4.44332
6.57853
4.44332
6.57853
4.44332
6.57853
4.44332
6.57853
6.57853
4.44332
6.57853
4.44332
6.57853
4.44332
6.57853
4.44332
6.57853
4.44332
6.57853
4.44332
6.57853
4.44332
6.57853
4.44332
6.57853
4.44332
6.57853
4.44332
6.57853
4.44332
6.57853
4.44332
6.57853
4.44332
6.57853
4.44332
6.57853
4.44332
6.57853
4.44332
6.57853
4.44332
6.57853
4.44332
6.57853
4.44332
6.57853
4.44332
6.57853
6.57853
4.44332
6.57853
4.44332
6.57853
4.44332
6.57853
4.44332
6.57853
4.44332
6.57853
4.44332
6.57853
4.44332
6.57853
4.44332
6.57853
4.44332
6.57853
4.44332
6.57853
4.44332
6.57853
4.44332
6.57853
4.44332
6.57853
4.44332
6.57853
4.44332
6.57853
4.44332
6.57853
4.44332
6.57853
4.44332
6.57853
4.44332
6.57853
4.44332
6.57853
4.44332
6.57853
6.57853
4.44332
6.57853
4.44332
6.57853
4.44332
6.57853
4.44332
6.57853
4.44332
6.57853
4.44332
6.57853
4.44332
6.57853
4.44332
6.57853
4.44332
6.57853
4.44332
6.57853
4.44332
6.57853
4.44332
6.57853
4.44332
6.57853
4.44332
6.57853
4.44332
6.57853
4.44332
6.57853
4.44332
6.57853
4.44332
6.57853
4.44332
6.57853
4.44332
6.57853
4.44332
6.57853
4.44332
6.57853
4.44332
6.57853
4.44332
6.57853
4.44332
6.57853
4.44332
6.57853
4.44332
6.57853
4.44332
6.57853
4.44332
6.57853
4.44332
6.57853
4.44332
6.57853
4.44332
6.57853
4.44332
6.57853
4.44332
6.57853
4.44332
6.57853
4.44332
6.57853
4.44332
6.57853
4.44332
6.57853
6.57853
4.44332
6.57853
4.44332
6.57853
4.44332
6.57853
4.44332
6.57853
4.44332
6.57853
4.44332
6.57853
4.44332
6.57853
4.44332
6.57853
4.44332
6.57853
4.44332
6.57853
4.44332
6.57853
4.44332
6.57853
4.44332
6.57853
4.44332
6.57853
4.44332
6.57853
4.44332
6.57853
4.44332
6.57853
4.44332
6.57853
6.57853
4.44332
6.57853
4.44332
6.57853
4.44332
6.57853
4.44332
6.57853
4.44332
6.57853
4.44332
6.57853
4.44332
6.57853
4.44332
6.57853
4.44332
6.57853
4.44332
6.57853
4.44332
6.57853
6.57853
4.44332
6.57853
4.44332
6.57853
4.44332
6.57853
4.44332
6.57853
4.44332
6.57853
4.44332
6.57853
4.44332
6.57853
4.44332
6.57853
6.57853
4.44332
6.57853
4.44332
6.57853
4.44332
6.57853
4.44332
6.57853
4.44332
6.57853
4.44332
6.57853
4.44332
6.57853
4.44332
6.57853
4.44332
6.57853
4.44332
6.57853
4.44332
6.57853
4.44332
6.57853
4.44332
6.57853
4.44332
6.57853
6.57853
4.44332
6.57853
4.44332
6.57853
4.44332
6.57853
4.44332
6.57853
4.44332
6.57853
4.44332
6.57853
4.44332
6.57853
4.44332
6.57853
4.44332
6.57853
4.44332
6.57853
4.44332
6.57853
4.44332
6.57853
4.44332
6.57853
4.44332
6.57853
6.57853
4.44332
6.57853
4.44332
6.57853
4.44332
6.57853
4.44332
6.57853
4.44332
6.57853
4.44332
6.57853
4.44332
6.57853
4.44332
6.57853
4.44332
6.57853
4.44332
6.57853
4.44332
6.57853
4.44332
6.57853
4.44332
6.57853
4.44332
6.57853
4.44332
6.57853
6.57853
4.44332
6.57853
4.44332
6.57853
4.44332
6.57853
4.44332
6.57853
4.44332
6.57853
4.44332
6.57853
4.44332
6.57853
4.44332
6.57853
4.44332
6.57853
6.57853
4.44332
6.57853
4.44332
6.57853
4.44332
6.57853
4.44332
6.57853
4.44332
6.57853
4.44332
6.57853
4.44332
6.57853
4.44332
6.57853
4.44332
6.57853
4.44332
6.57853
4.44332
6.57853
6.57853
4.44332
6.57853
4.44332
6.57853
4.44332
6.57853
4.44332
6.57853
4.44332
6.57853
6.57853
4.44332
6.57853
4.44332
6.57853
4.44332
6.57853
4.44332
6.57853
4.44332
6.57853
4.44332
6.57853
4.44332
6.57853
4.44332
6.57853
4.44332
6.57853
4.44332
6.57853
4.44332
6.57853
4.44332
6.57853
6.57853
4.44332
6.57853
4.44332
6.57853
4.44332
6.57853
4.44332
6.57853
4.44332
6.57853
4.44332
6.57853
4.44332
6.57853
4.44332
6.57853
4.44332
6.57853
4.44332
6.57853
6.57853
6.57853
6.57853
6.57853
4.44332
6.57853
4.44332
6.57853
6.57853
4.44332
6.57853
4.44332
6.57853
4.44332
6.57853
4.44332
6.57853
4.44332
6.57853
4.44332
6.57853
4.44332
6.57853
4.44332
6.57853
4.44332
6.57853
4.44332
6.57853
4.44332
6.57853
6.57853
6.57853
4.44332
6.57853
4.44332
4.44332
4.44332
6.57853
4.44332
6.57853
4.44332
6.57853
4.44332
6.57853
4.44332
6.57853
6.57853
6.57853
4.44332
6.57853
4.44332
6.57853
4.44332
6.57853
6.57853
6.57853
6.57853
4.44332
6.57853
4.44332
4.44332
4.44332
6.57853
4.44332
6.57853
4.44332
6.57853
4.44332
6.57853
4.44332
6.57853
6.57853
6.57853
4.44332
6.57853
4.44332
6.57853
4.44332
6.57853
4.44332
4.44332
4.44332
6.57853
4.44332
6.57853
6.57853
6.57853
6.57853
4.44332
6.57853
4.44332
6.57853
4.44332
6.57853
4.44332
6.57853
6.57853
6.57853
4.44332
6.57853
4.44332
6.57853
4.44332
6.57853
4.44332
4.44332
4.44332
6.57853
4.44332
6.57853
4.44332
4.44332
6.57853
4.44332
6.57853
4.44332
6.57853
4.44332
6.57853
4.44332
6.57853
6.57853
6.57853
4.44332
6.57853
4.44332
6.57853
4.44332
6.57853
4.44332
4.44332
6.57853
4.44332
6.57853
4.44332
4.44332
4.44332
6.57853
4.44332
6.57853
4.44332
6.57853
4.44332
6.57853
4.44332
6.57853
6.57853
6.57853
4.44332
6.57853
4.44332
6.57853
4.44332
6.57853
6.57853
6.57853
6.57853
4.44332
6.57853
4.44332
6.57853
6.57853
6.57853
4.44332
6.57853
4.44332
6.57853
4.44332
6.57853
4.44332
6.57853
4.44332
4.44332
4.44332
6.57853
4.44332
6.57853
4.44332
6.57853
6.57853
6.57853
6.57853
4.44332
6.57853
4.44332
6.57853
6.57853
6.57853
4.44332
6.57853
4.44332
6.57853
4.44332
6.57853
4.44332
6.57853
6.57853
6.57853
6.57853
4.44332
6.57853
4.44332
6.57853
4.44332
6.57853
4.44332
6.57853
4.44332
6.57853
6.57853
6.57853
4.44332
6.57853
4.44332
6.57853
4.44332
6.57853
4.44332
6.57853
4.44332
6.57853
6.57853
6.57853
4.44332
6.57853
4.44332
6.57853
4.44332
6.57853
4.44332
4.44332
4.44332
6.57853
4.44332
6.57853
6.57853
4.44332
6.57853
4.44332
6.57853
4.44332
6.57853
4.44332
6.57853
4.44332
6.57853
6.57853
6.57853
4.44332
6.57853
4.44332
6.57853
4.44332
6.57853
4.44332
6.57853
4.44332
6.57853
6.57853
6.57853
4.44332
6.57853
6.57853
4.44332
4.44332
4.44332
6.57853
4.44332
4.44332
6.57853
6.57853
6.57853
6.57853
4.44332
6.57853
4.44332
6.57853
4.44332
6.57853
4.44332
4.44332
4.44332
6.57853
4.44332
6.57853
6.57853
6.57853
4.44332
6.57853
4.44332
6.57853
4.44332
6.57853
4.44332
6.57853
4.44332
4.44332
4.44332
6.57853
4.44332
6.57853
4.44332
6.57853
4.44332
6.57853
6.57853
6.57853
4.44332
6.57853
4.44332
6.57853
4.44332
4.44332
4.44332
6.57853
4.44332
6.57853
4.44332
6.57853
4.44332
6.57853
4.44332
4.44332
4.44332
6.57853
4.44332
6.57853
6.57853
6.57853
4.44332
6.57853
4.44332
6.57853
6.57853
4.44332
6.57853
4.44332
6.57853
6.57853
6.57853
4.44332
6.57853
4.44332
6.57853
4.44332
6.57853
4.44332
6.57853
4.44332
6.57853
6.57853
6.57853
4.44332
6.57853
6.57853
4.44332
6.57853
4.44332
6.57853
4.44332
6.57853
4.44332
4.44332
4.44332
6.57853
4.44332
6.57853
4.44332
6.57853
4.44332
6.57853
4.44332
4.44332
4.44332
6.57853
4.44332
6.57853
4.44332
4.44332
4.44332
6.57853
4.44332
6.57853
4.44332
6.57853
6.57853
4.44332
6.57853
4.44332
6.57853
6.57853
6.57853
4.44332
6.57853
4.44332
6.57853
4.44332
6.57853
4.44332
6.57853
4.44332
6.57853
4.44332
6.57853
4.44332
6.57853
4.44332
6.57853
4.44332
6.57853
4.44332
6.57853
6.57853
6.57853
4.44332
6.57853
6.57853
4.44332
6.57853
4.44332
6.57853
4.44332
4.44332
4.44332
6.57853
4.44332
4.44332
4.44332
6.57853
4.44332
6.57853
4.44332
6.57853
4.44332
6.57853
6.57853
4.44332
4.44332
4.44332
6.57853
4.44332
6.57853
4.44332
6.57853
4.44332
6.57853
4.44332
4.44332
4.44332
6.57853
4.44332
4.44332
4.44332
6.57853
4.44332
6.57853
4.44332
6.57853
4.44332
6.57853
4.44332
6.57853
4.44332
6.57853
6.57853
6.57853
4.44332
6.57853
6.57853
6.57853
4.44332
6.57853
6.57853
4.44332
6.57853
4.44332
6.57853
4.44332
4.44332
4.44332
6.57853
4.44332
6.57853
4.44332
6.57853
4.44332
6.57853
4.44332
6.57853
6.57853
6.57853
4.44332
4.44332
6.57853
4.44332
6.57853
4.44332
6.57853
4.44332
6.57853
4.44332
6.57853
4.44332
4.44332
4.44332
6.57853
4.44332
6.57853
4.44332
6.57853
4.44332
6.57853
4.44332
4.44332
4.44332
6.57853
4.44332
6.57853
4.44332
6.57853
4.44332
6.57853
4.44332
6.57853
4.44332
6.57853
6.57853
4.44332
4.44332
4.44332
6.57853
4.44332
6.57853
4.44332
6.57853
4.44332
6.57853
4.44332
4.44332
4.44332
6.57853
4.44332
6.57853
4.44332
6.57853
4.44332
6.57853
6.57853
4.44332
6.57853
4.44332
6.57853
4.44332
6.57853
6.57853
6.57853
4.44332
6.57853
4.44332
6.57853
4.44332
6.57853
4.44332
6.57853
6.57853
6.57853
4.44332
6.57853
4.44332
4.44332
4.44332
6.57853
6.57853
4.44332
6.57853
4.44332
6.57853
4.44332
6.57853
4.44332
4.44332
4.44332
6.57853
4.44332
6.57853
4.44332
6.57853
4.44332
6.57853
6.57853
4.44332
6.57853
4.44332
6.57853
4.44332
4.44332
4.44332
6.57853
4.44332
6.57853
4.44332
6.57853
4.44332
6.57853
6.57853
6.57853
6.57853
4.44332
6.57853
4.44332
6.57853
4.44332
6.57853
4.44332
6.57853
4.44332
6.57853
6.57853
4.44332
4.44332
4.44332
6.57853
4.44332
6.57853
4.44332
6.57853
4.44332
6.57853
4.44332
4.44332
4.44332
6.57853
6.57853
4.44332
6.57853
4.44332
6.57853
4.44332
6.57853
4.44332
6.57853
4.44332
6.57853
4.44332
4.44332
4.44332
6.57853
4.44332
6.57853
6.57853
4.44332
6.57853
4.44332
6.57853
4.44332
4.44332
4.44332
6.57853
4.44332
6.57853
4.44332
6.57853
4.44332
6.57853
6.57853
6.57853
4.44332
6.57853
6.57853
6.57853
4.44332
6.57853
6.57853
4.44332
6.57853
4.44332
6.57853
4.44332
6.57853
6.57853
6.57853
4.44332
6.57853
4.44332
6.57853
4.44332
6.57853
6.57853
4.44332
4.44332
4.44332
6.57853
4.44332
4.44332
4.44332
6.57853
4.44332
6.57853
4.44332
6.57853
6.57853
4.44332
6.57853
4.44332
4.44332
4.44332
6.57853
4.44332
6.57853
4.44332
6.57853
4.44332
6.57853
6.57853
4.44332
4.44332
4.44332
6.57853
4.44332
6.57853
4.44332
6.57853
4.44332
6.57853
4.44332
6.57853
6.57853
4.44332
6.57853
4.44332
6.57853
6.57853
4.44332
4.44332
6.57853
4.44332
6.57853
4.44332
6.57853
4.44332
6.57853
4.44332
6.57853
6.57853
4.44332
6.57853
6.57853
6.57853
4.44332
6.57853
4.44332
6.57853
4.44332
6.57853
4.44332
6.57853
4.44332
6.57853
4.44332
6.57853
6.57853
6.57853
6.57853
4.44332
6.57853
4.44332
6.57853
4.44332
6.57853
4.44332
6.57853
6.57853
6.57853
4.44332
6.57853
6.57853
4.44332
6.57853
4.44332
6.57853
4.44332
6.57853
4.44332
6.57853
4.44332
6.57853
6.57853
6.57853
6.57853
4.44332
6.57853
4.44332
6.57853
4.44332
6.57853
4.44332
4.44332
4.44332
6.57853
4.44332
6.57853
4.44332
6.57853
4.44332
6.57853
6.57853
4.44332
6.57853
4.44332
6.57853
4.44332
4.44332
4.44332
6.57853
4.44332
6.57853
4.44332
6.57853
4.44332
6.57853
4.44332
4.44332
4.44332
6.57853
6.57853
4.44332
6.57853
4.44332
6.57853
4.44332
6.57853
4.44332
6.57853
4.44332
6.57853
4.44332
6.57853
6.57853
6.57853
4.44332
6.57853
4.44332
6.57853
4.44332
6.57853
6.57853
4.44332
6.57853
4.44332
6.57853
4.44332
6.57853
6.57853
6.57853
4.44332
6.57853
4.44332
6.57853
4.44332
6.57853
4.44332
6.57853
6.57853
6.57853
4.44332
6.57853
4.44332
6.57853
4.44332
6.57853
6.57853
4.44332
6.57853
4.44332
6.57853
6.57853
6.57853
4.44332
6.57853
4.44332
6.57853
4.44332
6.57853
4.44332
6.57853
4.44332
6.57853
4.44332
4.44332
4.44332
6.57853
4.44332
6.57853
4.44332
6.57853
4.44332
6.57853
6.57853
4.44332
6.57853
4.44332
4.44332
4.44332
6.57853
4.44332
6.57853
4.44332
6.57853
4.44332
6.57853
4.44332
6.57853
4.44332
6.57853
6.57853
6.57853
4.44332
6.57853
6.57853
6.57853
4.44332
6.57853
4.44332
6.57853
4.44332
6.57853
6.57853
4.44332
6.57853
4.44332
4.44332
4.44332
6.57853
4.44332
6.57853
4.44332
6.57853
4.44332
6.57853
4.44332
6.57853
4.44332
6.57853
6.57853
6.57853
4.44332
6.57853
6.57853
4.44332
6.57853
4.44332
6.57853
4.44332
6.57853
4.44332
6.57853
4.44332
6.57853
4.44332
6.57853
6.57853
4.44332
4.44332
6.57853
4.44332
6.57853
6.57853
4.44332
6.57853
4.44332
6.57853
4.44332
4.44332
4.44332
6.57853
6.57853
6.57853
4.44332
6.57853
4.44332
6.57853
4.44332
6.57853
4.44332
6.57853
4.44332
6.57853
6.57853
6.57853
4.44332
6.57853
4.44332
6.57853
4.44332
6.57853
6.57853
4.44332
4.44332
4.44332
4.44332
4.44332
4.44332
4.44332
6.57853
4.44332
6.57853
4.44332
6.57853
4.44332
6.57853
4.44332
4.44332
4.44332
6.57853
4.44332
6.57853
6.57853
4.44332
6.57853
4.44332
4.44332
4.44332
4.44332
4.44332
6.57853
4.44332
6.57853
4.44332
6.57853
4.44332
6.57853
4.44332
6.57853
4.44332
6.57853
6.57853
6.57853
6.57853
4.44332
6.57853
4.44332
6.57853
4.44332
6.57853
4.44332
6.57853
6.57853
4.44332
4.44332
6.57853
4.44332
6.57853
4.44332
6.57853
4.44332
6.57853
4.44332
6.57853
4.44332
6.57853
6.57853
6.57853
4.44332
6.57853
6.57853
4.44332
6.57853
4.44332
6.57853
4.44332
6.57853
6.57853
6.57853
4.44332
6.57853
4.44332
6.57853
4.44332
6.57853
4.44332
4.44332
4.44332
4.44332
4.44332
4.44332
4.44332
6.57853
4.44332
6.57853
4.44332
6.57853
4.44332
6.57853
6.57853
4.44332
6.57853
4.44332
6.57853
4.44332
6.57853
6.57853
4.44332
4.44332
6.57853
4.44332
6.57853
4.44332
6.57853
4.44332
6.57853
4.44332
6.57853
6.57853
4.44332
6.57853
4.44332
6.57853
4.44332
6.57853
4.44332
6.57853
4.44332
6.57853
4.44332
6.57853
4.44332
6.57853
6.57853
4.44332
6.57853
4.44332
6.57853
4.44332
6.57853
4.44332
6.57853
4.44332
6.57853
4.44332
6.57853
4.44332
6.57853
4.44332
6.57853
6.57853
4.44332
6.57853
4.44332
6.57853
4.44332
6.57853
4.44332
6.57853
4.44332
6.57853
4.44332
6.57853
4.44332
6.57853
4.44332
6.57853
4.44332
6.57853
6.57853
4.44332
6.57853
4.44332
6.57853
4.44332
6.57853
4.44332
6.57853
4.44332
6.57853
4.44332
6.57853
4.44332
6.57853
4.44332
6.57853
6.57853
4.44332
6.57853
4.44332
6.57853
4.44332
6.57853
4.44332
6.57853
4.44332
6.57853
4.44332
6.57853
4.44332
6.57853
4.44332
6.57853
6.57853
4.44332
6.57853
6.57853
6.57853
4.44332
6.57853
4.44332
6.57853
4.44332
6.57853
4.44332
6.57853
4.44332
6.57853
4.44332
6.57853
4.44332
6.57853
6.57853
4.44332
6.57853
4.44332
6.57853
4.44332
6.57853
4.44332
6.57853
4.44332
6.57853
4.44332
6.57853
4.44332
6.57853
4.44332
6.57853
4.44332
6.57853
4.44332
6.57853
4.44332
6.57853
4.44332
6.57853
4.44332
6.57853
4.44332
6.57853
4.44332
6.57853
6.57853
4.44332
6.57853
4.44332
6.57853
4.44332
6.57853
4.44332
6.57853
4.44332
6.57853
4.44332
6.57853
4.44332
6.57853
4.44332
6.57853
4.44332
6.57853
4.44332
6.57853
4.44332
6.57853
6.57853
4.44332
6.57853
4.44332
6.57853
4.44332
6.57853
4.44332
6.57853
4.44332
6.57853
4.44332
6.57853
4.44332
6.57853
4.44332
6.57853
6.57853
4.44332
6.57853
4.44332
6.57853
4.44332
6.57853
4.44332
6.57853
4.44332
6.57853
4.44332
6.57853
6.57853
4.44332
6.57853
4.44332
6.57853
4.44332
6.57853
4.44332
6.57853
4.44332
6.57853
4.44332
6.57853
4.44332
6.57853
4.44332
6.57853
4.44332
6.57853
6.57853
4.44332
6.57853
4.44332
6.57853
4.44332
6.57853
4.44332
6.57853
4.44332
6.57853
4.44332
6.57853
6.57853
4.44332
6.57853
4.44332
6.57853
4.44332
6.57853
4.44332
6.57853
4.44332
6.57853
4.44332
6.57853
4.44332
6.57853
4.44332
6.57853
4.44332
6.57853
4.44332
6.57853
4.44332
6.57853
4.44332
6.57853
4.44332
6.57853
6.57853
4.44332
6.57853
4.44332
6.57853
4.44332
6.57853
4.44332
6.57853
4.44332
6.57853
4.44332
6.57853
4.44332
6.57853
4.44332
6.57853
6.57853
4.44332
6.57853
4.44332
6.57853
4.44332
6.57853
4.44332
6.57853
4.44332
6.57853
4.44332
6.57853
4.44332
6.57853
4.44332
6.57853
6.57853
4.44332
6.57853
4.44332
6.57853
4.44332
6.57853
4.44332
6.57853
4.44332
6.57853
4.44332
6.57853
4.44332
6.57853
4.44332
6.57853
4.44332
6.57853
4.44332
6.57853
4.44332
6.57853
4.44332
6.57853
6.57853
4.44332
6.57853
4.44332
6.57853
4.44332
6.57853
4.44332
6.57853
4.44332
6.57853
4.44332
6.57853
4.44332
6.57853
6.57853
4.44332
6.57853
4.44332
6.57853
4.44332
6.57853
4.44332
6.57853
4.44332
6.57853
4.44332
6.57853
4.44332
6.57853
4.44332
6.57853
4.44332
6.57853
4.44332
6.57853
6.57853
4.44332
6.57853
4.44332
6.57853
4.44332
6.57853
4.44332
6.57853
4.44332
6.57853
4.44332
6.57853
4.44332
6.57853
4.44332
6.57853
4.44332
6.57853
4.44332
6.57853
4.44332
6.57853
4.44332
6.57853
4.44332
6.57853
4.44332
6.57853
6.57853
4.44332
6.57853
4.44332
6.57853
4.44332
6.57853
4.44332
6.57853
4.44332
6.57853
4.44332
6.57853
4.44332
6.57853
4.44332
6.57853
4.44332
6.57853
4.44332
6.57853
4.44332
6.57853
6.57853
4.44332
6.57853
4.44332
6.57853
4.44332
6.57853
4.44332
6.57853
4.44332
6.57853
4.44332
6.57853
4.44332
6.57853
4.44332
6.57853
4.44332
6.57853
4.44332
6.57853
4.44332
6.57853
4.44332
6.57853
4.44332
6.57853
4.44332
6.57853
4.44332
6.57853
4.44332
6.57853
6.57853
4.44332
6.57853
4.44332
6.57853
4.44332
6.57853
4.44332
6.57853
4.44332
6.57853
4.44332
6.57853
4.44332
6.57853
4.44332
6.57853
4.44332
6.57853
4.44332
6.57853
4.44332
6.57853
4.44332
6.57853
6.57853
4.44332
6.57853
4.44332
6.57853
4.44332
6.57853
4.44332
6.57853
4.44332
6.57853
4.44332
6.57853
4.44332
6.57853
4.44332
6.57853
4.44332
6.57853
6.57853
4.44332
6.57853
4.44332
6.57853
4.44332
6.57853
4.44332
6.57853
4.44332
6.57853
4.44332
6.57853
4.44332
6.57853
4.44332
6.57853
4.44332
6.57853
4.44332
6.57853
4.44332
6.57853
4.44332
6.57853
4.44332
6.57853
4.44332
6.57853
6.57853
4.44332
6.57853
4.44332
6.57853
4.44332
6.57853
4.44332
6.57853
4.44332
6.57853
4.44332
6.57853
4.44332
6.57853
4.44332
6.57853
4.44332
6.57853
6.57853
4.44332
6.57853
4.44332
6.57853
4.44332
6.57853
4.44332
6.57853
4.44332
6.57853
4.44332
6.57853
4.44332
6.57853
4.44332
6.57853
4.44332
6.57853
4.44332
6.57853
4.44332
6.57853
4.44332
6.57853
4.44332
6.57853
4.44332
6.57853
6.57853
4.44332
6.57853
4.44332
6.57853
4.44332
6.57853
4.44332
6.57853
4.44332
6.57853
4.44332
6.57853
4.44332
6.57853
4.44332
6.57853
4.44332
6.57853
4.44332
6.57853
4.44332
6.57853
6.57853
4.44332
6.57853
4.44332
6.57853
4.44332
6.57853
4.44332
6.57853
4.44332
6.57853
4.44332
6.57853
4.44332
6.57853
4.44332
6.57853
4.44332
6.57853
4.44332
6.57853
6.57853
4.44332
6.57853
4.44332
4.44332
6.57853
6.57853
4.44332
6.57853
4.44332
6.57853
4.44332
6.57853
4.44332
6.57853
4.44332
6.57853
4.44332
6.57853
4.44332
6.57853
4.44332
6.57853
4.44332
4.44332
4.44332
4.44332
6.57853
4.44332
6.57853
4.44332
6.57853
4.44332
6.57853
4.44332
6.57853
4.44332
6.57853
4.44332
6.57853
6.57853
4.44332
6.57853
4.44332
6.57853
4.44332
6.57853
4.44332
6.57853
4.44332
6.57853
4.44332
6.57853
4.44332
6.57853
4.44332
6.57853
6.57853
4.44332
6.57853
4.44332
6.57853
4.44332
6.57853
4.44332
6.57853
4.44332
6.57853
4.44332
6.57853
4.44332
6.57853
4.44332
6.57853
4.44332
6.57853
4.44332
6.57853
6.57853
6.57853
4.44332
4.44332
6.57853
4.44332
6.57853
4.44332
6.57853
4.44332
6.57853
4.44332
6.57853
6.57853
4.44332
6.57853
4.44332
6.57853
4.44332
6.57853
4.44332
6.57853
4.44332
6.57853
4.44332
6.57853
6.57853
6.57853
4.44332
6.57853
4.44332
6.57853
4.44332
6.57853
6.57853
4.44332
6.57853
4.44332
6.57853
4.44332
6.57853
4.44332
6.57853
6.57853
6.57853
4.44332
6.57853
4.44332
6.57853
4.44332
6.57853
4.44332
6.57853
4.44332
6.57853
4.44332
6.57853
4.44332
6.57853
4.44332
6.57853
4.44332
6.57853
4.44332
6.57853
6.57853
4.44332
6.57853
4.44332
6.57853
4.44332
6.57853
4.44332
6.57853
4.44332
6.57853
6.57853
6.57853
4.44332
6.57853
4.44332
6.57853
4.44332
6.57853
4.44332
6.57853
4.44332
6.57853
4.44332
6.57853
4.44332
6.57853
4.44332
6.57853
4.44332
6.57853
4.44332
6.57853
4.44332
6.57853
6.57853
4.44332
6.57853
4.44332
6.57853
4.44332
6.57853
4.44332
6.57853
4.44332
6.57853
4.44332
6.57853
4.44332
6.57853
4.44332
6.57853
4.44332
6.57853
6.57853
4.44332
6.57853
4.44332
6.57853
4.44332
6.57853
4.44332
6.57853
4.44332
6.57853
4.44332
6.57853
4.44332
6.57853
4.44332
6.57853
4.44332
6.57853
6.57853
4.44332
6.57853
4.44332
6.57853
4.44332
6.57853
4.44332
6.57853
4.44332
6.57853
4.44332
6.57853
6.57853
6.57853
6.57853
4.44332
6.57853
4.44332
6.57853
4.44332
6.57853
4.44332
6.57853
4.44332
6.57853
4.44332
6.57853
4.44332
6.57853
4.44332
6.57853
4.44332
6.57853
4.44332
6.57853
4.44332
6.57853
4.44332
6.57853
6.57853
4.44332
6.57853
4.44332
6.57853
4.44332
6.57853
6.57853
6.57853
4.44332
6.57853
4.44332
6.57853
4.44332
6.57853
4.44332
6.57853
4.44332
6.57853
4.44332
6.57853
6.57853
4.44332
6.57853
4.44332
6.57853
4.44332
6.57853
4.44332
6.57853
4.44332
6.57853
6.57853
6.57853
4.44332
6.57853
4.44332
6.57853
4.44332
6.57853
6.57853
4.44332
6.57853
4.44332
6.57853
4.44332
6.57853
4.44332
6.57853
4.44332
6.57853
4.44332
6.57853
4.44332
6.57853
4.44332
6.57853
4.44332
6.57853
4.44332
6.57853
4.44332
6.57853
4.44332
6.57853
4.44332
6.57853
4.44332
6.57853
4.44332
6.57853
4.44332
6.57853
4.44332
6.57853
6.57853
4.44332
6.57853
4.44332
6.57853
4.44332
6.57853
4.44332
6.57853
4.44332
6.57853
4.44332
6.57853
4.44332
6.57853
4.44332
6.57853
4.44332
6.57853
4.44332
4.44332
4.44332
4.44332
6.57853
4.44332
6.57853
4.44332
6.57853
4.44332
6.57853
4.44332
6.57853
4.44332
6.57853
4.44332
6.57853
4.44332
6.57853
4.44332
6.57853
4.44332
6.57853
4.44332
6.57853
4.44332
6.57853
4.44332
6.57853
4.44332
4.44332
4.44332
6.57853
4.44332
6.57853
6.57853
6.57853
4.44332
6.57853
6.57853
6.57853
4.44332
6.57853
4.44332
6.57853
6.57853
6.57853
4.44332
6.57853
6.57853
4.44332
6.57853
4.44332
6.57853
4.44332
4.44332
4.44332
6.57853
4.44332
6.57853
4.44332
6.57853
6.57853
6.57853
6.57853
4.44332
4.44332
6.57853
4.44332
6.57853
6.57853
6.57853
4.44332
6.57853
4.44332
6.57853
4.44332
6.57853
4.44332
6.57853
6.57853
6.57853
4.44332
6.57853
4.44332
6.57853
6.57853
6.57853
4.44332
4.44332
6.57853
4.44332
6.57853
4.44332
6.57853
4.44332
6.57853
6.57853
6.57853
4.44332
6.57853
4.44332
6.57853
4.44332
6.57853
6.57853
4.44332
4.44332
6.57853
4.44332
6.57853
6.57853
6.57853
4.44332
6.57853
4.44332
6.57853
4.44332
4.44332
4.44332
6.57853
4.44332
6.57853
4.44332
6.57853
4.44332
4.44332
4.44332
6.57853
6.57853
4.44332
4.44332
4.44332
4.44332
6.57853
4.44332
6.57853
6.57853
6.57853
6.57853
4.44332
6.57853
4.44332
4.44332
4.44332
6.57853
4.44332
4.44332
4.44332
6.57853
4.44332
6.57853
4.44332
4.44332
4.44332
6.57853
4.44332
6.57853
4.44332
6.57853
4.44332
6.57853
4.44332
6.57853
4.44332
6.57853
4.44332
4.44332
4.44332
6.57853
6.57853
6.57853
4.44332
4.44332
6.57853
4.44332
6.57853
4.44332
4.44332
4.44332
6.57853
4.44332
6.57853
4.44332
6.57853
4.44332
6.57853
4.44332
4.44332
4.44332
6.57853
4.44332
6.57853
4.44332
6.57853
6.57853
6.57853
6.57853
6.57853
4.44332
6.57853
4.44332
6.57853
4.44332
4.44332
4.44332
6.57853
4.44332
6.57853
4.44332
6.57853
4.44332
6.57853
4.44332
6.57853
4.44332
6.57853
6.57853
6.57853
6.57853
4.44332
6.57853
6.57853
4.44332
4.44332
6.57853
4.44332
6.57853
6.57853
6.57853
4.44332
6.57853
4.44332
6.57853
4.44332
6.57853
4.44332
6.57853
4.44332
6.57853
4.44332
6.57853
4.44332
4.44332
4.44332
6.57853
4.44332
4.44332
4.44332
6.57853
4.44332
6.57853
4.44332
4.44332
4.44332
6.57853
4.44332
6.57853
6.57853
4.44332
6.57853
4.44332
6.57853
6.57853
6.57853
4.44332
6.57853
4.44332
6.57853
4.44332
4.44332
4.44332
4.44332
4.44332
6.57853
4.44332
6.57853
6.57853
6.57853
4.44332
6.57853
4.44332
6.57853
4.44332
6.57853
4.44332
6.57853
4.44332
4.44332
4.44332
6.57853
4.44332
6.57853
6.57853
4.44332
6.57853
4.44332
4.44332
4.44332
6.57853
4.44332
6.57853
4.44332
4.44332
4.44332
6.57853
4.44332
6.57853
4.44332
6.57853
4.44332
6.57853
4.44332
6.57853
4.44332
6.57853
6.57853
4.44332
4.44332
4.44332
6.57853
4.44332
4.44332
4.44332
4.44332
4.44332
6.57853
4.44332
6.57853
6.57853
6.57853
4.44332
6.57853
4.44332
6.57853
6.57853
4.44332
6.57853
4.44332
6.57853
4.44332
6.57853
6.57853
6.57853
4.44332
4.44332
4.44332
4.44332
4.44332
6.57853
4.44332
6.57853
4.44332
4.44332
4.44332
6.57853
6.57853
4.44332
6.57853
4.44332
6.57853
4.44332
6.57853
6.57853
6.57853
4.44332
6.57853
4.44332
6.57853
6.57853
6.57853
4.44332
6.57853
4.44332
6.57853
4.44332
4.44332
6.57853
4.44332
6.57853
6.57853
6.57853
4.44332
6.57853
4.44332
6.57853
4.44332
6.57853
6.57853
6.57853
4.44332
6.57853
4.44332
6.57853
4.44332
6.57853
4.44332
6.57853
4.44332
6.57853
4.44332
4.44332
4.44332
6.57853
4.44332
4.44332
4.44332
6.57853
6.57853
4.44332
6.57853
6.57853
6.57853
4.44332
6.57853
4.44332
6.57853
4.44332
6.57853
4.44332
6.57853
4.44332
6.57853
4.44332
6.57853
4.44332
4.44332
4.44332
6.57853
4.44332
4.44332
4.44332
6.57853
4.44332
6.57853
4.44332
6.57853
6.57853
6.57853
4.44332
6.57853
6.57853
4.44332
6.57853
4.44332
6.57853
4.44332
4.44332
4.44332
6.57853
4.44332
6.57853
4.44332
6.57853
4.44332
4.44332
4.44332
6.57853
4.44332
6.57853
4.44332
6.57853
6.57853
4.44332
6.57853
4.44332
6.57853
4.44332
6.57853
4.44332
6.57853
4.44332
6.57853
4.44332
6.57853
6.57853
6.57853
4.44332
4.44332
4.44332
4.44332
6.57853
4.44332
6.57853
4.44332
6.57853
4.44332
4.44332
4.44332
6.57853
4.44332
6.57853
4.44332
4.44332
4.44332
6.57853
4.44332
6.57853
4.44332
6.57853
4.44332
6.57853
4.44332
6.57853
4.44332
6.57853
4.44332
6.57853
4.44332
6.57853
4.44332
6.57853
6.57853
4.44332
6.57853
4.44332
6.57853
4.44332
6.57853
4.44332
6.57853
4.44332
6.57853
4.44332
6.57853
6.57853
4.44332
6.57853
6.57853
6.57853
4.44332
6.57853
4.44332
6.57853
4.44332
6.57853
4.44332
6.57853
4.44332
4.44332
4.44332
6.57853
6.57853
6.57853
4.44332
6.57853
4.44332
6.57853
4.44332
6.57853
6.57853
4.44332
6.57853
6.57853
6.57853
4.44332
6.57853
4.44332
6.57853
4.44332
6.57853
4.44332
6.57853
6.57853
4.44332
6.57853
4.44332
6.57853
4.44332
6.57853
4.44332
6.57853
4.44332
6.57853
4.44332
6.57853
6.57853
6.57853
6.57853
4.44332
6.57853
4.44332
6.57853
4.44332
6.57853
4.44332
6.57853
6.57853
6.57853
6.57853
4.44332
6.57853
4.44332
6.57853
4.44332
6.57853
4.44332
6.57853
4.44332
6.57853
4.44332
6.57853
4.44332
6.57853
4.44332
6.57853
4.44332
6.57853
4.44332
4.44332
4.44332
6.57853
4.44332
6.57853
4.44332
6.57853
4.44332
6.57853
6.57853
4.44332
4.44332
4.44332
6.57853
4.44332
6.57853
4.44332
6.57853
4.44332
6.57853
4.44332
4.44332
4.44332
6.57853
4.44332
6.57853
4.44332
4.44332
4.44332
6.57853
4.44332
6.57853
4.44332
6.57853
6.57853
4.44332
6.57853
4.44332
6.57853
4.44332
6.57853
4.44332
6.57853
4.44332
6.57853
4.44332
6.57853
6.57853
6.57853
4.44332
6.57853
4.44332
6.57853
4.44332
6.57853
4.44332
6.57853
4.44332
6.57853
4.44332
6.57853
4.44332
6.57853
4.44332
6.57853
4.44332
6.57853
4.44332
6.57853
4.44332
6.57853
6.57853
6.57853
6.57853
4.44332
6.57853
4.44332
6.57853
4.44332
6.57853
4.44332
6.57853
4.44332
6.57853
4.44332
6.57853
4.44332
6.57853
4.44332
6.57853
6.57853
4.44332
6.57853
4.44332
6.57853
4.44332
6.57853
6.57853
6.57853
4.44332
6.57853
4.44332
6.57853
4.44332
6.57853
6.57853
4.44332
6.57853
4.44332
6.57853
4.44332
6.57853
4.44332
6.57853
4.44332
6.57853
4.44332
6.57853
4.44332
6.57853
4.44332
6.57853
6.57853
4.44332
6.57853
4.44332
6.57853
4.44332
6.57853
4.44332
6.57853
4.44332
6.57853
4.44332
6.57853
4.44332
6.57853
6.57853
4.44332
6.57853
4.44332
6.57853
4.44332
6.57853
4.44332
6.57853
4.44332
6.57853
4.44332
6.57853
4.44332
6.57853
6.57853
4.44332
6.57853
4.44332
6.57853
4.44332
6.57853
4.44332
6.57853
4.44332
6.57853
4.44332
6.57853
4.44332
6.57853
4.44332
6.57853
4.44332
6.57853
6.57853
4.44332
6.57853
4.44332
6.57853
4.44332
6.57853
4.44332
6.57853
4.44332
6.57853
4.44332
6.57853
4.44332
6.57853
4.44332
6.57853
4.44332
4.44332
6.57853
4.44332
6.57853
4.44332
6.57853
4.44332
6.57853
4.44332
6.57853
4.44332
6.57853
4.44332
6.57853
4.44332
6.57853
4.44332
6.57853
4.44332
6.57853
4.44332
6.57853
4.44332
6.57853
6.57853
4.44332
6.57853
4.44332
6.57853
4.44332
6.57853
4.44332
6.57853
6.57853
6.57853
4.44332
6.57853
4.44332
6.57853
4.44332
6.57853
4.44332
6.57853
4.44332
6.57853
4.44332
6.57853
4.44332
6.57853
4.44332
6.57853
4.44332
6.57853
6.57853
4.44332
6.57853
4.44332
6.57853
6.57853
6.57853
4.44332
6.57853
4.44332
6.57853
6.57853
4.44332
6.57853
4.44332
6.57853
4.44332
6.57853
4.44332
6.57853
4.44332
6.57853
4.44332
6.57853
4.44332
6.57853
4.44332
6.57853
4.44332
6.57853
6.57853
6.57853
6.57853
4.44332
6.57853
4.44332
6.57853
4.44332
6.57853
4.44332
6.57853
4.44332
6.57853
4.44332
6.57853
4.44332
6.57853
4.44332
6.57853
4.44332
6.57853
6.57853
4.44332
6.57853
4.44332
6.57853
4.44332
6.57853
4.44332
6.57853
4.44332
6.57853
4.44332
6.57853
4.44332
6.57853
4.44332
6.57853
4.44332
6.57853
6.57853
4.44332
6.57853
4.44332
6.57853
4.44332
6.57853
4.44332
6.57853
4.44332
6.57853
4.44332
6.57853
4.44332
6.57853
4.44332
6.57853
4.44332
6.57853
4.44332
6.57853
6.57853
4.44332
6.57853
4.44332
6.57853
4.44332
6.57853
4.44332
6.57853
4.44332
6.57853
4.44332
6.57853
6.57853
4.44332
6.57853
4.44332
6.57853
4.44332
6.57853
4.44332
6.57853
4.44332
6.57853
4.44332
6.57853
4.44332
6.57853
4.44332
6.57853
4.44332
4.44332
4.44332
6.57853
4.44332
6.57853
4.44332
6.57853
4.44332
6.57853
4.44332
6.57853
4.44332
6.57853
4.44332
6.57853
4.44332
6.57853
6.57853
6.57853
4.44332
6.57853
6.57853
4.44332
6.57853
4.44332
6.57853
4.44332
6.57853
4.44332
6.57853
4.44332
6.57853
4.44332
6.57853
4.44332
6.57853
4.44332
6.57853
4.44332
6.57853
4.44332
6.57853
6.57853
6.57853
4.44332
6.57853
4.44332
6.57853
4.44332
6.57853
6.57853
4.44332
6.57853
4.44332
6.57853
4.44332
6.57853
4.44332
6.57853
4.44332
6.57853
4.44332
6.57853
4.44332
6.57853
4.44332
6.57853
4.44332
6.57853
6.57853
4.44332
6.57853
4.44332
6.57853
4.44332
4.44332
4.44332
6.57853
4.44332
6.57853
4.44332
6.57853
6.57853
6.57853
6.57853
6.57853
4.44332
6.57853
4.44332
6.57853
4.44332
6.57853
6.57853
4.44332
6.57853
4.44332
6.57853
4.44332
6.57853
4.44332
6.57853
4.44332
6.57853
4.44332
6.57853
4.44332
6.57853
4.44332
6.57853
4.44332
6.57853
4.44332
6.57853
4.44332
6.57853
4.44332
6.57853
6.57853
6.57853
4.44332
6.57853
4.44332
6.57853
6.57853
4.44332
6.57853
4.44332
6.57853
4.44332
6.57853
4.44332
6.57853
4.44332
6.57853
4.44332
6.57853
4.44332
6.57853
4.44332
6.57853
4.44332
6.57853
6.57853
4.44332
4.44332
6.57853
4.44332
6.57853
4.44332
6.57853
4.44332
6.57853
4.44332
6.57853
4.44332
6.57853
4.44332
6.57853
4.44332
6.57853
4.44332
6.57853
4.44332
6.57853
4.44332
6.57853
4.44332
6.57853
6.57853
4.44332
6.57853
4.44332
4.44332
4.44332
4.44332
4.44332
4.44332
4.44332
4.44332
4.44332
4.44332
4.44332
4.44332
4.44332
4.44332
4.44332
6.57853
4.44332
6.57853
4.44332
6.57853
4.44332
6.57853
4.44332
6.57853
4.44332
6.57853
4.44332
6.57853
4.44332
6.57853
6.57853
4.44332
6.57853
4.44332
4.44332
6.57853
6.57853
4.44332
6.57853
4.44332
6.57853
6.57853
6.57853
4.44332
6.57853
4.44332
6.57853
4.44332
6.57853
6.57853
6.57853
4.44332
6.57853
4.44332
6.57853
4.44332
6.57853
4.44332
6.57853
4.44332
6.57853
4.44332
6.57853
4.44332
6.57853
4.44332
6.57853
4.44332
6.57853
4.44332
6.57853
4.44332
6.57853
4.44332
6.57853
4.44332
6.57853
4.44332
6.57853
4.44332
6.57853
4.44332
4.44332
4.44332
6.57853
4.44332
6.57853
4.44332
4.44332
4.44332
6.57853
4.44332
6.57853
4.44332
6.57853
4.44332
6.57853
4.44332
6.57853
4.44332
6.57853
4.44332
6.57853
4.44332
6.57853
4.44332
6.57853
4.44332
6.57853
4.44332
6.57853
4.44332
6.57853
4.44332
6.57853
6.57853
6.57853
6.57853
4.44332
6.57853
6.57853
6.57853
6.57853
6.57853
4.44332
6.57853
4.44332
6.57853
4.44332
6.57853
4.44332
6.57853
4.44332
6.57853
4.44332
6.57853
4.44332
6.57853
4.44332
6.57853
4.44332
6.57853
4.44332
6.57853
4.44332
6.57853
6.57853
4.44332
6.57853
4.44332
6.57853
4.44332
6.57853
4.44332
6.57853
6.57853
6.57853
4.44332
6.57853
4.44332
6.57853
4.44332
6.57853
6.57853
4.44332
4.44332
4.44332
6.57853
6.57853
6.57853
4.44332
6.57853
4.44332
6.57853
4.44332
6.57853
4.44332
6.57853
6.57853
6.57853
4.44332
6.57853
4.44332
6.57853
4.44332
6.57853
4.44332
6.57853
6.57853
6.57853
4.44332
6.57853
6.57853
4.44332
6.57853
4.44332
6.57853
4.44332
6.57853
4.44332
6.57853
4.44332
6.57853
6.57853
6.57853
4.44332
6.57853
4.44332
6.57853
4.44332
6.57853
4.44332
6.57853
6.57853
4.44332
4.44332
6.57853
4.44332
6.57853
4.44332
6.57853
4.44332
6.57853
6.57853
4.44332
6.57853
4.44332
4.44332
4.44332
6.57853
4.44332
6.57853
6.57853
6.57853
4.44332
6.57853
4.44332
6.57853
4.44332
6.57853
4.44332
6.57853
4.44332
4.44332
4.44332
6.57853
4.44332
6.57853
4.44332
6.57853
4.44332
6.57853
6.57853
4.44332
6.57853
4.44332
6.57853
4.44332
4.44332
6.57853
6.57853
4.44332
4.44332
4.44332
6.57853
4.44332
6.57853
4.44332
6.57853
4.44332
6.57853
4.44332
6.57853
4.44332
6.57853
4.44332
6.57853
4.44332
6.57853
4.44332
6.57853
4.44332
6.57853
4.44332
6.57853
4.44332
6.57853
6.57853
4.44332
6.57853
4.44332
6.57853
4.44332
6.57853
4.44332
6.57853
4.44332
6.57853
4.44332
6.57853
4.44332
6.57853
4.44332
6.57853
4.44332
6.57853
4.44332
6.57853
6.57853
4.44332
6.57853
4.44332
6.57853
4.44332
6.57853
4.44332
6.57853
4.44332
6.57853
4.44332
6.57853
4.44332
6.57853
4.44332
6.57853
4.44332
6.57853
4.44332
6.57853
4.44332
6.57853
4.44332
6.57853
4.44332
6.57853
4.44332
6.57853
4.44332
6.57853
6.57853
4.44332
6.57853
4.44332
6.57853
4.44332
6.57853
4.44332
6.57853
4.44332
6.57853
4.44332
6.57853
4.44332
6.57853
4.44332
6.57853
4.44332
6.57853
4.44332
6.57853
4.44332
6.57853
4.44332
6.57853
6.57853
4.44332
6.57853
4.44332
6.57853
4.44332
6.57853
4.44332
6.57853
4.44332
6.57853
4.44332
6.57853
4.44332
6.57853
4.44332
6.57853
4.44332
6.57853
4.44332
6.57853
6.57853
4.44332
6.57853
4.44332
6.57853
4.44332
6.57853
4.44332
6.57853
4.44332
6.57853
4.44332
6.57853
4.44332
6.57853
6.57853
4.44332
6.57853
4.44332
6.57853
4.44332
6.57853
4.44332
6.57853
4.44332
6.57853
4.44332
6.57853
4.44332
6.57853
4.44332
6.57853
6.57853
4.44332
6.57853
4.44332
6.57853
4.44332
6.57853
4.44332
6.57853
4.44332
6.57853
4.44332
6.57853
4.44332
6.57853
4.44332
6.57853
4.44332
6.57853
4.44332
6.57853
6.57853
4.44332
6.57853
4.44332
6.57853
4.44332
6.57853
4.44332
6.57853
4.44332
6.57853
4.44332
6.57853
4.44332
6.57853
4.44332
6.57853
4.44332
6.57853
4.44332
6.57853
4.44332
6.57853
4.44332
6.57853
4.44332
6.57853
4.44332
6.57853
4.44332
6.57853
4.44332
6.57853
6.57853
4.44332
6.57853
4.44332
6.57853
4.44332
6.57853
4.44332
6.57853
4.44332
6.57853
4.44332
6.57853
4.44332
6.57853
4.44332
6.57853
4.44332
6.57853
6.57853
4.44332
6.57853
4.44332
6.57853
4.44332
6.57853
4.44332
6.57853
4.44332
6.57853
4.44332
6.57853
4.44332
6.57853
4.44332
6.57853
4.44332
6.57853
4.44332
6.57853
6.57853
4.44332
6.57853
4.44332
6.57853
4.44332
4.44332
4.44332
6.57853
4.44332
6.57853
4.44332
6.57853
4.44332
6.57853
6.57853
4.44332
6.57853
4.44332
6.57853
4.44332
6.57853
4.44332
6.57853
4.44332
6.57853
4.44332
6.57853
4.44332
6.57853
4.44332
4.44332
4.44332
6.57853
4.44332
6.57853
4.44332
6.57853
4.44332
6.57853
6.57853
4.44332
6.57853
4.44332
6.57853
4.44332
6.57853
4.44332
6.57853
4.44332
6.57853
4.44332
6.57853
4.44332
6.57853
4.44332
6.57853
4.44332
6.57853
4.44332
6.57853
4.44332
6.57853
4.44332
6.57853
6.57853
4.44332
6.57853
4.44332
6.57853
4.44332
6.57853
4.44332
6.57853
4.44332
6.57853
6.57853
6.57853
4.44332
6.57853
4.44332
6.57853
6.57853
6.57853
4.44332
6.57853
4.44332
6.57853
6.57853
4.44332
6.57853
4.44332
6.57853
4.44332
6.57853
4.44332
6.57853
4.44332
6.57853
4.44332
6.57853
4.44332
6.57853
4.44332
6.57853
4.44332
4.44332
4.44332
6.57853
4.44332
6.57853
4.44332
6.57853
6.57853
6.57853
6.57853
4.44332
6.57853
4.44332
6.57853
4.44332
6.57853
4.44332
6.57853
4.44332
6.57853
4.44332
4.44332
4.44332
6.57853
4.44332
6.57853
6.57853
4.44332
6.57853
4.44332
6.57853
4.44332
4.44332
4.44332
6.57853
4.44332
6.57853
4.44332
6.57853
4.44332
6.57853
4.44332
4.44332
6.57853
4.44332
6.57853
4.44332
6.57853
4.44332
4.44332
4.44332
4.44332
4.44332
6.57853
4.44332
6.57853
4.44332
6.57853
4.44332
6.57853
4.44332
6.57853
4.44332
6.57853
4.44332
6.57853
4.44332
6.57853
4.44332
6.57853
4.44332
6.57853
4.44332
6.57853
4.44332
6.57853
4.44332
6.57853
4.44332
4.44332
4.44332
6.57853
4.44332
6.57853
6.57853
4.44332
6.57853
4.44332
6.57853
6.57853
6.57853
4.44332
4.44332
4.44332
6.57853
4.44332
6.57853
4.44332
6.57853
4.44332
6.57853
4.44332
6.57853
4.44332
6.57853
6.57853
6.57853
4.44332
4.44332
4.44332
6.57853
4.44332
6.57853
4.44332
6.57853
6.57853
4.44332
4.44332
4.44332
6.57853
4.44332
6.57853
4.44332
6.57853
4.44332
6.57853
4.44332
6.57853
4.44332
6.57853
6.57853
6.57853
4.44332
4.44332
4.44332
6.57853
4.44332
6.57853
6.57853
4.44332
6.57853
4.44332
6.57853
4.44332
6.57853
6.57853
6.57853
4.44332
6.57853
4.44332
6.57853
4.44332
6.57853
4.44332
6.57853
4.44332
4.44332
4.44332
4.44332
4.44332
6.57853
4.44332
6.57853
4.44332
6.57853
6.57853
6.57853
4.44332
4.44332
6.57853
4.44332
6.57853
4.44332
6.57853
4.44332
6.57853
4.44332
6.57853
4.44332
4.44332
4.44332
6.57853
4.44332
6.57853
4.44332
6.57853
4.44332
6.57853
4.44332
6.57853
6.57853
6.57853
6.57853
6.57853
4.44332
6.57853
6.57853
4.44332
6.57853
4.44332
6.57853
4.44332
6.57853
4.44332
6.57853
4.44332
6.57853
4.44332
6.57853
4.44332
6.57853
4.44332
6.57853
6.57853
4.44332
6.57853
4.44332
6.57853
4.44332
6.57853
4.44332
6.57853
4.44332
4.44332
4.44332
6.57853
4.44332
6.57853
4.44332
6.57853
4.44332
6.57853
4.44332
4.44332
4.44332
6.57853
4.44332
6.57853
4.44332
6.57853
4.44332
6.57853
6.57853
6.57853
4.44332
6.57853
4.44332
4.44332
4.44332
6.57853
4.44332
6.57853
6.57853
4.44332
6.57853
4.44332
6.57853
6.57853
6.57853
4.44332
6.57853
4.44332
6.57853
4.44332
6.57853
4.44332
4.44332
6.57853
6.57853
4.44332
6.57853
6.57853
6.57853
4.44332
6.57853
4.44332
6.57853
6.57853
4.44332
6.57853
4.44332
4.44332
4.44332
6.57853
4.44332
6.57853
4.44332
6.57853
4.44332
6.57853
4.44332
6.57853
6.57853
6.57853
4.44332
6.57853
6.57853
6.57853
4.44332
6.57853
4.44332
6.57853
4.44332
6.57853
6.57853
4.44332
4.44332
4.44332
6.57853
4.44332
6.57853
4.44332
6.57853
4.44332
6.57853
4.44332
6.57853
6.57853
6.57853
4.44332
6.57853
6.57853
6.57853
4.44332
6.57853
4.44332
6.57853
4.44332
6.57853
4.44332
4.44332
6.57853
4.44332
4.44332
6.57853
6.57853
4.44332
6.57853
4.44332
6.57853
4.44332
6.57853
6.57853
6.57853
6.57853
6.57853
4.44332
6.57853
4.44332
6.57853
6.57853
6.57853
4.44332
6.57853
6.57853
6.57853
4.44332
6.57853
4.44332
6.57853
4.44332
6.57853
4.44332
6.57853
4.44332
6.57853
6.57853
6.57853
6.57853
4.44332
6.57853
4.44332
6.57853
4.44332
6.57853
4.44332
6.57853
4.44332
6.57853
4.44332
6.57853
4.44332
6.57853
6.57853
6.57853
4.44332
6.57853
4.44332
6.57853
4.44332
6.57853
4.44332
6.57853
4.44332
6.57853
6.57853
4.44332
4.44332
4.44332
6.57853
4.44332
6.57853
4.44332
6.57853
4.44332
6.57853
6.57853
6.57853
6.57853
6.57853
4.44332
6.57853
4.44332
6.57853
4.44332
6.57853
4.44332
6.57853
4.44332
6.57853
4.44332
4.44332
4.44332
6.57853
4.44332
6.57853
4.44332
6.57853
4.44332
6.57853
4.44332
4.44332
4.44332
6.57853
4.44332
6.57853
4.44332
6.57853
4.44332
6.57853
4.44332
6.57853
4.44332
6.57853
4.44332
6.57853
4.44332
4.44332
4.44332
6.57853
6.57853
6.57853
4.44332
6.57853
4.44332
6.57853
4.44332
6.57853
4.44332
6.57853
4.44332
6.57853
4.44332
6.57853
4.44332
6.57853
4.44332
6.57853
6.57853
4.44332
6.57853
4.44332
6.57853
6.57853
6.57853
6.57853
6.57853
4.44332
4.44332
4.44332
6.57853
6.57853
6.57853
4.44332
6.57853
4.44332
6.57853
4.44332
6.57853
4.44332
6.57853
4.44332
6.57853
4.44332
6.57853
4.44332
6.57853
4.44332
6.57853
4.44332
6.57853
6.57853
4.44332
6.57853
4.44332
6.57853
4.44332
6.57853
4.44332
6.57853
4.44332
6.57853
4.44332
6.57853
4.44332
6.57853
6.57853
4.44332
6.57853
4.44332
6.57853
4.44332
6.57853
6.57853
6.57853
4.44332
6.57853
4.44332
6.57853
4.44332
6.57853
4.44332
6.57853
4.44332
6.57853
4.44332
6.57853
4.44332
6.57853
4.44332
6.57853
4.44332
6.57853
4.44332
6.57853
4.44332
6.57853
6.57853
4.44332
6.57853
6.57853
6.57853
4.44332
6.57853
6.57853
6.57853
4.44332
6.57853
4.44332
6.57853
4.44332
6.57853
4.44332
6.57853
4.44332
6.57853
4.44332
6.57853
4.44332
6.57853
4.44332
6.57853
4.44332
6.57853
4.44332
6.57853
4.44332
6.57853
6.57853
4.44332
6.57853
4.44332
6.57853
6.57853
6.57853
4.44332
4.44332
4.44332
6.57853
4.44332
6.57853
4.44332
6.57853
4.44332
6.57853
4.44332
6.57853
4.44332
6.57853
4.44332
6.57853
4.44332
6.57853
6.57853
4.44332
6.57853
4.44332
6.57853
6.57853
4.44332
4.44332
6.57853
6.57853
6.57853
4.44332
6.57853
4.44332
6.57853
4.44332
6.57853
4.44332
6.57853
6.57853
4.44332
6.57853
4.44332
6.57853
4.44332
6.57853
4.44332
6.57853
4.44332
6.57853
6.57853
6.57853
4.44332
6.57853
4.44332
6.57853
4.44332
6.57853
4.44332
4.44332
4.44332
6.57853
6.57853
6.57853
6.57853
4.44332
6.57853
4.44332
6.57853
4.44332
6.57853
4.44332
4.44332
4.44332
6.57853
4.44332
6.57853
4.44332
6.57853
4.44332
6.57853
4.44332
4.44332
6.57853
6.57853
4.44332
6.57853
4.44332
6.57853
4.44332
6.57853
6.57853
6.57853
4.44332
6.57853
4.44332
6.57853
4.44332
6.57853
4.44332
6.57853
4.44332
4.44332
4.44332
4.44332
4.44332
6.57853
4.44332
6.57853
4.44332
6.57853
4.44332
6.57853
4.44332
6.57853
6.57853
4.44332
6.57853
4.44332
6.57853
4.44332
6.57853
4.44332
4.44332
4.44332
6.57853
4.44332
6.57853
4.44332
6.57853
4.44332
6.57853
6.57853
4.44332
4.44332
6.57853
4.44332
6.57853
6.57853
4.44332
6.57853
4.44332
6.57853
6.57853
6.57853
4.44332
6.57853
6.57853
6.57853
4.44332
6.57853
4.44332
6.57853
4.44332
6.57853
4.44332
6.57853
6.57853
4.44332
4.44332
6.57853
4.44332
6.57853
4.44332
6.57853
4.44332
6.57853
4.44332
4.44332
4.44332
6.57853
4.44332
4.44332
6.57853
4.44332
4.44332
6.57853
4.44332
6.57853
4.44332
6.57853
4.44332
6.57853
6.57853
4.44332
4.44332
6.57853
4.44332
6.57853
4.44332
6.57853
4.44332
6.57853
4.44332
6.57853
4.44332
6.57853
6.57853
6.57853
6.57853
6.57853
4.44332
6.57853
4.44332
6.57853
4.44332
6.57853
4.44332
4.44332
6.57853
4.44332
6.57853
4.44332
4.44332
4.44332
6.57853
4.44332
6.57853
4.44332
6.57853
4.44332
6.57853
4.44332
6.57853
4.44332
6.57853
4.44332
6.57853
4.44332
6.57853
4.44332
4.44332
6.57853
4.44332
6.57853
6.57853
4.44332
6.57853
6.57853
4.44332
6.57853
4.44332
6.57853
4.44332
6.57853
4.44332
6.57853
4.44332
6.57853
4.44332
6.57853
4.44332
6.57853
4.44332
6.57853
4.44332
6.57853
4.44332
6.57853
6.57853
4.44332
4.44332
6.57853
6.57853
6.57853
4.44332
6.57853
4.44332
4.44332
6.57853
4.44332
6.57853
4.44332
6.57853
4.44332
6.57853
4.44332
6.57853
4.44332
6.57853
4.44332
6.57853
4.44332
6.57853
4.44332
6.57853
4.44332
6.57853
4.44332
6.57853
6.57853
4.44332
6.57853
6.57853
6.57853
4.44332
6.57853
4.44332
4.44332
6.57853
4.44332
4.44332
6.57853
4.44332
6.57853
4.44332
6.57853
6.57853
4.44332
6.57853
4.44332
6.57853
4.44332
6.57853
4.44332
6.57853
4.44332
6.57853
4.44332
6.57853
4.44332
6.57853
4.44332
6.57853
4.44332
6.57853
6.57853
6.57853
4.44332
4.44332
4.44332
6.57853
4.44332
6.57853
6.57853
4.44332
6.57853
4.44332
6.57853
4.44332
6.57853
4.44332
6.57853
4.44332
6.57853
4.44332
6.57853
4.44332
6.57853
4.44332
6.57853
4.44332
6.57853
4.44332
6.57853
4.44332
6.57853
4.44332
6.57853
6.57853
4.44332
6.57853
4.44332
4.44332
6.57853
6.57853
4.44332
6.57853
4.44332
4.44332
6.57853
6.57853
4.44332
6.57853
4.44332
6.57853
4.44332
6.57853
4.44332
6.57853
4.44332
6.57853
4.44332
6.57853
4.44332
6.57853
4.44332
6.57853
6.57853
4.44332
6.57853
4.44332
6.57853
4.44332
6.57853
4.44332
6.57853
4.44332
6.57853
4.44332
6.57853
4.44332
6.57853
4.44332
4.44332
4.44332
4.44332
6.57853
4.44332
6.57853
4.44332
6.57853
4.44332
6.57853
4.44332
4.44332
4.44332
4.44332
4.44332
6.57853
4.44332
6.57853
4.44332
6.57853
4.44332
6.57853
6.57853
6.57853
6.57853
4.44332
6.57853
4.44332
6.57853
4.44332
6.57853
4.44332
6.57853
4.44332
6.57853
6.57853
4.44332
4.44332
6.57853
4.44332
6.57853
4.44332
6.57853
4.44332
6.57853
6.57853
4.44332
4.44332
6.57853
4.44332
6.57853
4.44332
6.57853
4.44332
6.57853
6.57853
4.44332
6.57853
6.57853
6.57853
6.57853
6.57853
4.44332
6.57853
4.44332
6.57853
4.44332
6.57853
4.44332
4.44332
6.57853
6.57853
4.44332
6.57853
4.44332
6.57853
4.44332
6.57853
4.44332
4.44332
6.57853
6.57853
4.44332
6.57853
4.44332
6.57853
4.44332
6.57853
4.44332
6.57853
4.44332
6.57853
4.44332
6.57853
4.44332
4.44332
6.57853
4.44332
4.44332
6.57853
6.57853
4.44332
6.57853
4.44332
6.57853
4.44332
6.57853
4.44332
6.57853
4.44332
4.44332
6.57853
6.57853
4.44332
6.57853
4.44332
6.57853
4.44332
6.57853
4.44332
4.44332
6.57853
6.57853
6.57853
4.44332
6.57853
4.44332
6.57853
4.44332
6.57853
4.44332
4.44332
4.44332
6.57853
6.57853
4.44332
4.44332
6.57853
4.44332
6.57853
4.44332
6.57853
4.44332
6.57853
4.44332
4.44332
6.57853
6.57853
4.44332
6.57853
4.44332
6.57853
4.44332
6.57853
4.44332
6.57853
6.57853
6.57853
4.44332
4.44332
6.57853
6.57853
4.44332
6.57853
4.44332
6.57853
6.57853
4.44332
6.57853
6.57853
4.44332
4.44332
6.57853
4.44332
6.57853
4.44332
6.57853
4.44332
6.57853
4.44332
6.57853
4.44332
6.57853
4.44332
6.57853
4.44332
6.57853
4.44332
6.57853
4.44332
6.57853
4.44332
6.57853
4.44332
6.57853
6.57853
6.57853
4.44332
4.44332
6.57853
4.44332
6.57853
4.44332
6.57853
4.44332
6.57853
4.44332
6.57853
4.44332
6.57853
4.44332
6.57853
4.44332
6.57853
6.57853
4.44332
6.57853
4.44332
6.57853
4.44332
6.57853
4.44332
4.44332
4.44332
6.57853
4.44332
6.57853
4.44332
4.44332
6.57853
4.44332
4.44332
6.57853
4.44332
6.57853
6.57853
4.44332
6.57853
4.44332
6.57853
4.44332
6.57853
4.44332
6.57853
4.44332
6.57853
4.44332
6.57853
4.44332
6.57853
4.44332
6.57853
6.57853
4.44332
6.57853
4.44332
6.57853
4.44332
6.57853
4.44332
6.57853
4.44332
6.57853
4.44332
4.44332
4.44332
6.57853
4.44332
4.44332
6.57853
4.44332
6.57853
6.57853
4.44332
6.57853
4.44332
6.57853
6.57853
4.44332
6.57853
4.44332
6.57853
4.44332
6.57853
4.44332
6.57853
4.44332
6.57853
4.44332
6.57853
4.44332
6.57853
4.44332
6.57853
4.44332
6.57853
4.44332
6.57853
4.44332
6.57853
4.44332
6.57853
4.44332
6.57853
6.57853
4.44332
6.57853
4.44332
6.57853
6.57853
4.44332
6.57853
6.57853
4.44332
6.57853
4.44332
6.57853
4.44332
6.57853
4.44332
6.57853
4.44332
6.57853
4.44332
6.57853
4.44332
6.57853
4.44332
6.57853
4.44332
6.57853
4.44332
6.57853
6.57853
4.44332
6.57853
4.44332
6.57853
4.44332
4.44332
4.44332
6.57853
4.44332
4.44332
6.57853
4.44332
4.44332
6.57853
4.44332
6.57853
6.57853
4.44332
6.57853
4.44332
6.57853
4.44332
6.57853
4.44332
6.57853
4.44332
6.57853
6.57853
4.44332
4.44332
6.57853
4.44332
6.57853
4.44332
6.57853
6.57853
4.44332
6.57853
6.57853
6.57853
6.57853
4.44332
4.44332
6.57853
4.44332
6.57853
4.44332
4.44332
4.44332
6.57853
4.44332
4.44332
4.44332
6.57853
4.44332
6.57853
6.57853
4.44332
6.57853
4.44332
6.57853
6.57853
4.44332
4.44332
6.57853
4.44332
6.57853
4.44332
6.57853
4.44332
6.57853
4.44332
4.44332
6.57853
4.44332
4.44332
4.44332
4.44332
4.44332
6.57853
4.44332
6.57853
4.44332
6.57853
4.44332
6.57853
6.57853
4.44332
4.44332
6.57853
4.44332
6.57853
6.57853
4.44332
6.57853
4.44332
4.44332
6.57853
6.57853
6.57853
4.44332
4.44332
6.57853
4.44332
6.57853
4.44332
6.57853
4.44332
6.57853
6.57853
4.44332
6.57853
4.44332
6.57853
4.44332
6.57853
4.44332
6.57853
4.44332
4.44332
6.57853
6.57853
4.44332
6.57853
6.57853
4.44332
6.57853
4.44332
6.57853
4.44332
4.44332
4.44332
6.57853
6.57853
4.44332
4.44332
6.57853
4.44332
6.57853
4.44332
6.57853
6.57853
4.44332
6.57853
6.57853
4.44332
4.44332
6.57853
4.44332
6.57853
4.44332
6.57853
4.44332
6.57853
6.57853
4.44332
4.44332
6.57853
6.57853
4.44332
6.57853
4.44332
6.57853
4.44332
6.57853
4.44332
6.57853
6.57853
6.57853
6.57853
6.57853
4.44332
6.57853
4.44332
6.57853
6.57853
4.44332
6.57853
6.57853
4.44332
4.44332
6.57853
4.44332
6.57853
4.44332
6.57853
4.44332
6.57853
4.44332
6.57853
4.44332
6.57853
6.57853
4.44332
6.57853
4.44332
6.57853
4.44332
6.57853
4.44332
6.57853
4.44332
4.44332
4.44332
4.44332
4.44332
6.57853
4.44332
6.57853
6.57853
4.44332
6.57853
4.44332
4.44332
4.44332
4.44332
6.57853
6.57853
4.44332
6.57853
4.44332
6.57853
4.44332
6.57853
6.57853
4.44332
4.44332
6.57853
6.57853
4.44332
6.57853
4.44332
6.57853
4.44332
6.57853
4.44332
4.44332
6.57853
6.57853
6.57853
4.44332
6.57853
4.44332
6.57853
4.44332
6.57853
4.44332
4.44332
4.44332
6.57853
6.57853
4.44332
4.44332
6.57853
4.44332
6.57853
4.44332
6.57853
6.57853
4.44332
6.57853
6.57853
4.44332
4.44332
6.57853
4.44332
6.57853
4.44332
6.57853
4.44332
6.57853
6.57853
6.57853
6.57853
4.44332
6.57853
6.57853
6.57853
4.44332
6.57853
4.44332
6.57853
4.44332
6.57853
4.44332
6.57853
6.57853
6.57853
6.57853
6.57853
4.44332
6.57853
6.57853
4.44332
6.57853
4.44332
6.57853
6.57853
6.57853
6.57853
4.44332
4.44332
6.57853
4.44332
6.57853
4.44332
6.57853
4.44332
6.57853
4.44332
6.57853
6.57853
4.44332
6.57853
6.57853
6.57853
4.44332
6.57853
4.44332
6.57853
4.44332
6.57853
6.57853
6.57853
4.44332
4.44332
6.57853
6.57853
4.44332
6.57853
4.44332
6.57853
4.44332
6.57853
4.44332
6.57853
6.57853
4.44332
4.44332
4.44332
4.44332
6.57853
6.57853
4.44332
6.57853
4.44332
6.57853
4.44332
6.57853
4.44332
4.44332
6.57853
4.44332
4.44332
6.57853
6.57853
4.44332
6.57853
4.44332
6.57853
4.44332
6.57853
6.57853
4.44332
4.44332
6.57853
4.44332
6.57853
4.44332
6.57853
4.44332
6.57853
6.57853
6.57853
6.57853
6.57853
6.57853
4.44332
6.57853
4.44332
6.57853
4.44332
6.57853
4.44332
6.57853
6.57853
4.44332
6.57853
4.44332
6.57853
4.44332
6.57853
4.44332
6.57853
4.44332
6.57853
6.57853
4.44332
4.44332
4.44332
6.57853
6.57853
6.57853
4.44332
6.57853
4.44332
6.57853
4.44332
6.57853
6.57853
6.57853
6.57853
6.57853
4.44332
6.57853
4.44332
6.57853
6.57853
4.44332
6.57853
4.44332
4.44332
6.57853
4.44332
6.57853
4.44332
4.44332
6.57853
4.44332
6.57853
4.44332
6.57853
6.57853
4.44332
6.57853
4.44332
6.57853
6.57853
6.57853
6.57853
6.57853
4.44332
6.57853
4.44332
6.57853
4.44332
6.57853
4.44332
6.57853
6.57853
4.44332
6.57853
6.57853
6.57853
6.57853
6.57853
4.44332
6.57853
4.44332
6.57853
4.44332
6.57853
4.44332
4.44332
4.44332
4.44332
6.57853
4.44332
6.57853
4.44332
6.57853
4.44332
4.44332
4.44332
6.57853
6.57853
4.44332
4.44332
6.57853
4.44332
6.57853
4.44332
6.57853
4.44332
6.57853
6.57853
4.44332
4.44332
6.57853
4.44332
6.57853
6.57853
4.44332
6.57853
4.44332
4.44332
6.57853
6.57853
4.44332
6.57853
4.44332
6.57853
4.44332
6.57853
4.44332
6.57853
4.44332
6.57853
4.44332
6.57853
6.57853
4.44332
6.57853
4.44332
6.57853
4.44332
6.57853
4.44332
6.57853
4.44332
6.57853
4.44332
4.44332
4.44332
6.57853
6.57853
4.44332
4.44332
6.57853
4.44332
6.57853
4.44332
6.57853
4.44332
6.57853
6.57853
6.57853
6.57853
6.57853
4.44332
6.57853
4.44332
6.57853
4.44332
6.57853
4.44332
4.44332
6.57853
6.57853
6.57853
4.44332
6.57853
4.44332
6.57853
4.44332
6.57853
4.44332
6.57853
4.44332
4.44332
6.57853
6.57853
4.44332
6.57853
4.44332
6.57853
4.44332
6.57853
4.44332
4.44332
6.57853
6.57853
4.44332
6.57853
4.44332
6.57853
4.44332
6.57853
4.44332
4.44332
6.57853
6.57853
4.44332
6.57853
4.44332
6.57853
4.44332
6.57853
4.44332
6.57853
6.57853
6.57853
4.44332
6.57853
4.44332
6.57853
4.44332
6.57853
4.44332
6.57853
4.44332
6.57853
6.57853
6.57853
4.44332
4.44332
4.44332
6.57853
6.57853
4.44332
6.57853
4.44332
6.57853
4.44332
6.57853
4.44332
6.57853
4.44332
6.57853
4.44332
4.44332
4.44332
6.57853
4.44332
6.57853
6.57853
4.44332
6.57853
4.44332
6.57853
6.57853
6.57853
4.44332
6.57853
4.44332
6.57853
4.44332
6.57853
4.44332
6.57853
4.44332
6.57853
4.44332
6.57853
6.57853
6.57853
4.44332
6.57853
4.44332
6.57853
4.44332
6.57853
4.44332
6.57853
6.57853
6.57853
4.44332
6.57853
4.44332
6.57853
4.44332
6.57853
4.44332
6.57853
4.44332
6.57853
4.44332
6.57853
6.57853
4.44332
4.44332
6.57853
6.57853
4.44332
6.57853
4.44332
6.57853
4.44332
6.57853
6.57853
6.57853
4.44332
6.57853
4.44332
6.57853
4.44332
6.57853
4.44332
6.57853
4.44332
6.57853
4.44332
4.44332
4.44332
6.57853
4.44332
6.57853
4.44332
6.57853
4.44332
6.57853
4.44332
4.44332
4.44332
6.57853
6.57853
4.44332
6.57853
4.44332
6.57853
4.44332
6.57853
6.57853
6.57853
4.44332
6.57853
4.44332
6.57853
4.44332
6.57853
4.44332
6.57853
4.44332
6.57853
4.44332
6.57853
6.57853
6.57853
4.44332
6.57853
4.44332
6.57853
6.57853
4.44332
6.57853
4.44332
4.44332
4.44332
6.57853
4.44332
6.57853
4.44332
6.57853
4.44332
6.57853
4.44332
6.57853
6.57853
6.57853
4.44332
4.44332
4.44332
6.57853
4.44332
6.57853
6.57853
4.44332
6.57853
4.44332
6.57853
4.44332
4.44332
4.44332
6.57853
4.44332
6.57853
4.44332
6.57853
4.44332
6.57853
4.44332
6.57853
6.57853
6.57853
4.44332
6.57853
6.57853
6.57853
4.44332
6.57853
6.57853
4.44332
6.57853
4.44332
6.57853
4.44332
6.57853
4.44332
6.57853
4.44332
6.57853
4.44332
6.57853
4.44332
6.57853
4.44332
6.57853
4.44332
6.57853
4.44332
4.44332
4.44332
6.57853
4.44332
6.57853
4.44332
6.57853
6.57853
4.44332
6.57853
4.44332
4.44332
6.57853
6.57853
4.44332
6.57853
4.44332
6.57853
4.44332
6.57853
4.44332
6.57853
6.57853
6.57853
4.44332
6.57853
4.44332
6.57853
4.44332
6.57853
6.57853
4.44332
6.57853
4.44332
6.57853
6.57853
6.57853
4.44332
6.57853
4.44332
6.57853
4.44332
6.57853
4.44332
6.57853
6.57853
6.57853
4.44332
6.57853
4.44332
6.57853
4.44332
6.57853
6.57853
4.44332
4.44332
4.44332
6.57853
4.44332
6.57853
4.44332
6.57853
4.44332
6.57853
4.44332
6.57853
4.44332
6.57853
6.57853
6.57853
6.57853
4.44332
6.57853
4.44332
6.57853
4.44332
6.57853
4.44332
4.44332
4.44332
6.57853
4.44332
6.57853
4.44332
6.57853
4.44332
6.57853
4.44332
4.44332
4.44332
6.57853
4.44332
6.57853
4.44332
6.57853
6.57853
4.44332
6.57853
4.44332
6.57853
6.57853
6.57853
4.44332
6.57853
4.44332
6.57853
4.44332
6.57853
4.44332
6.57853
4.44332
4.44332
4.44332
6.57853
4.44332
6.57853
6.57853
4.44332
6.57853
4.44332
6.57853
4.44332
4.44332
4.44332
4.44332
6.57853
6.57853
4.44332
6.57853
4.44332
6.57853
4.44332
6.57853
4.44332
6.57853
4.44332
4.44332
4.44332
6.57853
4.44332
6.57853
4.44332
6.57853
6.57853
4.44332
6.57853
6.57853
6.57853
4.44332
6.57853
4.44332
6.57853
4.44332
6.57853
4.44332
6.57853
4.44332
6.57853
6.57853
6.57853
6.57853
4.44332
6.57853
4.44332
6.57853
4.44332
6.57853
4.44332
6.57853
4.44332
6.57853
6.57853
6.57853
4.44332
6.57853
6.57853
4.44332
6.57853
4.44332
6.57853
4.44332
6.57853
4.44332
6.57853
6.57853
6.57853
4.44332
4.44332
4.44332
6.57853
6.57853
4.44332
4.44332
6.57853
4.44332
6.57853
6.57853
4.44332
6.57853
4.44332
6.57853
4.44332
6.57853
4.44332
6.57853
6.57853
4.44332
6.57853
6.57853
4.44332
6.57853
4.44332
6.57853
6.57853
4.44332
6.57853
4.44332
6.57853
4.44332
6.57853
4.44332
6.57853
4.44332
4.44332
4.44332
6.57853
4.44332
6.57853
4.44332
6.57853
4.44332
6.57853
4.44332
6.57853
6.57853
4.44332
6.57853
4.44332
6.57853
4.44332
6.57853
4.44332
6.57853
4.44332
6.57853
4.44332
6.57853
4.44332
6.57853
4.44332
6.57853
6.57853
4.44332
6.57853
4.44332
6.57853
4.44332
6.57853
4.44332
6.57853
4.44332
6.57853
4.44332
6.57853
4.44332
6.57853
4.44332
6.57853
6.57853
4.44332
6.57853
4.44332
6.57853
4.44332
6.57853
4.44332
6.57853
4.44332
6.57853
4.44332
6.57853
6.57853
4.44332
4.44332
6.57853
6.57853
4.44332
6.57853
4.44332
6.57853
4.44332
6.57853
4.44332
6.57853
4.44332
6.57853
4.44332
6.57853
6.57853
4.44332
6.57853
4.44332
6.57853
4.44332
6.57853
4.44332
6.57853
4.44332
6.57853
4.44332
6.57853
4.44332
6.57853
6.57853
6.57853
4.44332
4.44332
6.57853
4.44332
6.57853
4.44332
6.57853
4.44332
6.57853
6.57853
4.44332
6.57853
4.44332
6.57853
4.44332
6.57853
4.44332
6.57853
4.44332
6.57853
4.44332
6.57853
6.57853
4.44332
4.44332
6.57853
6.57853
4.44332
6.57853
4.44332
6.57853
4.44332
6.57853
4.44332
6.57853
4.44332
6.57853
4.44332
6.57853
6.57853
4.44332
6.57853
4.44332
6.57853
4.44332
6.57853
4.44332
6.57853
4.44332
4.44332
4.44332
6.57853
4.44332
6.57853
6.57853
4.44332
6.57853
4.44332
6.57853
4.44332
6.57853
4.44332
6.57853
4.44332
6.57853
4.44332
6.57853
4.44332
6.57853
4.44332
6.57853
4.44332
6.57853
6.57853
4.44332
6.57853
4.44332
6.57853
4.44332
6.57853
4.44332
6.57853
4.44332
6.57853
4.44332
6.57853
4.44332
6.57853
4.44332
6.57853
6.57853
4.44332
6.57853
4.44332
6.57853
4.44332
6.57853
4.44332
6.57853
6.57853
4.44332
6.57853
4.44332
6.57853
4.44332
6.57853
4.44332
6.57853
4.44332
6.57853
4.44332
6.57853
6.57853
4.44332
6.57853
4.44332
6.57853
4.44332
6.57853
4.44332
6.57853
4.44332
6.57853
4.44332
4.44332
6.57853
4.44332
6.57853
4.44332
6.57853
4.44332
6.57853
4.44332
6.57853
6.57853
6.57853
4.44332
6.57853
6.57853
4.44332
6.57853
4.44332
6.57853
4.44332
6.57853
4.44332
6.57853
4.44332
6.57853
6.57853
4.44332
6.57853
4.44332
4.44332
6.57853
6.57853
4.44332
6.57853
4.44332
6.57853
4.44332
6.57853
6.57853
4.44332
6.57853
4.44332
4.44332
6.57853
6.57853
4.44332
6.57853
4.44332
6.57853
6.57853
4.44332
6.57853
4.44332
6.57853
4.44332
6.57853
4.44332
6.57853
4.44332
4.44332
6.57853
4.44332
4.44332
6.57853
4.44332
6.57853
6.57853
6.57853
4.44332
4.44332
6.57853
4.44332
6.57853
4.44332
6.57853
4.44332
6.57853
6.57853
4.44332
6.57853
4.44332
6.57853
6.57853
4.44332
4.44332
6.57853
4.44332
6.57853
4.44332
6.57853
4.44332
6.57853
4.44332
6.57853
4.44332
6.57853
4.44332
6.57853
4.44332
6.57853
4.44332
6.57853
4.44332
6.57853
6.57853
4.44332
6.57853
4.44332
6.57853
4.44332
6.57853
4.44332
6.57853
6.57853
6.57853
6.57853
4.44332
6.57853
6.57853
4.44332
6.57853
4.44332
4.44332
6.57853
4.44332
6.57853
4.44332
6.57853
6.57853
6.57853
6.57853
4.44332
6.57853
4.44332
6.57853
4.44332
6.57853
4.44332
6.57853
6.57853
4.44332
6.57853
4.44332
6.57853
4.44332
6.57853
4.44332
6.57853
4.44332
6.57853
4.44332
4.44332
4.44332
4.44332
6.57853
4.44332
6.57853
6.57853
4.44332
6.57853
6.57853
4.44332
6.57853
4.44332
6.57853
4.44332
6.57853
4.44332
6.57853
4.44332
6.57853
6.57853
4.44332
6.57853
4.44332
6.57853
4.44332
6.57853
4.44332
6.57853
4.44332
6.57853
4.44332
6.57853
6.57853
4.44332
6.57853
4.44332
6.57853
4.44332
6.57853
6.57853
6.57853
6.57853
4.44332
6.57853
4.44332
6.57853
6.57853
6.57853
4.44332
6.57853
4.44332
6.57853
4.44332
6.57853
4.44332
6.57853
4.44332
6.57853
4.44332
6.57853
4.44332
6.57853
6.57853
4.44332
6.57853
4.44332
6.57853
4.44332
6.57853
4.44332
6.57853
4.44332
6.57853
4.44332
6.57853
4.44332
6.57853
6.57853
4.44332
6.57853
4.44332
6.57853
4.44332
6.57853
4.44332
6.57853
4.44332
6.57853
4.44332
6.57853
6.57853
4.44332
6.57853
4.44332
6.57853
4.44332
6.57853
4.44332
6.57853
4.44332
6.57853
4.44332
4.44332
6.57853
6.57853
4.44332
6.57853
6.57853
4.44332
6.57853
4.44332
6.57853
4.44332
4.44332
4.44332
6.57853
6.57853
4.44332
4.44332
6.57853
4.44332
6.57853
4.44332
6.57853
6.57853
4.44332
6.57853
4.44332
4.44332
6.57853
6.57853
4.44332
6.57853
4.44332
6.57853
4.44332
6.57853
4.44332
6.57853
4.44332
6.57853
4.44332
4.44332
4.44332
6.57853
6.57853
4.44332
6.57853
4.44332
6.57853
4.44332
6.57853
6.57853
4.44332
4.44332
6.57853
4.44332
6.57853
6.57853
4.44332
6.57853
4.44332
4.44332
6.57853
6.57853
6.57853
4.44332
6.57853
4.44332
6.57853
4.44332
6.57853
4.44332
6.57853
4.44332
6.57853
4.44332
4.44332
6.57853
6.57853
6.57853
4.44332
6.57853
4.44332
6.57853
4.44332
6.57853
4.44332
6.57853
4.44332
6.57853
4.44332
4.44332
6.57853
4.44332
6.57853
4.44332
6.57853
4.44332
6.57853
4.44332
6.57853
6.57853
6.57853
4.44332
6.57853
6.57853
4.44332
6.57853
4.44332
6.57853
6.57853
4.44332
4.44332
6.57853
4.44332
6.57853
6.57853
4.44332
6.57853
4.44332
6.57853
4.44332
6.57853
6.57853
4.44332
4.44332
6.57853
4.44332
6.57853
6.57853
4.44332
6.57853
4.44332
6.57853
6.57853
6.57853
4.44332
6.57853
4.44332
6.57853
4.44332
6.57853
6.57853
4.44332
4.44332
4.44332
6.57853
4.44332
6.57853
4.44332
6.57853
6.57853
6.57853
6.57853
6.57853
6.57853
6.57853
6.57853
6.57853
6.57853
6.57853
6.57853
6.57853
6.57853
4.44332
6.57853
6.57853
4.44332
4.44332
4.44332
4.44332
4.44332
6.57853
4.44332
4.44332
4.44332
6.57853
6.57853
6.57853
6.57853
4.44332
6.57853
4.44332
6.57853
6.57853
6.57853
4.44332
6.57853
4.44332
4.44332
6.57853
4.44332
6.57853
6.57853
6.57853
4.44332
4.44332
4.44332
6.57853
6.57853
4.44332
6.57853
4.44332
4.44332
4.44332
6.57853
4.44332
6.57853
4.44332
6.57853
6.57853
6.57853
4.44332
6.57853
6.57853
4.44332
6.57853
6.57853
6.57853
4.44332
6.57853
4.44332
4.44332
4.44332
6.57853
4.44332
6.57853
6.57853
4.44332
4.44332
4.44332
6.57853
4.44332
4.44332
4.44332
6.57853
4.44332
4.44332
4.44332
6.57853
4.44332
6.57853
4.44332
6.57853
6.57853
6.57853
6.57853
4.44332
6.57853
6.57853
6.57853
4.44332
6.57853
4.44332
6.57853
4.44332
4.44332
4.44332
6.57853
4.44332
6.57853
4.44332
6.57853
4.44332
4.44332
4.44332
6.57853
4.44332
6.57853
4.44332
6.57853
6.57853
6.57853
4.44332
4.44332
4.44332
6.57853
6.57853
6.57853
6.57853
4.44332
6.57853
4.44332
6.57853
4.44332
4.44332
4.44332
6.57853
4.44332
6.57853
6.57853
4.44332
6.57853
6.57853
6.57853
4.44332
6.57853
4.44332
4.44332
4.44332
6.57853
4.44332
6.57853
4.44332
6.57853
6.57853
4.44332
6.57853
6.57853
6.57853
4.44332
6.57853
4.44332
4.44332
4.44332
6.57853
6.57853
6.57853
4.44332
6.57853
6.57853
4.44332
6.57853
4.44332
4.44332
4.44332
6.57853
6.57853
6.57853
4.44332
6.57853
4.44332
4.44332
6.57853
4.44332
6.57853
4.44332
6.57853
4.44332
4.44332
4.44332
6.57853
4.44332
4.44332
4.44332
6.57853
6.57853
6.57853
6.57853
4.44332
6.57853
4.44332
6.57853
4.44332
6.57853
4.44332
6.57853
6.57853
6.57853
4.44332
6.57853
4.44332
6.57853
6.57853
4.44332
6.57853
6.57853
6.57853
4.44332
6.57853
6.57853
6.57853
4.44332
6.57853
4.44332
6.57853
4.44332
4.44332
6.57853
4.44332
6.57853
6.57853
6.57853
4.44332
6.57853
4.44332
6.57853
4.44332
6.57853
4.44332
4.44332
4.44332
6.57853
4.44332
6.57853
6.57853
6.57853
6.57853
4.44332
4.44332
4.44332
6.57853
4.44332
4.44332
4.44332
6.57853
6.57853
6.57853
6.57853
6.57853
4.44332
6.57853
6.57853
4.44332
6.57853
4.44332
4.44332
4.44332
6.57853
4.44332
6.57853
6.57853
6.57853
4.44332
6.57853
4.44332
6.57853
4.44332
4.44332
4.44332
6.57853
4.44332
4.44332
4.44332
6.57853
4.44332
6.57853
4.44332
4.44332
6.57853
4.44332
6.57853
4.44332
6.57853
6.57853
6.57853
4.44332
6.57853
6.57853
4.44332
4.44332
4.44332
4.44332
6.57853
6.57853
6.57853
4.44332
6.57853
6.57853
6.57853
6.57853
6.57853
6.57853
4.44332
4.44332
4.44332
6.57853
4.44332
6.57853
4.44332
4.44332
4.44332
6.57853
4.44332
4.44332
4.44332
6.57853
6.57853
4.44332
6.57853
4.44332
6.57853
4.44332
4.44332
4.44332
6.57853
4.44332
4.44332
4.44332
6.57853
6.57853
4.44332
4.44332
6.57853
4.44332
6.57853
6.57853
6.57853
6.57853
4.44332
6.57853
4.44332
6.57853
4.44332
6.57853
4.44332
6.57853
6.57853
6.57853
4.44332
6.57853
6.57853
4.44332
6.57853
4.44332
6.57853
6.57853
6.57853
4.44332
6.57853
6.57853
6.57853
4.44332
4.44332
6.57853
6.57853
6.57853
6.57853
6.57853
4.44332
4.44332
4.44332
6.57853
4.44332
6.57853
4.44332
6.57853
6.57853
6.57853
4.44332
6.57853
6.57853
4.44332
4.44332
4.44332
6.57853
4.44332
6.57853
4.44332
4.44332
6.57853
6.57853
4.44332
6.57853
6.57853
6.57853
6.57853
4.44332
4.44332
4.44332
4.44332
4.44332
6.57853
4.44332
4.44332
6.57853
4.44332
6.57853
4.44332
6.57853
4.44332
4.44332
4.44332
6.57853
6.57853
6.57853
4.44332
4.44332
6.57853
4.44332
6.57853
6.57853
6.57853
6.57853
4.44332
4.44332
6.57853
4.44332
4.44332
6.57853
4.44332
6.57853
4.44332
6.57853
4.44332
6.57853
4.44332
6.57853
6.57853
6.57853
4.44332
6.57853
4.44332
6.57853
4.44332
6.57853
4.44332
6.57853
6.57853
4.44332
6.57853
4.44332
6.57853
6.57853
6.57853
4.44332
4.44332
4.44332
6.57853
4.44332
6.57853
4.44332
4.44332
4.44332
6.57853
6.57853
4.44332
6.57853
4.44332
6.57853
4.44332
6.57853
6.57853
6.57853
4.44332
6.57853
4.44332
6.57853
4.44332
4.44332
6.57853
6.57853
6.57853
4.44332
6.57853
4.44332
4.44332
4.44332
6.57853
4.44332
6.57853
4.44332
6.57853
6.57853
4.44332
6.57853
6.57853
6.57853
4.44332
4.44332
4.44332
6.57853
4.44332
6.57853
4.44332
6.57853
4.44332
6.57853
6.57853
4.44332
6.57853
4.44332
6.57853
4.44332
6.57853
6.57853
4.44332
4.44332
6.57853
4.44332
6.57853
6.57853
4.44332
6.57853
4.44332
6.57853
4.44332
6.57853
4.44332
6.57853
4.44332
6.57853
6.57853
4.44332
6.57853
4.44332
6.57853
4.44332
6.57853
4.44332
4.44332
6.57853
4.44332
6.57853
4.44332
6.57853
4.44332
6.57853
4.44332
6.57853
4.44332
6.57853
6.57853
4.44332
6.57853
6.57853
6.57853
4.44332
4.44332
4.44332
6.57853
4.44332
6.57853
4.44332
6.57853
6.57853
4.44332
6.57853
4.44332
6.57853
4.44332
6.57853
4.44332
6.57853
4.44332
6.57853
6.57853
4.44332
6.57853
6.57853
6.57853
4.44332
4.44332
4.44332
6.57853
4.44332
6.57853
4.44332
6.57853
6.57853
6.57853
6.57853
6.57853
6.57853
4.44332
6.57853
4.44332
6.57853
4.44332
6.57853
4.44332
6.57853
6.57853
6.57853
6.57853
4.44332
6.57853
4.44332
6.57853
4.44332
6.57853
4.44332
6.57853
6.57853
4.44332
4.44332
4.44332
6.57853
4.44332
6.57853
4.44332
6.57853
4.44332
4.44332
6.57853
6.57853
6.57853
6.57853
6.57853
4.44332
6.57853
4.44332
6.57853
4.44332
6.57853
4.44332
4.44332
4.44332
6.57853
4.44332
6.57853
6.57853
4.44332
6.57853
4.44332
6.57853
4.44332
4.44332
4.44332
4.44332
4.44332
6.57853
4.44332
6.57853
4.44332
6.57853
4.44332
6.57853
4.44332
4.44332
6.57853
4.44332
6.57853
4.44332
6.57853
6.57853
6.57853
4.44332
6.57853
6.57853
6.57853
4.44332
6.57853
4.44332
6.57853
6.57853
4.44332
6.57853
4.44332
6.57853
4.44332
6.57853
4.44332
6.57853
4.44332
6.57853
6.57853
6.57853
4.44332
6.57853
6.57853
4.44332
6.57853
4.44332
6.57853
4.44332
4.44332
4.44332
6.57853
4.44332
6.57853
4.44332
6.57853
6.57853
6.57853
4.44332
6.57853
6.57853
4.44332
6.57853
4.44332
6.57853
4.44332
6.57853
4.44332
6.57853
4.44332
6.57853
4.44332
6.57853
4.44332
6.57853
6.57853
4.44332
4.44332
4.44332
6.57853
4.44332
6.57853
4.44332
6.57853
6.57853
4.44332
4.44332
6.57853
6.57853
4.44332
6.57853
4.44332
6.57853
6.57853
6.57853
6.57853
4.44332
4.44332
6.57853
4.44332
6.57853
6.57853
6.57853
6.57853
6.57853
4.44332
4.44332
6.57853
4.44332
6.57853
6.57853
4.44332
4.44332
6.57853
6.57853
4.44332
6.57853
4.44332
6.57853
4.44332
6.57853
4.44332
6.57853
4.44332
6.57853
4.44332
6.57853
6.57853
4.44332
6.57853
4.44332
6.57853
4.44332
6.57853
6.57853
6.57853
4.44332
6.57853
4.44332
6.57853
6.57853
6.57853
6.57853
6.57853
6.57853
4.44332
4.44332
4.44332
6.57853
4.44332
6.57853
6.57853
4.44332
6.57853
6.57853
6.57853
6.57853
6.57853
6.57853
6.57853
6.57853
6.57853
6.57853
6.57853
6.57853
6.57853
6.57853
6.57853
6.57853
6.57853
6.57853
6.57853
6.57853
6.57853
6.57853
4.44332
6.57853
4.44332
6.57853
6.57853
4.44332
6.57853
4.44332
6.57853
4.44332
4.44332
4.44332
6.57853
6.57853
4.44332
6.57853
6.57853
6.57853
4.44332
6.57853
4.44332
6.57853
4.44332
6.57853
4.44332
6.57853
6.57853
4.44332
6.57853
4.44332
6.57853
4.44332
6.57853
4.44332
6.57853
4.44332
6.57853
4.44332
6.57853
4.44332
6.57853
6.57853
4.44332
6.57853
4.44332
6.57853
4.44332
6.57853
4.44332
6.57853
4.44332
6.57853
4.44332
6.57853
4.44332
6.57853
6.57853
4.44332
6.57853
4.44332
6.57853
4.44332
6.57853
4.44332
6.57853
4.44332
6.57853
6.57853
4.44332
4.44332
6.57853
6.57853
4.44332
6.57853
4.44332
4.44332
6.57853
4.44332
6.57853
4.44332
4.44332
6.57853
4.44332
4.44332
6.57853
4.44332
6.57853
6.57853
4.44332
4.44332
6.57853
4.44332
6.57853
6.57853
6.57853
6.57853
4.44332
6.57853
4.44332
6.57853
4.44332
6.57853
6.57853
4.44332
6.57853
4.44332
6.57853
4.44332
6.57853
4.44332
6.57853
4.44332
6.57853
4.44332
6.57853
6.57853
4.44332
6.57853
6.57853
4.44332
6.57853
6.57853
6.57853
4.44332
4.44332
6.57853
4.44332
6.57853
6.57853
4.44332
6.57853
4.44332
6.57853
6.57853
6.57853
4.44332
6.57853
4.44332
6.57853
6.57853
4.44332
6.57853
4.44332
6.57853
4.44332
6.57853
4.44332
6.57853
4.44332
6.57853
4.44332
6.57853
4.44332
6.57853
6.57853
4.44332
6.57853
4.44332
6.57853
4.44332
4.44332
6.57853
4.44332
4.44332
6.57853
4.44332
4.44332
6.57853
4.44332
6.57853
6.57853
4.44332
6.57853
4.44332
4.44332
6.57853
4.44332
6.57853
6.57853
4.44332
6.57853
4.44332
6.57853
4.44332
4.44332
4.44332
6.57853
4.44332
6.57853
4.44332
6.57853
6.57853
4.44332
6.57853
4.44332
6.57853
4.44332
6.57853
4.44332
6.57853
4.44332
6.57853
6.57853
6.57853
6.57853
4.44332
6.57853
6.57853
6.57853
6.57853
4.44332
6.57853
6.57853
6.57853
4.44332
6.57853
4.44332
6.57853
6.57853
6.57853
4.44332
6.57853
6.57853
4.44332
6.57853
4.44332
4.44332
6.57853
6.57853
4.44332
6.57853
4.44332
6.57853
4.44332
6.57853
4.44332
6.57853
4.44332
6.57853
4.44332
6.57853
6.57853
4.44332
6.57853
4.44332
6.57853
4.44332
6.57853
4.44332
6.57853
4.44332
6.57853
4.44332
6.57853
6.57853
4.44332
6.57853
4.44332
6.57853
4.44332
6.57853
4.44332
6.57853
4.44332
6.57853
4.44332
6.57853
4.44332
6.57853
6.57853
6.57853
4.44332
6.57853
6.57853
4.44332
6.57853
4.44332
6.57853
6.57853
4.44332
6.57853
4.44332
6.57853
4.44332
6.57853
4.44332
6.57853
6.57853
4.44332
6.57853
4.44332
6.57853
4.44332
6.57853
4.44332
6.57853
4.44332
6.57853
4.44332
6.57853
4.44332
6.57853
6.57853
4.44332
6.57853
4.44332
6.57853
4.44332
6.57853
4.44332
6.57853
4.44332
6.57853
4.44332
6.57853
6.57853
4.44332
6.57853
4.44332
6.57853
4.44332
6.57853
4.44332
6.57853
4.44332
6.57853
6.57853
4.44332
6.57853
4.44332
6.57853
4.44332
6.57853
4.44332
6.57853
4.44332
6.57853
6.57853
6.57853
6.57853
6.57853
4.44332
4.44332
6.57853
4.44332
6.57853
6.57853
6.57853
6.57853
4.44332
6.57853
4.44332
6.57853
4.44332
6.57853
4.44332
6.57853
4.44332
6.57853
4.44332
6.57853
4.44332
6.57853
6.57853
6.57853
6.57853
4.44332
6.57853
4.44332
6.57853
4.44332
4.44332
4.44332
6.57853
4.44332
6.57853
4.44332
6.57853
6.57853
4.44332
6.57853
4.44332
6.57853
4.44332
4.44332
4.44332
6.57853
4.44332
4.44332
6.57853
6.57853
4.44332
6.57853
4.44332
6.57853
6.57853
4.44332
6.57853
4.44332
6.57853
6.57853
6.57853
4.44332
6.57853
4.44332
4.44332
6.57853
4.44332
6.57853
4.44332
6.57853
4.44332
6.57853
6.57853
6.57853
4.44332
6.57853
4.44332
6.57853
6.57853
4.44332
6.57853
4.44332
4.44332
4.44332
6.57853
4.44332
6.57853
4.44332
6.57853
4.44332
6.57853
4.44332
6.57853
6.57853
4.44332
6.57853
4.44332
6.57853
4.44332
6.57853
4.44332
6.57853
6.57853
4.44332
6.57853
4.44332
4.44332
4.44332
6.57853
4.44332
4.44332
4.44332
6.57853
6.57853
6.57853
6.57853
4.44332
6.57853
4.44332
6.57853
4.44332
6.57853
6.57853
6.57853
4.44332
4.44332
6.57853
4.44332
4.44332
6.57853
6.57853
4.44332
6.57853
4.44332
6.57853
4.44332
6.57853
4.44332
6.57853
4.44332
6.57853
4.44332
6.57853
4.44332
6.57853
6.57853
4.44332
4.44332
6.57853
6.57853
6.57853
6.57853
4.44332
6.57853
4.44332
6.57853
4.44332
6.57853
4.44332
6.57853
4.44332
6.57853
4.44332
6.57853
6.57853
4.44332
6.57853
4.44332
6.57853
4.44332
6.57853
4.44332
6.57853
4.44332
4.44332
6.57853
6.57853
6.57853
4.44332
6.57853
4.44332
6.57853
4.44332
6.57853
4.44332
6.57853
4.44332
6.57853
4.44332
6.57853
6.57853
4.44332
6.57853
6.57853
4.44332
6.57853
6.57853
4.44332
6.57853
6.57853
6.57853
6.57853
4.44332
6.57853
4.44332
6.57853
4.44332
6.57853
4.44332
6.57853
4.44332
6.57853
4.44332
6.57853
4.44332
6.57853
6.57853
4.44332
6.57853
4.44332
6.57853
4.44332
6.57853
4.44332
6.57853
4.44332
6.57853
6.57853
4.44332
6.57853
4.44332
6.57853
4.44332
6.57853
4.44332
6.57853
4.44332
6.57853
4.44332
6.57853
6.57853
6.57853
6.57853
4.44332
6.57853
4.44332
6.57853
4.44332
6.57853
4.44332
6.57853
4.44332
6.57853
4.44332
6.57853
4.44332
6.57853
4.44332
6.57853
6.57853
4.44332
6.57853
4.44332
6.57853
4.44332
6.57853
4.44332
6.57853
4.44332
6.57853
4.44332
6.57853
6.57853
4.44332
4.44332
4.44332
6.57853
4.44332
6.57853
4.44332
6.57853
4.44332
6.57853
4.44332
6.57853
4.44332
6.57853
4.44332
6.57853
4.44332
6.57853
6.57853
4.44332
6.57853
4.44332
6.57853
4.44332
6.57853
4.44332
6.57853
4.44332
6.57853
4.44332
6.57853
4.44332
6.57853
4.44332
6.57853
4.44332
6.57853
4.44332
6.57853
6.57853
4.44332
6.57853
6.57853
6.57853
4.44332
6.57853
4.44332
6.57853
4.44332
6.57853
4.44332
6.57853
4.44332
6.57853
4.44332
6.57853
4.44332
6.57853
4.44332
6.57853
4.44332
6.57853
6.57853
4.44332
6.57853
4.44332
6.57853
4.44332
6.57853
4.44332
6.57853
4.44332
6.57853
4.44332
6.57853
4.44332
6.57853
4.44332
6.57853
4.44332
6.57853
6.57853
4.44332
6.57853
6.57853
6.57853
4.44332
6.57853
4.44332
6.57853
4.44332
6.57853
4.44332
6.57853
4.44332
6.57853
6.57853
6.57853
6.57853
4.44332
6.57853
4.44332
4.44332
4.44332
6.57853
6.57853
6.57853
4.44332
6.57853
4.44332
6.57853
4.44332
6.57853
6.57853
4.44332
6.57853
4.44332
6.57853
4.44332
6.57853
4.44332
6.57853
4.44332
6.57853
6.57853
6.57853
6.57853
6.57853
6.57853
4.44332
6.57853
4.44332
6.57853
6.57853
6.57853
4.44332
6.57853
4.44332
4.44332
6.57853
6.57853
4.44332
6.57853
6.57853
4.44332
6.57853
6.57853
6.57853
6.57853
4.44332
4.44332
4.44332
6.57853
6.57853
4.44332
6.57853
4.44332
4.44332
4.44332
4.44332
6.57853
6.57853
4.44332
6.57853
6.57853
4.44332
6.57853
4.44332
6.57853
4.44332
6.57853
6.57853
6.57853
6.57853
6.57853
4.44332
6.57853
6.57853
4.44332
4.44332
6.57853
6.57853
4.44332
6.57853
4.44332
6.57853
4.44332
6.57853
6.57853
4.44332
4.44332
6.57853
4.44332
4.44332
6.57853
6.57853
4.44332
6.57853
4.44332
4.44332
6.57853
6.57853
4.44332
4.44332
6.57853
4.44332
6.57853
4.44332
6.57853
4.44332
6.57853
6.57853
4.44332
6.57853
4.44332
6.57853
6.57853
6.57853
4.44332
6.57853
4.44332
6.57853
4.44332
6.57853
4.44332
4.44332
6.57853
6.57853
4.44332
4.44332
6.57853
6.57853
4.44332
6.57853
4.44332
4.44332
6.57853
4.44332
4.44332
6.57853
4.44332
6.57853
4.44332
6.57853
4.44332
6.57853
6.57853
4.44332
4.44332
6.57853
4.44332
4.44332
6.57853
4.44332
4.44332
6.57853
4.44332
6.57853
6.57853
6.57853
6.57853
4.44332
6.57853
4.44332
6.57853
4.44332
6.57853
6.57853
6.57853
6.57853
4.44332
6.57853
4.44332
4.44332
6.57853
4.44332
6.57853
6.57853
4.44332
6.57853
6.57853
4.44332
6.57853
4.44332
6.57853
4.44332
4.44332
6.57853
4.44332
6.57853
6.57853
4.44332
4.44332
6.57853
4.44332
4.44332
6.57853
6.57853
4.44332
6.57853
4.44332
6.57853
4.44332
6.57853
4.44332
6.57853
4.44332
6.57853
6.57853
4.44332
6.57853
4.44332
6.57853
6.57853
6.57853
4.44332
4.44332
6.57853
4.44332
6.57853
4.44332
4.44332
6.57853
4.44332
6.57853
6.57853
6.57853
4.44332
6.57853
4.44332
6.57853
4.44332
6.57853
4.44332
4.44332
4.44332
6.57853
4.44332
6.57853
4.44332
6.57853
4.44332
6.57853
6.57853
4.44332
6.57853
4.44332
6.57853
4.44332
4.44332
4.44332
6.57853
4.44332
6.57853
4.44332
6.57853
4.44332
4.44332
6.57853
6.57853
6.57853
4.44332
4.44332
6.57853
4.44332
6.57853
6.57853
6.57853
4.44332
6.57853
4.44332
6.57853
4.44332
6.57853
4.44332
6.57853
4.44332
6.57853
4.44332
4.44332
4.44332
4.44332
6.57853
6.57853
6.57853
4.44332
6.57853
6.57853
4.44332
6.57853
6.57853
6.57853
6.57853
6.57853
6.57853
6.57853
6.57853
4.44332
6.57853
4.44332
6.57853
4.44332
6.57853
4.44332
4.44332
4.44332
4.44332
6.57853
6.57853
6.57853
4.44332
4.44332
4.44332
6.57853
4.44332
6.57853
6.57853
4.44332
6.57853
4.44332
6.57853
4.44332
4.44332
4.44332
4.44332
6.57853
6.57853
4.44332
4.44332
4.44332
6.57853
6.57853
6.57853
4.44332
6.57853
4.44332
6.57853
4.44332
6.57853
4.44332
6.57853
4.44332
6.57853
4.44332
6.57853
4.44332
6.57853
6.57853
4.44332
6.57853
4.44332
6.57853
4.44332
6.57853
4.44332
6.57853
4.44332
4.44332
6.57853
4.44332
6.57853
4.44332
6.57853
6.57853
4.44332
6.57853
6.57853
6.57853
6.57853
4.44332
6.57853
6.57853
4.44332
4.44332
6.57853
4.44332
6.57853
4.44332
6.57853
4.44332
4.44332
6.57853
4.44332
4.44332
6.57853
6.57853
4.44332
4.44332
6.57853
4.44332
6.57853
6.57853
6.57853
4.44332
4.44332
6.57853
6.57853
6.57853
4.44332
6.57853
4.44332
6.57853
4.44332
6.57853
6.57853
4.44332
6.57853
6.57853
6.57853
4.44332
4.44332
4.44332
6.57853
4.44332
6.57853
4.44332
4.44332
6.57853
6.57853
6.57853
6.57853
4.44332
4.44332
6.57853
4.44332
6.57853
6.57853
4.44332
4.44332
6.57853
6.57853
6.57853
4.44332
4.44332
6.57853
6.57853
6.57853
4.44332
6.57853
4.44332
6.57853
6.57853
6.57853
6.57853
4.44332
4.44332
6.57853
6.57853
4.44332
6.57853
4.44332
4.44332
4.44332
6.57853
4.44332
6.57853
4.44332
4.44332
6.57853
6.57853
4.44332
4.44332
6.57853
4.44332
6.57853
4.44332
4.44332
6.57853
4.44332
4.44332
6.57853
4.44332
4.44332
6.57853
4.44332
6.57853
4.44332
4.44332
6.57853
4.44332
4.44332
6.57853
4.44332
6.57853
4.44332
6.57853
4.44332
6.57853
4.44332
6.57853
6.57853
6.57853
6.57853
4.44332
6.57853
4.44332
6.57853
4.44332
4.44332
6.57853
4.44332
6.57853
4.44332
6.57853
4.44332
6.57853
4.44332
6.57853
4.44332
6.57853
6.57853
4.44332
6.57853
6.57853
4.44332
6.57853
4.44332
6.57853
6.57853
4.44332
6.57853
4.44332
6.57853
4.44332
6.57853
4.44332
4.44332
4.44332
6.57853
4.44332
6.57853
4.44332
6.57853
6.57853
6.57853
4.44332
4.44332
6.57853
4.44332
6.57853
4.44332
6.57853
4.44332
4.44332
4.44332
6.57853
4.44332
6.57853
6.57853
6.57853
4.44332
4.44332
4.44332
6.57853
4.44332
6.57853
6.57853
4.44332
6.57853
4.44332
4.44332
6.57853
6.57853
4.44332
6.57853
4.44332
6.57853
6.57853
4.44332
6.57853
4.44332
6.57853
4.44332
6.57853
4.44332
6.57853
6.57853
6.57853
4.44332
6.57853
4.44332
6.57853
6.57853
4.44332
6.57853
6.57853
6.57853
4.44332
4.44332
6.57853
4.44332
4.44332
6.57853
6.57853
4.44332
6.57853
6.57853
6.57853
4.44332
6.57853
4.44332
6.57853
4.44332
6.57853
4.44332
6.57853
4.44332
6.57853
4.44332
4.44332
6.57853
4.44332
6.57853
4.44332
6.57853
4.44332
6.57853
6.57853
4.44332
4.44332
6.57853
4.44332
6.57853
6.57853
4.44332
6.57853
6.57853
4.44332
6.57853
4.44332
6.57853
4.44332
4.44332
6.57853
4.44332
6.57853
6.57853
4.44332
6.57853
4.44332
4.44332
6.57853
4.44332
6.57853
4.44332
6.57853
6.57853
6.57853
4.44332
6.57853
6.57853
6.57853
6.57853
6.57853
4.44332
4.44332
4.44332
6.57853
6.57853
4.44332
6.57853
4.44332
6.57853
4.44332
4.44332
4.44332
4.44332
4.44332
4.44332
4.44332
6.57853
6.57853
4.44332
6.57853
6.57853
4.44332
6.57853
4.44332
4.44332
4.44332
6.57853
6.57853
6.57853
4.44332
6.57853
4.44332
6.57853
6.57853
6.57853
6.57853
4.44332
4.44332
6.57853
6.57853
4.44332
4.44332
6.57853
6.57853
4.44332
4.44332
6.57853
4.44332
6.57853
4.44332
6.57853
6.57853
4.44332
6.57853
4.44332
4.44332
6.57853
4.44332
4.44332
4.44332
6.57853
4.44332
6.57853
4.44332
6.57853
4.44332
6.57853
6.57853
4.44332
6.57853
6.57853
4.44332
4.44332
6.57853
6.57853
6.57853
4.44332
6.57853
4.44332
6.57853
4.44332
6.57853
6.57853
4.44332
6.57853
4.44332
6.57853
4.44332
4.44332
6.57853
6.57853
4.44332
6.57853
4.44332
6.57853
6.57853
4.44332
6.57853
4.44332
6.57853
4.44332
6.57853
4.44332
6.57853
6.57853
4.44332
4.44332
6.57853
6.57853
4.44332
6.57853
4.44332
6.57853
4.44332
6.57853
4.44332
6.57853
6.57853
4.44332
4.44332
6.57853
6.57853
4.44332
6.57853
4.44332
6.57853
4.44332
6.57853
6.57853
4.44332
6.57853
4.44332
6.57853
4.44332
6.57853
4.44332
6.57853
4.44332
6.57853
6.57853
4.44332
4.44332
6.57853
6.57853
4.44332
6.57853
4.44332
6.57853
6.57853
4.44332
6.57853
4.44332
4.44332
6.57853
6.57853
4.44332
6.57853
4.44332
6.57853
4.44332
6.57853
6.57853
6.57853
4.44332
4.44332
6.57853
4.44332
6.57853
4.44332
6.57853
4.44332
6.57853
6.57853
6.57853
6.57853
4.44332
4.44332
6.57853
6.57853
4.44332
6.57853
4.44332
6.57853
4.44332
6.57853
6.57853
4.44332
6.57853
6.57853
4.44332
4.44332
6.57853
4.44332
6.57853
6.57853
4.44332
6.57853
4.44332
4.44332
4.44332
6.57853
6.57853
4.44332
4.44332
6.57853
4.44332
6.57853
4.44332
6.57853
6.57853
4.44332
4.44332
6.57853
6.57853
4.44332
6.57853
4.44332
6.57853
4.44332
6.57853
6.57853
4.44332
4.44332
6.57853
4.44332
6.57853
6.57853
4.44332
6.57853
4.44332
6.57853
4.44332
6.57853
4.44332
6.57853
6.57853
6.57853
6.57853
4.44332
6.57853
4.44332
6.57853
4.44332
6.57853
4.44332
6.57853
6.57853
4.44332
6.57853
4.44332
6.57853
4.44332
6.57853
4.44332
6.57853
4.44332
4.44332
4.44332
4.44332
6.57853
6.57853
6.57853
4.44332
6.57853
4.44332
6.57853
4.44332
6.57853
4.44332
6.57853
4.44332
4.44332
6.57853
4.44332
6.57853
6.57853
6.57853
4.44332
6.57853
4.44332
6.57853
4.44332
6.57853
4.44332
6.57853
6.57853
6.57853
6.57853
4.44332
6.57853
4.44332
6.57853
4.44332
6.57853
4.44332
6.57853
6.57853
4.44332
4.44332
6.57853
4.44332
6.57853
4.44332
6.57853
6.57853
4.44332
6.57853
4.44332
6.57853
4.44332
6.57853
4.44332
4.44332
6.57853
6.57853
4.44332
6.57853
4.44332
6.57853
4.44332
6.57853
4.44332
4.44332
6.57853
4.44332
4.44332
6.57853
6.57853
4.44332
6.57853
4.44332
6.57853
4.44332
6.57853
4.44332
6.57853
6.57853
4.44332
4.44332
6.57853
4.44332
6.57853
4.44332
6.57853
4.44332
6.57853
4.44332
6.57853
4.44332
6.57853
6.57853
4.44332
4.44332
6.57853
6.57853
4.44332
6.57853
4.44332
6.57853
4.44332
6.57853
4.44332
6.57853
6.57853
4.44332
4.44332
6.57853
4.44332
6.57853
4.44332
6.57853
4.44332
4.44332
6.57853
4.44332
6.57853
4.44332
6.57853
4.44332
6.57853
4.44332
6.57853
4.44332
6.57853
4.44332
6.57853
4.44332
4.44332
6.57853
6.57853
6.57853
4.44332
4.44332
6.57853
4.44332
6.57853
6.57853
4.44332
6.57853
4.44332
6.57853
4.44332
6.57853
4.44332
6.57853
4.44332
6.57853
4.44332
6.57853
4.44332
6.57853
4.44332
6.57853
6.57853
4.44332
6.57853
4.44332
6.57853
4.44332
6.57853
4.44332
6.57853
4.44332
6.57853
4.44332
6.57853
4.44332
6.57853
6.57853
6.57853
4.44332
6.57853
4.44332
6.57853
6.57853
4.44332
6.57853
4.44332
4.44332
4.44332
6.57853
4.44332
6.57853
4.44332
6.57853
4.44332
6.57853
4.44332
6.57853
4.44332
6.57853
4.44332
6.57853
4.44332
6.57853
4.44332
6.57853
6.57853
4.44332
6.57853
4.44332
6.57853
4.44332
6.57853
4.44332
6.57853
4.44332
6.57853
4.44332
6.57853
4.44332
6.57853
4.44332
6.57853
4.44332
6.57853
4.44332
6.57853
6.57853
4.44332
6.57853
4.44332
6.57853
4.44332
6.57853
4.44332
6.57853
4.44332
6.57853
4.44332
6.57853
4.44332
6.57853
4.44332
6.57853
4.44332
6.57853
4.44332
6.57853
4.44332
6.57853
6.57853
4.44332
6.57853
4.44332
6.57853
4.44332
6.57853
4.44332
6.57853
4.44332
6.57853
4.44332
6.57853
6.57853
6.57853
4.44332
6.57853
4.44332
6.57853
6.57853
4.44332
6.57853
4.44332
6.57853
4.44332
6.57853
4.44332
4.44332
4.44332
6.57853
4.44332
6.57853
4.44332
6.57853
4.44332
6.57853
4.44332
6.57853
4.44332
6.57853
4.44332
6.57853
6.57853
4.44332
6.57853
4.44332
6.57853
4.44332
6.57853
4.44332
6.57853
4.44332
6.57853
4.44332
4.44332
4.44332
6.57853
4.44332
6.57853
4.44332
6.57853
4.44332
6.57853
4.44332
6.57853
4.44332
6.57853
6.57853
6.57853
6.57853
4.44332
6.57853
4.44332
6.57853
4.44332
6.57853
4.44332
6.57853
4.44332
6.57853
4.44332
6.57853
4.44332
6.57853
4.44332
6.57853
4.44332
6.57853
4.44332
6.57853
4.44332
4.44332
4.44332
6.57853
4.44332
6.57853
4.44332
6.57853
4.44332
6.57853
6.57853
4.44332
6.57853
6.57853
6.57853
4.44332
4.44332
4.44332
6.57853
4.44332
6.57853
4.44332
6.57853
6.57853
6.57853
6.57853
4.44332
4.44332
6.57853
4.44332
6.57853
4.44332
6.57853
4.44332
6.57853
6.57853
4.44332
6.57853
4.44332
6.57853
6.57853
4.44332
6.57853
4.44332
4.44332
6.57853
4.44332
6.57853
4.44332
6.57853
4.44332
6.57853
4.44332
6.57853
4.44332
6.57853
4.44332
6.57853
4.44332
6.57853
4.44332
6.57853
4.44332
6.57853
4.44332
6.57853
6.57853
4.44332
4.44332
6.57853
4.44332
6.57853
4.44332
6.57853
4.44332
6.57853
4.44332
6.57853
4.44332
6.57853
4.44332
6.57853
4.44332
6.57853
4.44332
6.57853
6.57853
4.44332
6.57853
4.44332
6.57853
4.44332
6.57853
4.44332
6.57853
4.44332
6.57853
4.44332
6.57853
4.44332
6.57853
4.44332
6.57853
4.44332
6.57853
4.44332
6.57853
4.44332
6.57853
4.44332
6.57853
4.44332
6.57853
4.44332
6.57853
6.57853
4.44332
6.57853
4.44332
6.57853
6.57853
4.44332
6.57853
4.44332
4.44332
6.57853
4.44332
6.57853
4.44332
6.57853
4.44332
6.57853
4.44332
6.57853
4.44332
6.57853
4.44332
6.57853
4.44332
6.57853
4.44332
6.57853
4.44332
6.57853
4.44332
6.57853
4.44332
6.57853
4.44332
6.57853
4.44332
6.57853
6.57853
4.44332
6.57853
4.44332
6.57853
4.44332
4.44332
6.57853
6.57853
4.44332
6.57853
4.44332
6.57853
4.44332
6.57853
4.44332
6.57853
4.44332
6.57853
6.57853
4.44332
6.57853
4.44332
6.57853
4.44332
6.57853
4.44332
6.57853
4.44332
6.57853
4.44332
6.57853
4.44332
6.57853
4.44332
6.57853
4.44332
6.57853
4.44332
6.57853
4.44332
6.57853
4.44332
6.57853
4.44332
6.57853
4.44332
6.57853
6.57853
4.44332
6.57853
4.44332
6.57853
4.44332
6.57853
4.44332
4.44332
6.57853
6.57853
4.44332
6.57853
6.57853
4.44332
6.57853
4.44332
6.57853
4.44332
6.57853
4.44332
6.57853
4.44332
6.57853
4.44332
6.57853
4.44332
6.57853
4.44332
6.57853
6.57853
4.44332
6.57853
4.44332
6.57853
4.44332
6.57853
4.44332
4.44332
4.44332
6.57853
6.57853
6.57853
4.44332
6.57853
6.57853
4.44332
6.57853
4.44332
6.57853
4.44332
6.57853
4.44332
6.57853
4.44332
6.57853
4.44332
6.57853
4.44332
6.57853
4.44332
6.57853
6.57853
4.44332
6.57853
4.44332
6.57853
4.44332
4.44332
4.44332
4.44332
4.44332
4.44332
4.44332
4.44332
6.57853
4.44332
6.57853
4.44332
6.57853
4.44332
6.57853
4.44332
6.57853
4.44332
6.57853
4.44332
6.57853
4.44332
6.57853
4.44332
6.57853
6.57853
4.44332
6.57853
4.44332
6.57853
4.44332
6.57853
4.44332
6.57853
6.57853
4.44332
4.44332
6.57853
4.44332
6.57853
4.44332
6.57853
4.44332
6.57853
6.57853
4.44332
6.57853
4.44332
6.57853
4.44332
6.57853
4.44332
4.44332
6.57853
6.57853
4.44332
6.57853
4.44332
6.57853
6.57853
4.44332
6.57853
6.57853
6.57853
4.44332
4.44332
6.57853
4.44332
4.44332
6.57853
4.44332
6.57853
4.44332
6.57853
4.44332
6.57853
6.57853
6.57853
6.57853
4.44332
6.57853
4.44332
6.57853
4.44332
6.57853
4.44332
4.44332
6.57853
6.57853
6.57853
4.44332
6.57853
4.44332
6.57853
4.44332
6.57853
6.57853
6.57853
4.44332
4.44332
6.57853
4.44332
4.44332
6.57853
6.57853
4.44332
6.57853
4.44332
6.57853
4.44332
6.57853
4.44332
6.57853
4.44332
6.57853
6.57853
4.44332
6.57853
6.57853
6.57853
4.44332
6.57853
4.44332
6.57853
4.44332
6.57853
6.57853
4.44332
6.57853
6.57853
4.44332
6.57853
4.44332
6.57853
4.44332
6.57853
6.57853
4.44332
6.57853
4.44332
6.57853
6.57853
4.44332
4.44332
6.57853
4.44332
6.57853
4.44332
6.57853
6.57853
4.44332
4.44332
6.57853
6.57853
4.44332
6.57853
4.44332
6.57853
4.44332
6.57853
4.44332
6.57853
6.57853
4.44332
6.57853
4.44332
6.57853
6.57853
4.44332
4.44332
6.57853
4.44332
6.57853
4.44332
6.57853
6.57853
4.44332
6.57853
6.57853
4.44332
6.57853
4.44332
6.57853
6.57853
4.44332
6.57853
4.44332
6.57853
4.44332
6.57853
6.57853
6.57853
4.44332
4.44332
6.57853
4.44332
6.57853
4.44332
6.57853
4.44332
6.57853
6.57853
4.44332
6.57853
4.44332
6.57853
6.57853
6.57853
4.44332
6.57853
4.44332
6.57853
4.44332
6.57853
4.44332
4.44332
6.57853
4.44332
4.44332
6.57853
4.44332
6.57853
6.57853
4.44332
6.57853
4.44332
4.44332
6.57853
4.44332
4.44332
6.57853
4.44332
6.57853
4.44332
6.57853
4.44332
6.57853
4.44332
6.57853
6.57853
4.44332
4.44332
6.57853
6.57853
6.57853
6.57853
4.44332
6.57853
6.57853
6.57853
4.44332
6.57853
4.44332
6.57853
4.44332
6.57853
6.57853
4.44332
6.57853
4.44332
6.57853
4.44332
6.57853
4.44332
6.57853
4.44332
6.57853
6.57853
4.44332
4.44332
6.57853
4.44332
6.57853
6.57853
4.44332
6.57853
4.44332
6.57853
4.44332
6.57853
4.44332
6.57853
4.44332
6.57853
4.44332
6.57853
6.57853
4.44332
6.57853
4.44332
6.57853
4.44332
6.57853
4.44332
6.57853
4.44332
4.44332
4.44332
6.57853
6.57853
4.44332
4.44332
4.44332
6.57853
4.44332
6.57853
4.44332
6.57853
4.44332
6.57853
6.57853
4.44332
6.57853
4.44332
6.57853
4.44332
6.57853
6.57853
4.44332
4.44332
6.57853
6.57853
4.44332
6.57853
4.44332
6.57853
4.44332
4.44332
6.57853
6.57853
6.57853
4.44332
6.57853
4.44332
6.57853
4.44332
6.57853
4.44332
4.44332
4.44332
6.57853
6.57853
4.44332
6.57853
6.57853
6.57853
4.44332
4.44332
6.57853
6.57853
4.44332
6.57853
4.44332
6.57853
6.57853
4.44332
6.57853
4.44332
6.57853
4.44332
4.44332
6.57853
6.57853
6.57853
6.57853
4.44332
6.57853
4.44332
6.57853
6.57853
4.44332
6.57853
4.44332
6.57853
6.57853
6.57853
4.44332
6.57853
4.44332
6.57853
4.44332
6.57853
4.44332
4.44332
6.57853
6.57853
4.44332
6.57853
6.57853
4.44332
6.57853
4.44332
6.57853
4.44332
6.57853
4.44332
4.44332
6.57853
6.57853
4.44332
6.57853
4.44332
6.57853
6.57853
6.57853
4.44332
4.44332
6.57853
4.44332
6.57853
6.57853
4.44332
6.57853
4.44332
6.57853
6.57853
4.44332
6.57853
4.44332
4.44332
6.57853
4.44332
4.44332
4.44332
6.57853
4.44332
6.57853
4.44332
6.57853
6.57853
4.44332
6.57853
4.44332
6.57853
4.44332
6.57853
4.44332
6.57853
4.44332
6.57853
4.44332
6.57853
4.44332
6.57853
6.57853
6.57853
4.44332
6.57853
6.57853
6.57853
4.44332
6.57853
4.44332
6.57853
6.57853
6.57853
4.44332
6.57853
4.44332
6.57853
4.44332
4.44332
6.57853
4.44332
4.44332
4.44332
6.57853
6.57853
4.44332
6.57853
6.57853
4.44332
4.44332
6.57853
4.44332
6.57853
4.44332
4.44332
6.57853
6.57853
6.57853
6.57853
4.44332
6.57853
4.44332
6.57853
4.44332
6.57853
4.44332
6.57853
6.57853
4.44332
6.57853
4.44332
6.57853
6.57853
4.44332
6.57853
6.57853
4.44332
6.57853
6.57853
4.44332
6.57853
4.44332
4.44332
6.57853
4.44332
4.44332
6.57853
4.44332
6.57853
4.44332
6.57853
4.44332
6.57853
4.44332
6.57853
6.57853
4.44332
6.57853
6.57853
4.44332
4.44332
6.57853
4.44332
6.57853
6.57853
4.44332
6.57853
6.57853
6.57853
6.57853
4.44332
6.57853
4.44332
4.44332
6.57853
6.57853
6.57853
4.44332
6.57853
6.57853
4.44332
6.57853
4.44332
6.57853
4.44332
6.57853
4.44332
6.57853
4.44332
6.57853
6.57853
6.57853
4.44332
4.44332
6.57853
4.44332
6.57853
4.44332
4.44332
6.57853
4.44332
6.57853
4.44332
6.57853
4.44332
6.57853
6.57853
4.44332
6.57853
4.44332
6.57853
4.44332
4.44332
6.57853
6.57853
4.44332
6.57853
4.44332
6.57853
4.44332
6.57853
6.57853
4.44332
6.57853
6.57853
6.57853
6.57853
4.44332
6.57853
4.44332
6.57853
6.57853
6.57853
4.44332
6.57853
6.57853
6.57853
4.44332
4.44332
6.57853
4.44332
6.57853
4.44332
6.57853
4.44332
6.57853
6.57853
6.57853
4.44332
6.57853
4.44332
4.44332
6.57853
6.57853
6.57853
4.44332
6.57853
4.44332
6.57853
4.44332
6.57853
4.44332
6.57853
6.57853
6.57853
6.57853
4.44332
6.57853
4.44332
6.57853
4.44332
6.57853
4.44332
4.44332
6.57853
4.44332
4.44332
4.44332
4.44332
6.57853
4.44332
6.57853
4.44332
6.57853
4.44332
6.57853
4.44332
4.44332
6.57853
6.57853
6.57853
4.44332
4.44332
4.44332
6.57853
4.44332
6.57853
4.44332
4.44332
6.57853
4.44332
6.57853
4.44332
4.44332
6.57853
4.44332
6.57853
6.57853
4.44332
6.57853
4.44332
4.44332
6.57853
6.57853
4.44332
6.57853
4.44332
6.57853
4.44332
6.57853
6.57853
4.44332
4.44332
6.57853
6.57853
6.57853
4.44332
6.57853
6.57853
4.44332
6.57853
6.57853
4.44332
4.44332
6.57853
6.57853
6.57853
4.44332
6.57853
6.57853
4.44332
6.57853
6.57853
4.44332
6.57853
4.44332
6.57853
6.57853
4.44332
6.57853
4.44332
6.57853
4.44332
6.57853
4.44332
6.57853
4.44332
6.57853
6.57853
4.44332
4.44332
4.44332
6.57853
6.57853
6.57853
4.44332
6.57853
4.44332
6.57853
4.44332
6.57853
4.44332
4.44332
6.57853
4.44332
6.57853
4.44332
6.57853
4.44332
6.57853
4.44332
6.57853
4.44332
4.44332
6.57853
6.57853
4.44332
6.57853
6.57853
6.57853
4.44332
4.44332
4.44332
4.44332
6.57853
4.44332
6.57853
4.44332
4.44332
6.57853
6.57853
6.57853
6.57853
6.57853
6.57853
6.57853
6.57853
6.57853
6.57853
4.44332
6.57853
6.57853
6.57853
4.44332
4.44332
4.44332
6.57853
4.44332
6.57853
4.44332
6.57853
6.57853
4.44332
6.57853
4.44332
6.57853
4.44332
6.57853
6.57853
4.44332
4.44332
4.44332
4.44332
6.57853
4.44332
6.57853
6.57853
4.44332
4.44332
4.44332
6.57853
6.57853
4.44332
4.44332
6.57853
4.44332
6.57853
4.44332
6.57853
6.57853
4.44332
6.57853
6.57853
6.57853
6.57853
6.57853
6.57853
4.44332
4.44332
6.57853
4.44332
4.44332
6.57853
4.44332
6.57853
4.44332
6.57853
6.57853
6.57853
4.44332
6.57853
4.44332
6.57853
4.44332
6.57853
6.57853
6.57853
6.57853
6.57853
4.44332
6.57853
6.57853
4.44332
6.57853
4.44332
4.44332
4.44332
4.44332
6.57853
6.57853
6.57853
6.57853
6.57853
4.44332
6.57853
6.57853
6.57853
4.44332
6.57853
4.44332
4.44332
6.57853
6.57853
4.44332
6.57853
6.57853
4.44332
6.57853
6.57853
6.57853
6.57853
4.44332
4.44332
4.44332
4.44332
6.57853
4.44332
6.57853
4.44332
4.44332
6.57853
4.44332
6.57853
4.44332
6.57853
6.57853
6.57853
4.44332
6.57853
4.44332
6.57853
4.44332
6.57853
6.57853
4.44332
4.44332
6.57853
6.57853
6.57853
4.44332
4.44332
6.57853
4.44332
6.57853
6.57853
6.57853
6.57853
4.44332
6.57853
6.57853
4.44332
4.44332
6.57853
4.44332
4.44332
4.44332
6.57853
6.57853
4.44332
4.44332
4.44332
6.57853
4.44332
6.57853
4.44332
6.57853
4.44332
4.44332
4.44332
6.57853
6.57853
6.57853
6.57853
4.44332
6.57853
4.44332
6.57853
6.57853
4.44332
6.57853
6.57853
6.57853
4.44332
6.57853
6.57853
4.44332
4.44332
6.57853
6.57853
4.44332
6.57853
6.57853
6.57853
4.44332
6.57853
4.44332
6.57853
4.44332
6.57853
4.44332
6.57853
6.57853
6.57853
4.44332
6.57853
6.57853
4.44332
6.57853
4.44332
6.57853
6.57853
4.44332
4.44332
6.57853
4.44332
4.44332
6.57853
4.44332
6.57853
4.44332
6.57853
6.57853
6.57853
6.57853
6.57853
4.44332
6.57853
4.44332
6.57853
4.44332
6.57853
6.57853
4.44332
6.57853
4.44332
6.57853
4.44332
6.57853
4.44332
6.57853
4.44332
6.57853
6.57853
4.44332
6.57853
4.44332
6.57853
4.44332
6.57853
6.57853
4.44332
6.57853
6.57853
6.57853
4.44332
6.57853
4.44332
6.57853
4.44332
4.44332
6.57853
4.44332
4.44332
6.57853
4.44332
6.57853
4.44332
6.57853
4.44332
6.57853
6.57853
4.44332
6.57853
6.57853
6.57853
4.44332
6.57853
6.57853
6.57853
4.44332
6.57853
4.44332
4.44332
6.57853
4.44332
6.57853
4.44332
6.57853
6.57853
4.44332
4.44332
6.57853
4.44332
6.57853
4.44332
6.57853
4.44332
6.57853
4.44332
6.57853
6.57853
4.44332
6.57853
6.57853
6.57853
4.44332
6.57853
4.44332
6.57853
4.44332
6.57853
4.44332
6.57853
6.57853
4.44332
6.57853
4.44332
6.57853
4.44332
6.57853
4.44332
6.57853
4.44332
6.57853
4.44332
6.57853
6.57853
4.44332
6.57853
4.44332
6.57853
4.44332
6.57853
4.44332
6.57853
4.44332
6.57853
6.57853
4.44332
6.57853
4.44332
6.57853
4.44332
6.57853
4.44332
6.57853
4.44332
6.57853
6.57853
4.44332
6.57853
6.57853
6.57853
4.44332
6.57853
4.44332
6.57853
4.44332
4.44332
6.57853
6.57853
6.57853
6.57853
6.57853
4.44332
6.57853
4.44332
6.57853
4.44332
6.57853
4.44332
4.44332
6.57853
4.44332
6.57853
4.44332
6.57853
4.44332
6.57853
4.44332
6.57853
6.57853
4.44332
6.57853
4.44332
6.57853
6.57853
6.57853
4.44332
6.57853
4.44332
6.57853
6.57853
4.44332
4.44332
6.57853
6.57853
4.44332
4.44332
6.57853
6.57853
4.44332
6.57853
4.44332
6.57853
4.44332
4.44332
6.57853
6.57853
6.57853
4.44332
4.44332
6.57853
6.57853
4.44332
6.57853
4.44332
4.44332
6.57853
6.57853
6.57853
4.44332
4.44332
6.57853
4.44332
6.57853
6.57853
6.57853
6.57853
4.44332
6.57853
4.44332
4.44332
4.44332
6.57853
6.57853
6.57853
4.44332
6.57853
4.44332
6.57853
6.57853
4.44332
6.57853
4.44332
6.57853
4.44332
6.57853
4.44332
4.44332
4.44332
4.44332
6.57853
6.57853
6.57853
4.44332
6.57853
6.57853
6.57853
6.57853
6.57853
4.44332
4.44332
4.44332
6.57853
4.44332
6.57853
6.57853
4.44332
6.57853
6.57853
6.57853
6.57853
6.57853
4.44332
6.57853
4.44332
6.57853
4.44332
6.57853
6.57853
6.57853
6.57853
6.57853
4.44332
4.44332
6.57853
6.57853
4.44332
4.44332
6.57853
4.44332
6.57853
4.44332
6.57853
4.44332
4.44332
6.57853
6.57853
4.44332
4.44332
4.44332
6.57853
6.57853
4.44332
6.57853
4.44332
4.44332
4.44332
4.44332
4.44332
6.57853
6.57853
4.44332
6.57853
4.44332
6.57853
4.44332
6.57853
4.44332
6.57853
6.57853
6.57853
4.44332
4.44332
4.44332
4.44332
4.44332
6.57853
6.57853
4.44332
6.57853
6.57853
6.57853
6.57853
6.57853
4.44332
4.44332
6.57853
6.57853
4.44332
6.57853
6.57853
4.44332
6.57853
4.44332
4.44332
4.44332
4.44332
6.57853
6.57853
6.57853
6.57853
4.44332
6.57853
4.44332
4.44332
6.57853
6.57853
4.44332
4.44332
4.44332
6.57853
6.57853
4.44332
6.57853
4.44332
4.44332
6.57853
4.44332
6.57853
4.44332
4.44332
6.57853
6.57853
4.44332
4.44332
4.44332
6.57853
6.57853
4.44332
4.44332
4.44332
6.57853
6.57853
6.57853
6.57853
6.57853
4.44332
6.57853
4.44332
6.57853
6.57853
4.44332
6.57853
4.44332
6.57853
6.57853
4.44332
4.44332
6.57853
6.57853
4.44332
6.57853
4.44332
6.57853
6.57853
6.57853
6.57853
6.57853
6.57853
6.57853
4.44332
4.44332
6.57853
4.44332
4.44332
6.57853
6.57853
6.57853
4.44332
6.57853
4.44332
4.44332
6.57853
6.57853
6.57853
6.57853
6.57853
4.44332
6.57853
4.44332
4.44332
4.44332
6.57853
6.57853
4.44332
4.44332
4.44332
6.57853
4.44332
6.57853
6.57853
6.57853
6.57853
4.44332
6.57853
6.57853
6.57853
4.44332
6.57853
4.44332
6.57853
6.57853
4.44332
4.44332
4.44332
4.44332
4.44332
4.44332
6.57853
6.57853
6.57853
4.44332
6.57853
6.57853
6.57853
6.57853
4.44332
4.44332
4.44332
6.57853
4.44332
6.57853
6.57853
6.57853
4.44332
6.57853
4.44332
6.57853
6.57853
6.57853
6.57853
4.44332
6.57853
4.44332
6.57853
4.44332
6.57853
4.44332
6.57853
6.57853
4.44332
6.57853
4.44332
6.57853
4.44332
4.44332
4.44332
6.57853
6.57853
4.44332
6.57853
4.44332
6.57853
6.57853
6.57853
4.44332
4.44332
6.57853
4.44332
4.44332
4.44332
4.44332
4.44332
4.44332
4.44332
6.57853
4.44332
6.57853
4.44332
6.57853
6.57853
4.44332
6.57853
6.57853
6.57853
4.44332
4.44332
4.44332
6.57853
4.44332
6.57853
6.57853
4.44332
6.57853
4.44332
6.57853
4.44332
6.57853
4.44332
4.44332
6.57853
6.57853
6.57853
4.44332
4.44332
4.44332
6.57853
4.44332
6.57853
6.57853
4.44332
6.57853
6.57853
6.57853
6.57853
6.57853
4.44332
6.57853
4.44332
6.57853
6.57853
4.44332
6.57853
4.44332
6.57853
6.57853
6.57853
6.57853
4.44332
6.57853
6.57853
6.57853
4.44332
6.57853
4.44332
4.44332
6.57853
4.44332
4.44332
6.57853
6.57853
6.57853
6.57853
4.44332
6.57853
6.57853
4.44332
6.57853
4.44332
4.44332
6.57853
6.57853
6.57853
6.57853
6.57853
6.57853
6.57853
4.44332
6.57853
6.57853
4.44332
6.57853
4.44332
4.44332
6.57853
6.57853
6.57853
4.44332
6.57853
4.44332
6.57853
4.44332
6.57853
6.57853
6.57853
6.57853
4.44332
4.44332
4.44332
4.44332
4.44332
6.57853
6.57853
4.44332
4.44332
6.57853
6.57853
6.57853
6.57853
6.57853
6.57853
4.44332
6.57853
4.44332
6.57853
4.44332
6.57853
6.57853
6.57853
6.57853
6.57853
6.57853
4.44332
6.57853
4.44332
6.57853
4.44332
4.44332
4.44332
4.44332
4.44332
6.57853
4.44332
6.57853
4.44332
6.57853
4.44332
4.44332
6.57853
4.44332
4.44332
4.44332
4.44332
4.44332
6.57853
4.44332
6.57853
6.57853
6.57853
4.44332
6.57853
6.57853
4.44332
6.57853
6.57853
6.57853
4.44332
6.57853
4.44332
6.57853
4.44332
6.57853
4.44332
4.44332
4.44332
4.44332
6.57853
4.44332
4.44332
4.44332
6.57853
4.44332
6.57853
4.44332
6.57853
6.57853
6.57853
6.57853
4.44332
6.57853
4.44332
6.57853
4.44332
6.57853
4.44332
6.57853
6.57853
4.44332
6.57853
6.57853
6.57853
4.44332
4.44332
4.44332
6.57853
4.44332
6.57853
6.57853
4.44332
6.57853
4.44332
6.57853
4.44332
6.57853
4.44332
6.57853
4.44332
6.57853
6.57853
6.57853
4.44332
4.44332
6.57853
4.44332
6.57853
4.44332
6.57853
6.57853
4.44332
6.57853
6.57853
4.44332
4.44332
6.57853
4.44332
6.57853
4.44332
6.57853
4.44332
6.57853
6.57853
4.44332
6.57853
4.44332
4.44332
6.57853
6.57853
4.44332
6.57853
4.44332
6.57853
4.44332
6.57853
4.44332
6.57853
6.57853
4.44332
4.44332
4.44332
6.57853
6.57853
4.44332
4.44332
6.57853
4.44332
6.57853
4.44332
6.57853
6.57853
6.57853
6.57853
4.44332
6.57853
4.44332
6.57853
4.44332
6.57853
4.44332
6.57853
4.44332
4.44332
6.57853
4.44332
4.44332
6.57853
4.44332
4.44332
6.57853
4.44332
6.57853
4.44332
6.57853
4.44332
6.57853
6.57853
4.44332
6.57853
4.44332
6.57853
4.44332
6.57853
4.44332
6.57853
4.44332
4.44332
6.57853
4.44332
6.57853
4.44332
6.57853
4.44332
6.57853
4.44332
6.57853
6.57853
6.57853
4.44332
6.57853
4.44332
6.57853
6.57853
4.44332
6.57853
4.44332
6.57853
4.44332
6.57853
4.44332
4.44332
6.57853
6.57853
4.44332
6.57853
4.44332
6.57853
6.57853
4.44332
6.57853
4.44332
4.44332
4.44332
6.57853
4.44332
6.57853
4.44332
6.57853
4.44332
6.57853
4.44332
6.57853
6.57853
4.44332
4.44332
6.57853
6.57853
4.44332
6.57853
4.44332
6.57853
4.44332
6.57853
4.44332
6.57853
4.44332
6.57853
6.57853
6.57853
4.44332
4.44332
6.57853
6.57853
6.57853
4.44332
6.57853
4.44332
6.57853
4.44332
6.57853
4.44332
4.44332
6.57853
6.57853
4.44332
6.57853
4.44332
6.57853
4.44332
6.57853
6.57853
4.44332
4.44332
4.44332
4.44332
6.57853
6.57853
4.44332
6.57853
4.44332
6.57853
4.44332
6.57853
4.44332
6.57853
6.57853
6.57853
6.57853
4.44332
6.57853
4.44332
6.57853
4.44332
6.57853
4.44332
6.57853
6.57853
4.44332
4.44332
4.44332
6.57853
4.44332
6.57853
4.44332
6.57853
4.44332
6.57853
4.44332
6.57853
6.57853
4.44332
6.57853
6.57853
4.44332
6.57853
6.57853
4.44332
6.57853
4.44332
6.57853
4.44332
4.44332
6.57853
6.57853
6.57853
4.44332
4.44332
6.57853
6.57853
4.44332
6.57853
4.44332
6.57853
4.44332
4.44332
6.57853
6.57853
4.44332
6.57853
4.44332
6.57853
6.57853
4.44332
6.57853
6.57853
4.44332
6.57853
6.57853
4.44332
6.57853
4.44332
6.57853
6.57853
4.44332
6.57853
6.57853
6.57853
4.44332
4.44332
6.57853
4.44332
4.44332
6.57853
4.44332
6.57853
4.44332
6.57853
6.57853
4.44332
6.57853
6.57853
4.44332
4.44332
6.57853
4.44332
6.57853
4.44332
6.57853
4.44332
6.57853
6.57853
4.44332
6.57853
6.57853
4.44332
6.57853
6.57853
4.44332
6.57853
4.44332
6.57853
4.44332
6.57853
4.44332
4.44332
6.57853
6.57853
6.57853
4.44332
6.57853
4.44332
6.57853
4.44332
6.57853
4.44332
4.44332
4.44332
4.44332
6.57853
4.44332
6.57853
4.44332
6.57853
4.44332
6.57853
4.44332
6.57853
4.44332
4.44332
6.57853
4.44332
4.44332
6.57853
6.57853
4.44332
6.57853
4.44332
6.57853
4.44332
6.57853
4.44332
6.57853
4.44332
6.57853
4.44332
6.57853
4.44332
4.44332
6.57853
4.44332
6.57853
4.44332
6.57853
6.57853
4.44332
6.57853
4.44332
4.44332
6.57853
4.44332
6.57853
4.44332
6.57853
4.44332
6.57853
4.44332
6.57853
4.44332
6.57853
4.44332
6.57853
6.57853
4.44332
6.57853
4.44332
6.57853
4.44332
6.57853
4.44332
6.57853
4.44332
6.57853
6.57853
4.44332
6.57853
4.44332
4.44332
6.57853
4.44332
6.57853
6.57853
4.44332
6.57853
4.44332
6.57853
6.57853
4.44332
6.57853
4.44332
6.57853
4.44332
6.57853
4.44332
6.57853
4.44332
6.57853
4.44332
6.57853
4.44332
6.57853
6.57853
4.44332
6.57853
4.44332
6.57853
4.44332
6.57853
4.44332
6.57853
4.44332
6.57853
4.44332
6.57853
4.44332
4.44332
6.57853
4.44332
6.57853
6.57853
4.44332
6.57853
4.44332
4.44332
6.57853
4.44332
6.57853
4.44332
6.57853
6.57853
4.44332
6.57853
4.44332
6.57853
4.44332
6.57853
4.44332
6.57853
4.44332
6.57853
4.44332
6.57853
4.44332
6.57853
4.44332
6.57853
6.57853
4.44332
4.44332
4.44332
6.57853
6.57853
6.57853
4.44332
6.57853
4.44332
6.57853
4.44332
4.44332
4.44332
6.57853
4.44332
6.57853
6.57853
4.44332
6.57853
4.44332
6.57853
4.44332
6.57853
4.44332
6.57853
4.44332
6.57853
4.44332
6.57853
4.44332
6.57853
4.44332
6.57853
4.44332
6.57853
6.57853
4.44332
6.57853
4.44332
6.57853
4.44332
4.44332
6.57853
4.44332
6.57853
6.57853
4.44332
6.57853
4.44332
6.57853
6.57853
4.44332
6.57853
6.57853
6.57853
4.44332
4.44332
6.57853
4.44332
4.44332
4.44332
6.57853
6.57853
4.44332
6.57853
4.44332
6.57853
4.44332
6.57853
4.44332
6.57853
6.57853
4.44332
6.57853
4.44332
6.57853
4.44332
6.57853
4.44332
6.57853
4.44332
6.57853
4.44332
6.57853
6.57853
6.57853
4.44332
6.57853
4.44332
6.57853
4.44332
6.57853
6.57853
4.44332
6.57853
4.44332
6.57853
4.44332
4.44332
4.44332
6.57853
6.57853
4.44332
6.57853
4.44332
6.57853
4.44332
6.57853
4.44332
6.57853
4.44332
6.57853
4.44332
6.57853
4.44332
6.57853
6.57853
4.44332
6.57853
4.44332
6.57853
4.44332
6.57853
6.57853
4.44332
6.57853
6.57853
6.57853
4.44332
6.57853
4.44332
6.57853
4.44332
6.57853
6.57853
4.44332
4.44332
4.44332
6.57853
4.44332
6.57853
4.44332
6.57853
4.44332
6.57853
4.44332
6.57853
4.44332
4.44332
6.57853
6.57853
6.57853
6.57853
6.57853
4.44332
6.57853
4.44332
6.57853
6.57853
4.44332
6.57853
4.44332
6.57853
4.44332
6.57853
4.44332
6.57853
4.44332
6.57853
4.44332
6.57853
6.57853
4.44332
6.57853
6.57853
4.44332
6.57853
6.57853
4.44332
6.57853
4.44332
6.57853
6.57853
4.44332
6.57853
4.44332
6.57853
4.44332
6.57853
4.44332
6.57853
4.44332
6.57853
4.44332
6.57853
4.44332
6.57853
6.57853
4.44332
6.57853
6.57853
4.44332
4.44332
4.44332
6.57853
6.57853
4.44332
6.57853
6.57853
4.44332
6.57853
4.44332
6.57853
4.44332
4.44332
6.57853
4.44332
6.57853
6.57853
4.44332
6.57853
4.44332
4.44332
6.57853
6.57853
4.44332
6.57853
6.57853
4.44332
6.57853
4.44332
6.57853
4.44332
6.57853
4.44332
6.57853
4.44332
6.57853
6.57853
6.57853
4.44332
4.44332
6.57853
4.44332
6.57853
4.44332
6.57853
4.44332
6.57853
6.57853
6.57853
4.44332
6.57853
4.44332
6.57853
6.57853
4.44332
6.57853
4.44332
6.57853
6.57853
4.44332
6.57853
6.57853
6.57853
6.57853
4.44332
6.57853
4.44332
4.44332
6.57853
4.44332
6.57853
6.57853
4.44332
6.57853
4.44332
6.57853
6.57853
6.57853
6.57853
4.44332
4.44332
6.57853
6.57853
4.44332
6.57853
4.44332
6.57853
4.44332
6.57853
4.44332
6.57853
4.44332
4.44332
6.57853
6.57853
4.44332
6.57853
6.57853
4.44332
6.57853
4.44332
6.57853
4.44332
6.57853
4.44332
6.57853
6.57853
4.44332
6.57853
4.44332
4.44332
6.57853
6.57853
4.44332
6.57853
4.44332
6.57853
4.44332
6.57853
6.57853
4.44332
6.57853
4.44332
6.57853
6.57853
6.57853
4.44332
6.57853
4.44332
6.57853
4.44332
6.57853
6.57853
4.44332
6.57853
4.44332
6.57853
4.44332
6.57853
4.44332
6.57853
4.44332
6.57853
4.44332
6.57853
4.44332
6.57853
4.44332
6.57853
6.57853
4.44332
6.57853
4.44332
6.57853
4.44332
6.57853
4.44332
6.57853
4.44332
6.57853
6.57853
6.57853
6.57853
4.44332
6.57853
4.44332
6.57853
4.44332
6.57853
4.44332
6.57853
4.44332
6.57853
6.57853
4.44332
6.57853
4.44332
6.57853
6.57853
6.57853
6.57853
4.44332
4.44332
6.57853
4.44332
6.57853
6.57853
4.44332
6.57853
4.44332
6.57853
4.44332
6.57853
4.44332
4.44332
4.44332
4.44332
6.57853
4.44332
6.57853
4.44332
6.57853
4.44332
6.57853
4.44332
6.57853
4.44332
6.57853
4.44332
4.44332
6.57853
4.44332
6.57853
4.44332
6.57853
4.44332
6.57853
4.44332
6.57853
4.44332
6.57853
4.44332
6.57853
6.57853
4.44332
6.57853
4.44332
6.57853
4.44332
6.57853
4.44332
6.57853
6.57853
4.44332
6.57853
6.57853
4.44332
6.57853
4.44332
6.57853
4.44332
6.57853
6.57853
4.44332
4.44332
6.57853
4.44332
6.57853
4.44332
6.57853
4.44332
6.57853
6.57853
6.57853
4.44332
6.57853
4.44332
6.57853
6.57853
4.44332
6.57853
4.44332
6.57853
4.44332
6.57853
4.44332
6.57853
4.44332
6.57853
6.57853
4.44332
6.57853
4.44332
6.57853
4.44332
6.57853
4.44332
4.44332
6.57853
4.44332
6.57853
4.44332
6.57853
4.44332
6.57853
4.44332
6.57853
4.44332
6.57853
4.44332
6.57853
4.44332
6.57853
6.57853
4.44332
6.57853
4.44332
6.57853
4.44332
6.57853
4.44332
6.57853
4.44332
6.57853
6.57853
4.44332
6.57853
4.44332
6.57853
4.44332
4.44332
6.57853
4.44332
4.44332
6.57853
6.57853
4.44332
6.57853
4.44332
4.44332
4.44332
6.57853
4.44332
6.57853
4.44332
6.57853
6.57853
4.44332
6.57853
4.44332
6.57853
4.44332
6.57853
4.44332
6.57853
4.44332
6.57853
4.44332
6.57853
6.57853
4.44332
4.44332
4.44332
6.57853
4.44332
4.44332
6.57853
4.44332
6.57853
6.57853
6.57853
4.44332
6.57853
6.57853
4.44332
6.57853
4.44332
4.44332
6.57853
4.44332
6.57853
6.57853
4.44332
6.57853
4.44332
6.57853
4.44332
6.57853
4.44332
6.57853
4.44332
6.57853
6.57853
4.44332
6.57853
4.44332
6.57853
4.44332
6.57853
4.44332
6.57853
4.44332
6.57853
4.44332
6.57853
6.57853
4.44332
6.57853
4.44332
6.57853
6.57853
4.44332
6.57853
4.44332
6.57853
4.44332
6.57853
4.44332
6.57853
4.44332
6.57853
4.44332
6.57853
4.44332
6.57853
4.44332
6.57853
4.44332
4.44332
4.44332
4.44332
4.44332
6.57853
6.57853
4.44332
6.57853
4.44332
6.57853
4.44332
4.44332
6.57853
6.57853
4.44332
6.57853
4.44332
6.57853
4.44332
6.57853
4.44332
6.57853
6.57853
4.44332
6.57853
4.44332
6.57853
4.44332
6.57853
4.44332
6.57853
4.44332
6.57853
4.44332
6.57853
6.57853
4.44332
6.57853
4.44332
6.57853
4.44332
6.57853
4.44332
4.44332
6.57853
4.44332
4.44332
6.57853
4.44332
6.57853
4.44332
6.57853
6.57853
4.44332
6.57853
4.44332
6.57853
4.44332
6.57853
4.44332
6.57853
6.57853
6.57853
4.44332
6.57853
4.44332
6.57853
4.44332
6.57853
6.57853
6.57853
6.57853
4.44332
6.57853
4.44332
6.57853
4.44332
6.57853
4.44332
6.57853
6.57853
4.44332
4.44332
4.44332
6.57853
4.44332
6.57853
4.44332
6.57853
4.44332
6.57853
4.44332
4.44332
4.44332
4.44332
4.44332
6.57853
4.44332
6.57853
4.44332
6.57853
6.57853
6.57853
4.44332
6.57853
6.57853
4.44332
6.57853
4.44332
6.57853
4.44332
6.57853
6.57853
4.44332
6.57853
4.44332
6.57853
4.44332
6.57853
6.57853
6.57853
4.44332
6.57853
4.44332
6.57853
6.57853
4.44332
4.44332
6.57853
4.44332
6.57853
6.57853
4.44332
6.57853
6.57853
4.44332
6.57853
4.44332
6.57853
4.44332
6.57853
4.44332
6.57853
4.44332
6.57853
6.57853
4.44332
6.57853
4.44332
6.57853
4.44332
4.44332
6.57853
4.44332
4.44332
6.57853
6.57853
4.44332
6.57853
4.44332
6.57853
4.44332
6.57853
4.44332
6.57853
4.44332
6.57853
6.57853
4.44332
4.44332
6.57853
6.57853
4.44332
6.57853
4.44332
6.57853
6.57853
4.44332
6.57853
4.44332
4.44332
4.44332
6.57853
4.44332
6.57853
4.44332
6.57853
4.44332
6.57853
6.57853
4.44332
4.44332
4.44332
6.57853
4.44332
6.57853
4.44332
6.57853
4.44332
6.57853
6.57853
4.44332
4.44332
6.57853
4.44332
4.44332
6.57853
4.44332
6.57853
4.44332
6.57853
6.57853
4.44332
6.57853
4.44332
4.44332
4.44332
6.57853
4.44332
6.57853
4.44332
6.57853
4.44332
6.57853
6.57853
4.44332
4.44332
6.57853
4.44332
4.44332
6.57853
4.44332
6.57853
4.44332
6.57853
4.44332
6.57853
6.57853
4.44332
6.57853
4.44332
4.44332
4.44332
6.57853
4.44332
6.57853
4.44332
6.57853
4.44332
6.57853
6.57853
6.57853
4.44332
6.57853
6.57853
4.44332
6.57853
4.44332
6.57853
4.44332
6.57853
4.44332
6.57853
6.57853
4.44332
6.57853
4.44332
6.57853
4.44332
6.57853
4.44332
6.57853
4.44332
6.57853
6.57853
6.57853
4.44332
4.44332
4.44332
6.57853
4.44332
6.57853
4.44332
6.57853
6.57853
6.57853
4.44332
6.57853
6.57853
4.44332
6.57853
4.44332
6.57853
4.44332
6.57853
4.44332
6.57853
4.44332
4.44332
4.44332
6.57853
4.44332
6.57853
6.57853
4.44332
6.57853
4.44332
6.57853
4.44332
4.44332
4.44332
4.44332
6.57853
6.57853
4.44332
6.57853
4.44332
6.57853
4.44332
6.57853
4.44332
6.57853
6.57853
4.44332
6.57853
4.44332
6.57853
4.44332
6.57853
4.44332
6.57853
4.44332
4.44332
4.44332
6.57853
4.44332
6.57853
4.44332
6.57853
4.44332
6.57853
4.44332
6.57853
6.57853
4.44332
6.57853
4.44332
6.57853
4.44332
6.57853
4.44332
6.57853
4.44332
6.57853
6.57853
6.57853
6.57853
4.44332
4.44332
6.57853
4.44332
6.57853
6.57853
4.44332
6.57853
4.44332
6.57853
4.44332
6.57853
6.57853
6.57853
4.44332
4.44332
6.57853
6.57853
4.44332
6.57853
4.44332
6.57853
6.57853
4.44332
6.57853
4.44332
6.57853
4.44332
6.57853
6.57853
6.57853
4.44332
6.57853
4.44332
6.57853
4.44332
6.57853
4.44332
6.57853
6.57853
4.44332
6.57853
4.44332
6.57853
4.44332
6.57853
4.44332
6.57853
4.44332
6.57853
4.44332
6.57853
4.44332
6.57853
4.44332
6.57853
4.44332
6.57853
4.44332
6.57853
6.57853
6.57853
4.44332
6.57853
6.57853
4.44332
6.57853
4.44332
6.57853
4.44332
6.57853
4.44332
6.57853
4.44332
6.57853
4.44332
6.57853
4.44332
6.57853
4.44332
6.57853
6.57853
4.44332
6.57853
4.44332
4.44332
4.44332
4.44332
4.44332
6.57853
4.44332
6.57853
4.44332
6.57853
4.44332
4.44332
6.57853
6.57853
6.57853
4.44332
6.57853
4.44332
6.57853
4.44332
6.57853
4.44332
6.57853
4.44332
6.57853
4.44332
6.57853
6.57853
4.44332
6.57853
4.44332
6.57853
4.44332
6.57853
4.44332
6.57853
4.44332
6.57853
4.44332
6.57853
4.44332
6.57853
4.44332
6.57853
4.44332
6.57853
6.57853
4.44332
6.57853
4.44332
6.57853
4.44332
6.57853
6.57853
4.44332
4.44332
6.57853
4.44332
6.57853
4.44332
6.57853
6.57853
4.44332
6.57853
4.44332
4.44332
4.44332
6.57853
4.44332
6.57853
4.44332
6.57853
4.44332
6.57853
4.44332
6.57853
6.57853
4.44332
4.44332
6.57853
6.57853
4.44332
6.57853
4.44332
6.57853
4.44332
6.57853
4.44332
6.57853
4.44332
4.44332
6.57853
4.44332
6.57853
4.44332
6.57853
4.44332
6.57853
4.44332
6.57853
4.44332
6.57853
4.44332
6.57853
6.57853
4.44332
4.44332
4.44332
6.57853
4.44332
6.57853
4.44332
6.57853
4.44332
6.57853
4.44332
4.44332
4.44332
6.57853
6.57853
4.44332
6.57853
4.44332
6.57853
4.44332
6.57853
4.44332
6.57853
4.44332
6.57853
4.44332
4.44332
4.44332
6.57853
4.44332
6.57853
6.57853
4.44332
6.57853
4.44332
6.57853
4.44332
4.44332
4.44332
6.57853
6.57853
6.57853
4.44332
6.57853
6.57853
4.44332
6.57853
4.44332
6.57853
4.44332
6.57853
6.57853
6.57853
4.44332
6.57853
4.44332
6.57853
4.44332
6.57853
6.57853
4.44332
6.57853
4.44332
6.57853
4.44332
6.57853
4.44332
6.57853
4.44332
6.57853
4.44332
6.57853
6.57853
4.44332
6.57853
4.44332
6.57853
4.44332
6.57853
4.44332
6.57853
4.44332
6.57853
4.44332
6.57853
4.44332
4.44332
6.57853
4.44332
6.57853
4.44332
6.57853
4.44332
6.57853
4.44332
6.57853
4.44332
6.57853
6.57853
4.44332
4.44332
6.57853
4.44332
6.57853
4.44332
6.57853
6.57853
4.44332
6.57853
4.44332
6.57853
4.44332
6.57853
4.44332
6.57853
4.44332
6.57853
4.44332
6.57853
4.44332
6.57853
4.44332
6.57853
4.44332
6.57853
4.44332
6.57853
6.57853
4.44332
6.57853
4.44332
6.57853
4.44332
6.57853
4.44332
6.57853
6.57853
6.57853
4.44332
6.57853
4.44332
6.57853
4.44332
6.57853
6.57853
4.44332
6.57853
4.44332
4.44332
6.57853
6.57853
4.44332
6.57853
4.44332
6.57853
4.44332
6.57853
6.57853
4.44332
4.44332
4.44332
6.57853
4.44332
6.57853
4.44332
6.57853
4.44332
6.57853
4.44332
6.57853
6.57853
4.44332
6.57853
6.57853
6.57853
4.44332
6.57853
4.44332
6.57853
4.44332
6.57853
6.57853
6.57853
4.44332
4.44332
6.57853
4.44332
6.57853
4.44332
6.57853
6.57853
4.44332
6.57853
4.44332
4.44332
4.44332
6.57853
4.44332
6.57853
4.44332
6.57853
6.57853
4.44332
6.57853
4.44332
6.57853
6.57853
6.57853
4.44332
6.57853
4.44332
6.57853
6.57853
4.44332
6.57853
4.44332
6.57853
4.44332
6.57853
4.44332
6.57853
4.44332
6.57853
4.44332
6.57853
6.57853
4.44332
6.57853
6.57853
6.57853
4.44332
4.44332
6.57853
6.57853
4.44332
6.57853
4.44332
6.57853
4.44332
6.57853
4.44332
6.57853
6.57853
4.44332
6.57853
4.44332
6.57853
4.44332
6.57853
4.44332
6.57853
4.44332
6.57853
6.57853
6.57853
6.57853
6.57853
6.57853
4.44332
6.57853
4.44332
6.57853
4.44332
6.57853
4.44332
4.44332
6.57853
6.57853
6.57853
4.44332
6.57853
4.44332
6.57853
4.44332
6.57853
4.44332
6.57853
4.44332
6.57853
6.57853
4.44332
4.44332
6.57853
6.57853
4.44332
6.57853
4.44332
6.57853
4.44332
6.57853
4.44332
6.57853
6.57853
6.57853
6.57853
4.44332
6.57853
4.44332
6.57853
4.44332
6.57853
4.44332
6.57853
6.57853
4.44332
6.57853
6.57853
6.57853
4.44332
6.57853
4.44332
6.57853
6.57853
4.44332
4.44332
6.57853
4.44332
4.44332
6.57853
4.44332
6.57853
4.44332
6.57853
4.44332
6.57853
6.57853
4.44332
6.57853
4.44332
6.57853
4.44332
6.57853
4.44332
6.57853
4.44332
6.57853
4.44332
6.57853
6.57853
6.57853
6.57853
4.44332
6.57853
4.44332
6.57853
4.44332
6.57853
4.44332
6.57853
4.44332
6.57853
4.44332
6.57853
4.44332
6.57853
4.44332
6.57853
6.57853
4.44332
6.57853
4.44332
6.57853
6.57853
4.44332
4.44332
4.44332
6.57853
4.44332
4.44332
6.57853
4.44332
6.57853
4.44332
6.57853
4.44332
6.57853
6.57853
4.44332
6.57853
4.44332
6.57853
4.44332
6.57853
4.44332
6.57853
4.44332
6.57853
4.44332
6.57853
6.57853
4.44332
6.57853
4.44332
6.57853
4.44332
6.57853
4.44332
6.57853
6.57853
4.44332
4.44332
6.57853
4.44332
6.57853
4.44332
6.57853
6.57853
4.44332
6.57853
4.44332
6.57853
4.44332
6.57853
4.44332
6.57853
4.44332
6.57853
4.44332
6.57853
4.44332
6.57853
4.44332
4.44332
6.57853
6.57853
4.44332
6.57853
4.44332
6.57853
6.57853
4.44332
4.44332
6.57853
6.57853
4.44332
6.57853
6.57853
4.44332
6.57853
4.44332
6.57853
4.44332
6.57853
4.44332
6.57853
4.44332
6.57853
4.44332
6.57853
4.44332
6.57853
4.44332
6.57853
6.57853
4.44332
6.57853
4.44332
6.57853
4.44332
6.57853
4.44332
4.44332
4.44332
6.57853
4.44332
4.44332
6.57853
4.44332
6.57853
4.44332
6.57853
4.44332
6.57853
6.57853
6.57853
4.44332
6.57853
4.44332
6.57853
6.57853
4.44332
6.57853
4.44332
6.57853
4.44332
6.57853
4.44332
6.57853
4.44332
6.57853
4.44332
6.57853
4.44332
6.57853
6.57853
4.44332
4.44332
4.44332
4.44332
6.57853
6.57853
4.44332
6.57853
4.44332
6.57853
4.44332
6.57853
4.44332
6.57853
6.57853
4.44332
6.57853
4.44332
6.57853
4.44332
6.57853
4.44332
6.57853
4.44332
6.57853
6.57853
4.44332
6.57853
6.57853
4.44332
4.44332
6.57853
4.44332
6.57853
4.44332
6.57853
4.44332
6.57853
4.44332
6.57853
4.44332
6.57853
6.57853
4.44332
6.57853
4.44332
6.57853
4.44332
6.57853
4.44332
6.57853
4.44332
6.57853
4.44332
6.57853
4.44332
6.57853
4.44332
6.57853
6.57853
6.57853
4.44332
6.57853
6.57853
4.44332
6.57853
4.44332
6.57853
4.44332
6.57853
4.44332
6.57853
4.44332
4.44332
4.44332
6.57853
4.44332
6.57853
4.44332
6.57853
6.57853
4.44332
6.57853
4.44332
6.57853
4.44332
4.44332
4.44332
6.57853
4.44332
6.57853
4.44332
6.57853
4.44332
6.57853
6.57853
4.44332
4.44332
4.44332
6.57853
4.44332
6.57853
4.44332
6.57853
4.44332
6.57853
4.44332
6.57853
4.44332
6.57853
4.44332
6.57853
4.44332
6.57853
6.57853
4.44332
6.57853
4.44332
6.57853
4.44332
6.57853
4.44332
6.57853
4.44332
6.57853
6.57853
6.57853
4.44332
4.44332
6.57853
6.57853
4.44332
6.57853
4.44332
6.57853
4.44332
6.57853
4.44332
6.57853
6.57853
6.57853
4.44332
6.57853
4.44332
6.57853
4.44332
6.57853
4.44332
6.57853
4.44332
6.57853
4.44332
6.57853
6.57853
4.44332
4.44332
4.44332
6.57853
4.44332
6.57853
4.44332
4.44332
6.57853
6.57853
4.44332
4.44332
6.57853
4.44332
4.44332
6.57853
4.44332
4.44332
6.57853
4.44332
6.57853
6.57853
4.44332
6.57853
4.44332
6.57853
6.57853
4.44332
6.57853
4.44332
6.57853
4.44332
6.57853
4.44332
6.57853
4.44332
6.57853
4.44332
6.57853
4.44332
6.57853
4.44332
6.57853
4.44332
4.44332
6.57853
6.57853
6.57853
4.44332
6.57853
4.44332
6.57853
4.44332
4.44332
6.57853
4.44332
6.57853
4.44332
6.57853
4.44332
4.44332
6.57853
4.44332
6.57853
6.57853
4.44332
6.57853
6.57853
6.57853
4.44332
6.57853
6.57853
4.44332
6.57853
4.44332
6.57853
6.57853
6.57853
4.44332
6.57853
4.44332
4.44332
4.44332
6.57853
6.57853
4.44332
6.57853
4.44332
4.44332
6.57853
4.44332
6.57853
4.44332
6.57853
6.57853
6.57853
4.44332
6.57853
6.57853
4.44332
4.44332
4.44332
6.57853
6.57853
4.44332
6.57853
4.44332
6.57853
4.44332
6.57853
6.57853
4.44332
6.57853
4.44332
4.44332
6.57853
6.57853
4.44332
6.57853
4.44332
6.57853
4.44332
4.44332
4.44332
6.57853
4.44332
6.57853
4.44332
6.57853
6.57853
4.44332
4.44332
4.44332
6.57853
6.57853
4.44332
6.57853
6.57853
4.44332
4.44332
6.57853
4.44332
4.44332
4.44332
6.57853
6.57853
4.44332
6.57853
4.44332
6.57853
4.44332
4.44332
6.57853
4.44332
6.57853
6.57853
4.44332
6.57853
4.44332
6.57853
6.57853
6.57853
4.44332
6.57853
6.57853
4.44332
4.44332
4.44332
6.57853
4.44332
6.57853
6.57853
4.44332
6.57853
4.44332
6.57853
4.44332
4.44332
6.57853
4.44332
6.57853
6.57853
4.44332
6.57853
4.44332
4.44332
6.57853
4.44332
4.44332
6.57853
4.44332
6.57853
4.44332
6.57853
4.44332
4.44332
4.44332
4.44332
6.57853
4.44332
6.57853
4.44332
4.44332
6.57853
4.44332
6.57853
6.57853
6.57853
6.57853
4.44332
4.44332
6.57853
6.57853
4.44332
6.57853
4.44332
6.57853
4.44332
6.57853
6.57853
4.44332
6.57853
4.44332
4.44332
4.44332
6.57853
6.57853
4.44332
6.57853
4.44332
6.57853
6.57853
4.44332
4.44332
4.44332
6.57853
4.44332
4.44332
6.57853
6.57853
4.44332
6.57853
4.44332
6.57853
4.44332
6.57853
4.44332
4.44332
4.44332
4.44332
4.44332
4.44332
4.44332
6.57853
4.44332
6.57853
6.57853
4.44332
6.57853
4.44332
4.44332
4.44332
6.57853
4.44332
6.57853
6.57853
4.44332
6.57853
6.57853
6.57853
4.44332
6.57853
4.44332
6.57853
6.57853
4.44332
6.57853
4.44332
6.57853
4.44332
6.57853
4.44332
6.57853
4.44332
6.57853
4.44332
6.57853
4.44332
6.57853
4.44332
6.57853
4.44332
6.57853
4.44332
6.57853
4.44332
6.57853
4.44332
6.57853
4.44332
6.57853
4.44332
6.57853
4.44332
6.57853
4.44332
6.57853
6.57853
4.44332
4.44332
6.57853
4.44332
6.57853
6.57853
4.44332
6.57853
4.44332
6.57853
4.44332
6.57853
6.57853
6.57853
4.44332
6.57853
4.44332
6.57853
4.44332
6.57853
4.44332
6.57853
4.44332
6.57853
4.44332
4.44332
4.44332
6.57853
4.44332
6.57853
4.44332
6.57853
4.44332
4.44332
6.57853
6.57853
4.44332
4.44332
6.57853
4.44332
6.57853
4.44332
6.57853
4.44332
6.57853
4.44332
6.57853
4.44332
4.44332
6.57853
6.57853
4.44332
6.57853
6.57853
4.44332
6.57853
4.44332
6.57853
4.44332
6.57853
4.44332
6.57853
4.44332
6.57853
4.44332
4.44332
6.57853
4.44332
4.44332
6.57853
4.44332
6.57853
4.44332
6.57853
6.57853
6.57853
4.44332
6.57853
4.44332
6.57853
6.57853
4.44332
6.57853
4.44332
6.57853
4.44332
6.57853
4.44332
6.57853
4.44332
6.57853
4.44332
6.57853
4.44332
6.57853
4.44332
6.57853
4.44332
6.57853
4.44332
6.57853
4.44332
6.57853
4.44332
6.57853
4.44332
6.57853
4.44332
6.57853
4.44332
6.57853
4.44332
4.44332
4.44332
4.44332
4.44332
6.57853
4.44332
6.57853
6.57853
6.57853
4.44332
6.57853
4.44332
6.57853
4.44332
6.57853
6.57853
6.57853
4.44332
6.57853
6.57853
4.44332
6.57853
4.44332
6.57853
4.44332
6.57853
4.44332
6.57853
4.44332
6.57853
4.44332
6.57853
4.44332
6.57853
4.44332
6.57853
4.44332
6.57853
4.44332
6.57853
4.44332
6.57853
4.44332
6.57853
4.44332
6.57853
4.44332
6.57853
4.44332
4.44332
6.57853
4.44332
6.57853
6.57853
4.44332
6.57853
4.44332
6.57853
4.44332
6.57853
4.44332
6.57853
6.57853
4.44332
6.57853
6.57853
4.44332
4.44332
6.57853
4.44332
6.57853
4.44332
6.57853
4.44332
6.57853
4.44332
6.57853
4.44332
6.57853
4.44332
6.57853
4.44332
6.57853
4.44332
6.57853
4.44332
6.57853
6.57853
6.57853
4.44332
4.44332
6.57853
6.57853
4.44332
6.57853
4.44332
6.57853
4.44332
6.57853
4.44332
6.57853
4.44332
6.57853
4.44332
6.57853
4.44332
6.57853
4.44332
6.57853
4.44332
6.57853
4.44332
6.57853
4.44332
6.57853
6.57853
4.44332
6.57853
4.44332
6.57853
4.44332
4.44332
6.57853
4.44332
4.44332
6.57853
6.57853
4.44332
6.57853
4.44332
6.57853
4.44332
6.57853
6.57853
4.44332
6.57853
4.44332
6.57853
4.44332
6.57853
4.44332
6.57853
4.44332
6.57853
4.44332
6.57853
4.44332
6.57853
6.57853
4.44332
4.44332
6.57853
6.57853
4.44332
6.57853
4.44332
4.44332
4.44332
6.57853
4.44332
6.57853
6.57853
4.44332
4.44332
6.57853
4.44332
6.57853
4.44332
6.57853
4.44332
4.44332
6.57853
4.44332
6.57853
4.44332
6.57853
4.44332
6.57853
4.44332
6.57853
4.44332
6.57853
4.44332
6.57853
4.44332
6.57853
4.44332
6.57853
4.44332
6.57853
6.57853
6.57853
4.44332
6.57853
4.44332
6.57853
4.44332
6.57853
4.44332
4.44332
6.57853
4.44332
4.44332
6.57853
4.44332
6.57853
4.44332
6.57853
4.44332
6.57853
4.44332
6.57853
4.44332
6.57853
4.44332
4.44332
4.44332
6.57853
4.44332
6.57853
4.44332
6.57853
4.44332
6.57853
4.44332
6.57853
4.44332
4.44332
4.44332
6.57853
4.44332
6.57853
4.44332
6.57853
4.44332
6.57853
4.44332
6.57853
4.44332
6.57853
6.57853
4.44332
6.57853
6.57853
4.44332
6.57853
4.44332
6.57853
4.44332
6.57853
4.44332
6.57853
4.44332
4.44332
6.57853
4.44332
6.57853
6.57853
6.57853
4.44332
6.57853
4.44332
6.57853
4.44332
6.57853
4.44332
6.57853
4.44332
6.57853
4.44332
4.44332
6.57853
4.44332
6.57853
6.57853
4.44332
6.57853
4.44332
4.44332
6.57853
4.44332
4.44332
4.44332
4.44332
6.57853
4.44332
6.57853
4.44332
6.57853
4.44332
6.57853
4.44332
6.57853
4.44332
6.57853
4.44332
6.57853
4.44332
6.57853
4.44332
6.57853
4.44332
6.57853
4.44332
6.57853
4.44332
6.57853
4.44332
6.57853
4.44332
6.57853
4.44332
6.57853
4.44332
6.57853
6.57853
6.57853
4.44332
4.44332
6.57853
4.44332
6.57853
4.44332
6.57853
4.44332
6.57853
4.44332
6.57853
6.57853
6.57853
4.44332
6.57853
4.44332
6.57853
4.44332
6.57853
4.44332
6.57853
4.44332
4.44332
6.57853
4.44332
4.44332
6.57853
4.44332
6.57853
4.44332
6.57853
4.44332
6.57853
4.44332
6.57853
6.57853
6.57853
4.44332
6.57853
4.44332
6.57853
4.44332
6.57853
4.44332
6.57853
4.44332
6.57853
4.44332
4.44332
6.57853
6.57853
4.44332
6.57853
4.44332
6.57853
4.44332
6.57853
4.44332
6.57853
4.44332
6.57853
6.57853
6.57853
4.44332
6.57853
4.44332
6.57853
4.44332
6.57853
4.44332
6.57853
4.44332
6.57853
6.57853
4.44332
6.57853
6.57853
6.57853
4.44332
4.44332
6.57853
4.44332
6.57853
4.44332
6.57853
4.44332
4.44332
4.44332
6.57853
4.44332
6.57853
4.44332
6.57853
4.44332
6.57853
6.57853
6.57853
6.57853
6.57853
4.44332
4.44332
6.57853
4.44332
6.57853
4.44332
6.57853
4.44332
6.57853
4.44332
6.57853
4.44332
6.57853
4.44332
6.57853
4.44332
6.57853
4.44332
6.57853
4.44332
6.57853
4.44332
6.57853
4.44332
4.44332
4.44332
6.57853
4.44332
6.57853
4.44332
6.57853
4.44332
6.57853
4.44332
6.57853
4.44332
6.57853
4.44332
6.57853
4.44332
6.57853
4.44332
6.57853
4.44332
6.57853
6.57853
6.57853
6.57853
4.44332
4.44332
4.44332
4.44332
6.57853
4.44332
6.57853
4.44332
6.57853
4.44332
6.57853
4.44332
6.57853
4.44332
4.44332
6.57853
4.44332
4.44332
6.57853
6.57853
6.57853
4.44332
6.57853
6.57853
4.44332
6.57853
4.44332
6.57853
4.44332
6.57853
4.44332
6.57853
4.44332
4.44332
4.44332
4.44332
4.44332
6.57853
4.44332
6.57853
4.44332
6.57853
4.44332
6.57853
4.44332
6.57853
6.57853
6.57853
4.44332
6.57853
4.44332
6.57853
4.44332
6.57853
4.44332
6.57853
4.44332
4.44332
4.44332
6.57853
4.44332
6.57853
4.44332
6.57853
4.44332
6.57853
4.44332
6.57853
4.44332
6.57853
4.44332
4.44332
4.44332
6.57853
4.44332
6.57853
4.44332
6.57853
4.44332
6.57853
4.44332
6.57853
4.44332
6.57853
6.57853
4.44332
4.44332
4.44332
6.57853
4.44332
6.57853
6.57853
4.44332
4.44332
6.57853
4.44332
4.44332
6.57853
4.44332
6.57853
4.44332
4.44332
6.57853
4.44332
6.57853
6.57853
4.44332
6.57853
4.44332
6.57853
6.57853
6.57853
4.44332
6.57853
4.44332
6.57853
4.44332
6.57853
4.44332
6.57853
4.44332
6.57853
4.44332
6.57853
4.44332
6.57853
4.44332
6.57853
4.44332
6.57853
4.44332
6.57853
6.57853
4.44332
4.44332
4.44332
6.57853
4.44332
6.57853
6.57853
4.44332
6.57853
4.44332
4.44332
6.57853
6.57853
4.44332
6.57853
4.44332
6.57853
4.44332
4.44332
6.57853
4.44332
4.44332
6.57853
4.44332
6.57853
4.44332
6.57853
6.57853
6.57853
4.44332
6.57853
4.44332
6.57853
4.44332
6.57853
6.57853
4.44332
4.44332
6.57853
4.44332
6.57853
4.44332
6.57853
4.44332
6.57853
4.44332
6.57853
4.44332
6.57853
4.44332
6.57853
4.44332
6.57853
4.44332
6.57853
4.44332
6.57853
4.44332
6.57853
4.44332
6.57853
4.44332
6.57853
4.44332
4.44332
6.57853
6.57853
4.44332
4.44332
6.57853
4.44332
6.57853
6.57853
4.44332
6.57853
4.44332
6.57853
6.57853
4.44332
6.57853
4.44332
6.57853
4.44332
6.57853
4.44332
6.57853
4.44332
6.57853
4.44332
6.57853
4.44332
6.57853
4.44332
6.57853
4.44332
6.57853
4.44332
6.57853
6.57853
6.57853
4.44332
6.57853
6.57853
4.44332
4.44332
6.57853
4.44332
6.57853
4.44332
6.57853
4.44332
6.57853
4.44332
6.57853
4.44332
6.57853
4.44332
6.57853
4.44332
6.57853
4.44332
6.57853
4.44332
6.57853
4.44332
6.57853
4.44332
6.57853
4.44332
6.57853
4.44332
6.57853
4.44332
6.57853
4.44332
6.57853
4.44332
6.57853
4.44332
6.57853
6.57853
4.44332
4.44332
4.44332
6.57853
4.44332
4.44332
6.57853
4.44332
6.57853
4.44332
4.44332
6.57853
6.57853
4.44332
6.57853
4.44332
6.57853
4.44332
6.57853
4.44332
6.57853
4.44332
6.57853
4.44332
6.57853
4.44332
6.57853
4.44332
6.57853
4.44332
6.57853
4.44332
6.57853
6.57853
6.57853
4.44332
4.44332
6.57853
4.44332
6.57853
4.44332
4.44332
6.57853
4.44332
4.44332
6.57853
4.44332
4.44332
6.57853
4.44332
6.57853
4.44332
6.57853
4.44332
6.57853
4.44332
6.57853
4.44332
6.57853
4.44332
6.57853
4.44332
6.57853
6.57853
6.57853
4.44332
4.44332
6.57853
4.44332
6.57853
4.44332
6.57853
4.44332
6.57853
4.44332
6.57853
6.57853
4.44332
4.44332
6.57853
4.44332
4.44332
6.57853
4.44332
6.57853
4.44332
6.57853
4.44332
6.57853
4.44332
6.57853
4.44332
6.57853
4.44332
6.57853
4.44332
6.57853
4.44332
6.57853
4.44332
6.57853
4.44332
6.57853
4.44332
6.57853
4.44332
6.57853
4.44332
6.57853
4.44332
6.57853
4.44332
6.57853
4.44332
6.57853
4.44332
6.57853
6.57853
4.44332
6.57853
6.57853
4.44332
6.57853
6.57853
4.44332
6.57853
4.44332
6.57853
6.57853
4.44332
6.57853
4.44332
4.44332
6.57853
4.44332
6.57853
4.44332
6.57853
4.44332
6.57853
4.44332
4.44332
6.57853
4.44332
4.44332
4.44332
6.57853
4.44332
6.57853
4.44332
6.57853
4.44332
6.57853
4.44332
6.57853
4.44332
6.57853
4.44332
6.57853
4.44332
6.57853
4.44332
6.57853
4.44332
6.57853
4.44332
4.44332
6.57853
6.57853
6.57853
6.57853
4.44332
6.57853
4.44332
6.57853
4.44332
4.44332
6.57853
4.44332
6.57853
6.57853
4.44332
6.57853
6.57853
4.44332
6.57853
4.44332
6.57853
4.44332
6.57853
4.44332
4.44332
4.44332
6.57853
4.44332
6.57853
4.44332
6.57853
4.44332
6.57853
4.44332
6.57853
6.57853
6.57853
4.44332
6.57853
6.57853
4.44332
4.44332
6.57853
4.44332
6.57853
4.44332
6.57853
4.44332
6.57853
4.44332
4.44332
4.44332
4.44332
4.44332
6.57853
4.44332
6.57853
4.44332
6.57853
4.44332
6.57853
4.44332
6.57853
6.57853
6.57853
4.44332
6.57853
4.44332
6.57853
4.44332
6.57853
4.44332
6.57853
6.57853
6.57853
4.44332
6.57853
6.57853
6.57853
4.44332
6.57853
4.44332
6.57853
4.44332
6.57853
6.57853
4.44332
6.57853
4.44332
4.44332
6.57853
4.44332
6.57853
4.44332
6.57853
4.44332
6.57853
6.57853
6.57853
4.44332
6.57853
4.44332
6.57853
4.44332
6.57853
4.44332
6.57853
4.44332
6.57853
4.44332
4.44332
6.57853
4.44332
6.57853
6.57853
4.44332
6.57853
4.44332
6.57853
6.57853
4.44332
6.57853
4.44332
6.57853
6.57853
6.57853
4.44332
4.44332
4.44332
6.57853
4.44332
6.57853
4.44332
6.57853
4.44332
4.44332
6.57853
4.44332
6.57853
6.57853
4.44332
6.57853
4.44332
6.57853
4.44332
6.57853
4.44332
6.57853
6.57853
6.57853
4.44332
6.57853
4.44332
6.57853
4.44332
6.57853
4.44332
6.57853
6.57853
6.57853
6.57853
4.44332
4.44332
6.57853
4.44332
6.57853
4.44332
6.57853
4.44332
6.57853
4.44332
6.57853
6.57853
6.57853
4.44332
6.57853
4.44332
6.57853
4.44332
6.57853
4.44332
6.57853
4.44332
6.57853
6.57853
4.44332
6.57853
6.57853
4.44332
6.57853
4.44332
6.57853
4.44332
6.57853
4.44332
6.57853
4.44332
4.44332
6.57853
6.57853
4.44332
6.57853
4.44332
6.57853
4.44332
6.57853
4.44332
6.57853
6.57853
6.57853
6.57853
4.44332
4.44332
6.57853
4.44332
6.57853
4.44332
6.57853
4.44332
6.57853
4.44332
6.57853
6.57853
6.57853
4.44332
6.57853
4.44332
6.57853
4.44332
6.57853
4.44332
6.57853
6.57853
6.57853
6.57853
6.57853
6.57853
4.44332
6.57853
4.44332
6.57853
4.44332
6.57853
4.44332
6.57853
4.44332
6.57853
6.57853
6.57853
4.44332
6.57853
4.44332
6.57853
4.44332
6.57853
4.44332
6.57853
4.44332
6.57853
6.57853
4.44332
6.57853
4.44332
4.44332
6.57853
6.57853
4.44332
6.57853
4.44332
6.57853
4.44332
6.57853
6.57853
6.57853
4.44332
6.57853
4.44332
6.57853
4.44332
6.57853
4.44332
6.57853
4.44332
6.57853
4.44332
4.44332
4.44332
4.44332
6.57853
4.44332
6.57853
6.57853
4.44332
6.57853
4.44332
6.57853
4.44332
6.57853
4.44332
6.57853
4.44332
6.57853
4.44332
6.57853
6.57853
4.44332
4.44332
6.57853
6.57853
4.44332
6.57853
4.44332
6.57853
4.44332
6.57853
4.44332
6.57853
6.57853
6.57853
6.57853
4.44332
4.44332
6.57853
4.44332
6.57853
4.44332
6.57853
4.44332
6.57853
4.44332
6.57853
6.57853
6.57853
4.44332
6.57853
4.44332
6.57853
4.44332
6.57853
4.44332
4.44332
4.44332
4.44332
4.44332
6.57853
6.57853
6.57853
4.44332
6.57853
4.44332
6.57853
4.44332
6.57853
4.44332
6.57853
4.44332
6.57853
6.57853
4.44332
6.57853
4.44332
6.57853
4.44332
6.57853
6.57853
4.44332
6.57853
4.44332
6.57853
4.44332
6.57853
4.44332
6.57853
4.44332
4.44332
4.44332
6.57853
4.44332
6.57853
4.44332
6.57853
4.44332
6.57853
4.44332
4.44332
6.57853
4.44332
6.57853
6.57853
4.44332
6.57853
6.57853
4.44332
6.57853
4.44332
6.57853
4.44332
4.44332
4.44332
6.57853
4.44332
6.57853
4.44332
6.57853
4.44332
6.57853
4.44332
6.57853
4.44332
4.44332
6.57853
4.44332
6.57853
4.44332
4.44332
6.57853
4.44332
4.44332
6.57853
4.44332
6.57853
4.44332
6.57853
6.57853
4.44332
6.57853
4.44332
6.57853
4.44332
6.57853
4.44332
6.57853
6.57853
6.57853
4.44332
6.57853
6.57853
6.57853
4.44332
6.57853
4.44332
4.44332
6.57853
4.44332
6.57853
4.44332
6.57853
6.57853
4.44332
6.57853
6.57853
4.44332
6.57853
4.44332
6.57853
4.44332
6.57853
6.57853
4.44332
6.57853
4.44332
6.57853
4.44332
6.57853
6.57853
4.44332
6.57853
4.44332
4.44332
6.57853
6.57853
4.44332
4.44332
6.57853
4.44332
4.44332
6.57853
4.44332
6.57853
4.44332
6.57853
4.44332
4.44332
6.57853
4.44332
6.57853
4.44332
4.44332
6.57853
4.44332
6.57853
4.44332
4.44332
6.57853
4.44332
6.57853
6.57853
6.57853
4.44332
6.57853
4.44332
4.44332
6.57853
6.57853
6.57853
4.44332
6.57853
4.44332
4.44332
6.57853
4.44332
6.57853
4.44332
6.57853
6.57853
4.44332
6.57853
4.44332
6.57853
4.44332
6.57853
6.57853
4.44332
6.57853
4.44332
4.44332
6.57853
4.44332
4.44332
4.44332
6.57853
4.44332
4.44332
6.57853
4.44332
6.57853
4.44332
6.57853
4.44332
4.44332
6.57853
4.44332
4.44332
6.57853
6.57853
6.57853
4.44332
4.44332
6.57853
4.44332
6.57853
4.44332
6.57853
4.44332
6.57853
4.44332
6.57853
4.44332
4.44332
6.57853
4.44332
4.44332
4.44332
6.57853
4.44332
6.57853
4.44332
4.44332
6.57853
4.44332
6.57853
4.44332
6.57853
4.44332
6.57853
4.44332
6.57853
4.44332
6.57853
4.44332
6.57853
4.44332
6.57853
6.57853
4.44332
6.57853
4.44332
4.44332
6.57853
4.44332
6.57853
4.44332
6.57853
4.44332
6.57853
4.44332
6.57853
4.44332
6.57853
4.44332
6.57853
6.57853
4.44332
6.57853
6.57853
6.57853
4.44332
6.57853
4.44332
6.57853
4.44332
6.57853
4.44332
6.57853
4.44332
6.57853
6.57853
6.57853
4.44332
6.57853
6.57853
6.57853
4.44332
6.57853
4.44332
6.57853
4.44332
6.57853
4.44332
6.57853
4.44332
6.57853
4.44332
6.57853
4.44332
6.57853
4.44332
6.57853
4.44332
6.57853
4.44332
6.57853
4.44332
6.57853
4.44332
6.57853
4.44332
6.57853
4.44332
4.44332
6.57853
4.44332
6.57853
6.57853
6.57853
4.44332
6.57853
4.44332
6.57853
4.44332
6.57853
4.44332
6.57853
4.44332
6.57853
6.57853
4.44332
6.57853
4.44332
6.57853
4.44332
6.57853
4.44332
6.57853
6.57853
6.57853
6.57853
4.44332
6.57853
4.44332
6.57853
4.44332
6.57853
4.44332
4.44332
6.57853
6.57853
4.44332
4.44332
6.57853
4.44332
6.57853
4.44332
6.57853
4.44332
6.57853
4.44332
6.57853
4.44332
4.44332
4.44332
4.44332
6.57853
4.44332
6.57853
4.44332
6.57853
4.44332
6.57853
6.57853
6.57853
6.57853
4.44332
6.57853
4.44332
6.57853
6.57853
4.44332
6.57853
4.44332
4.44332
6.57853
6.57853
4.44332
6.57853
4.44332
4.44332
4.44332
6.57853
6.57853
6.57853
6.57853
4.44332
4.44332
6.57853
4.44332
6.57853
4.44332
6.57853
6.57853
6.57853
6.57853
4.44332
4.44332
6.57853
6.57853
6.57853
4.44332
6.57853
6.57853
4.44332
4.44332
4.44332
6.57853
4.44332
6.57853
4.44332
4.44332
6.57853
4.44332
6.57853
4.44332
4.44332
6.57853
6.57853
6.57853
4.44332
4.44332
6.57853
4.44332
6.57853
4.44332
6.57853
6.57853
6.57853
6.57853
4.44332
4.44332
4.44332
6.57853
4.44332
4.44332
6.57853
4.44332
4.44332
4.44332
6.57853
4.44332
4.44332
6.57853
4.44332
4.44332
4.44332
6.57853
4.44332
6.57853
4.44332
4.44332
6.57853
6.57853
6.57853
4.44332
6.57853
4.44332
6.57853
4.44332
4.44332
6.57853
4.44332
4.44332
4.44332
6.57853
4.44332
6.57853
6.57853
4.44332
4.44332
4.44332
6.57853
6.57853
6.57853
4.44332
4.44332
6.57853
4.44332
4.44332
4.44332
4.44332
6.57853
4.44332
6.57853
4.44332
4.44332
6.57853
4.44332
6.57853
6.57853
6.57853
4.44332
6.57853
4.44332
4.44332
6.57853
4.44332
6.57853
6.57853
4.44332
6.57853
6.57853
4.44332
6.57853
6.57853
4.44332
4.44332
4.44332
6.57853
4.44332
6.57853
4.44332
6.57853
4.44332
6.57853
4.44332
6.57853
6.57853
4.44332
6.57853
4.44332
4.44332
4.44332
4.44332
6.57853
6.57853
6.57853
4.44332
6.57853
6.57853
4.44332
4.44332
4.44332
6.57853
4.44332
4.44332
4.44332
4.44332
6.57853
4.44332
6.57853
4.44332
4.44332
6.57853
4.44332
4.44332
4.44332
6.57853
4.44332
4.44332
4.44332
4.44332
6.57853
4.44332
4.44332
6.57853
4.44332
6.57853
4.44332
6.57853
4.44332
6.57853
4.44332
6.57853
6.57853
4.44332
6.57853
4.44332
6.57853
6.57853
4.44332
6.57853
4.44332
6.57853
6.57853
6.57853
6.57853
4.44332
6.57853
4.44332
6.57853
4.44332
6.57853
4.44332
6.57853
4.44332
6.57853
4.44332
6.57853
6.57853
4.44332
4.44332
4.44332
6.57853
4.44332
4.44332
6.57853
4.44332
6.57853
4.44332
6.57853
4.44332
4.44332
6.57853
6.57853
4.44332
6.57853
6.57853
6.57853
6.57853
4.44332
6.57853
4.44332
6.57853
4.44332
6.57853
4.44332
6.57853
4.44332
6.57853
4.44332
6.57853
4.44332
4.44332
6.57853
4.44332
6.57853
4.44332
6.57853
4.44332
4.44332
6.57853
4.44332
6.57853
4.44332
6.57853
4.44332
4.44332
6.57853
4.44332
6.57853
6.57853
4.44332
4.44332
6.57853
4.44332
6.57853
4.44332
6.57853
4.44332
6.57853
4.44332
6.57853
6.57853
6.57853
4.44332
6.57853
4.44332
6.57853
4.44332
6.57853
4.44332
6.57853
4.44332
6.57853
4.44332
4.44332
6.57853
6.57853
6.57853
6.57853
4.44332
6.57853
4.44332
4.44332
6.57853
4.44332
6.57853
4.44332
6.57853
4.44332
6.57853
4.44332
6.57853
6.57853
6.57853
4.44332
4.44332
6.57853
6.57853
4.44332
6.57853
4.44332
6.57853
4.44332
6.57853
4.44332
6.57853
6.57853
4.44332
6.57853
4.44332
6.57853
6.57853
4.44332
4.44332
6.57853
4.44332
6.57853
6.57853
6.57853
4.44332
6.57853
4.44332
4.44332
4.44332
6.57853
4.44332
6.57853
4.44332
6.57853
4.44332
6.57853
4.44332
4.44332
6.57853
4.44332
6.57853
4.44332
4.44332
6.57853
4.44332
6.57853
4.44332
6.57853
4.44332
6.57853
4.44332
6.57853
6.57853
4.44332
4.44332
6.57853
6.57853
6.57853
4.44332
6.57853
4.44332
6.57853
4.44332
6.57853
4.44332
6.57853
4.44332
6.57853
4.44332
6.57853
4.44332
6.57853
4.44332
6.57853
4.44332
6.57853
4.44332
6.57853
4.44332
6.57853
4.44332
6.57853
4.44332
6.57853
4.44332
4.44332
6.57853
6.57853
4.44332
6.57853
4.44332
6.57853
4.44332
6.57853
4.44332
6.57853
4.44332
6.57853
4.44332
6.57853
4.44332
6.57853
4.44332
6.57853
4.44332
4.44332
6.57853
4.44332
6.57853
4.44332
6.57853
4.44332
6.57853
4.44332
4.44332
4.44332
6.57853
4.44332
6.57853
6.57853
4.44332
4.44332
6.57853
4.44332
6.57853
4.44332
6.57853
4.44332
6.57853
4.44332
6.57853
4.44332
6.57853
4.44332
6.57853
4.44332
6.57853
4.44332
6.57853
4.44332
6.57853
4.44332
6.57853
4.44332
4.44332
6.57853
6.57853
4.44332
6.57853
4.44332
6.57853
4.44332
6.57853
4.44332
6.57853
4.44332
6.57853
4.44332
6.57853
4.44332
6.57853
4.44332
6.57853
4.44332
6.57853
4.44332
6.57853
4.44332
6.57853
4.44332
4.44332
6.57853
6.57853
6.57853
4.44332
4.44332
6.57853
4.44332
6.57853
4.44332
6.57853
4.44332
6.57853
4.44332
6.57853
4.44332
6.57853
4.44332
6.57853
4.44332
6.57853
4.44332
6.57853
4.44332
6.57853
4.44332
6.57853
4.44332
6.57853
4.44332
6.57853
4.44332
6.57853
4.44332
6.57853
6.57853
6.57853
4.44332
6.57853
4.44332
4.44332
6.57853
6.57853
4.44332
6.57853
4.44332
6.57853
4.44332
6.57853
4.44332
4.44332
6.57853
6.57853
4.44332
6.57853
4.44332
6.57853
4.44332
6.57853
4.44332
6.57853
4.44332
4.44332
6.57853
6.57853
4.44332
4.44332
4.44332
6.57853
4.44332
6.57853
4.44332
6.57853
4.44332
6.57853
6.57853
4.44332
4.44332
6.57853
4.44332
6.57853
4.44332
6.57853
4.44332
6.57853
6.57853
6.57853
4.44332
4.44332
4.44332
6.57853
4.44332
6.57853
4.44332
6.57853
4.44332
6.57853
4.44332
6.57853
4.44332
4.44332
6.57853
6.57853
4.44332
6.57853
4.44332
6.57853
4.44332
6.57853
4.44332
6.57853
4.44332
4.44332
6.57853
6.57853
6.57853
4.44332
6.57853
4.44332
6.57853
4.44332
6.57853
4.44332
6.57853
4.44332
6.57853
6.57853
6.57853
4.44332
6.57853
4.44332
6.57853
4.44332
6.57853
4.44332
6.57853
4.44332
6.57853
4.44332
6.57853
6.57853
4.44332
4.44332
6.57853
4.44332
6.57853
4.44332
6.57853
4.44332
6.57853
4.44332
6.57853
6.57853
6.57853
4.44332
4.44332
4.44332
6.57853
4.44332
6.57853
4.44332
4.44332
6.57853
4.44332
6.57853
6.57853
6.57853
4.44332
6.57853
4.44332
6.57853
4.44332
6.57853
4.44332
6.57853
4.44332
6.57853
6.57853
6.57853
6.57853
4.44332
4.44332
6.57853
4.44332
6.57853
4.44332
6.57853
4.44332
6.57853
4.44332
4.44332
4.44332
4.44332
6.57853
4.44332
6.57853
4.44332
6.57853
4.44332
6.57853
4.44332
4.44332
6.57853
6.57853
4.44332
6.57853
6.57853
4.44332
6.57853
6.57853
4.44332
6.57853
4.44332
6.57853
4.44332
6.57853
4.44332
4.44332
6.57853
6.57853
4.44332
4.44332
6.57853
4.44332
6.57853
4.44332
6.57853
4.44332
6.57853
4.44332
6.57853
6.57853
6.57853
4.44332
6.57853
4.44332
6.57853
4.44332
6.57853
4.44332
6.57853
6.57853
4.44332
4.44332
6.57853
4.44332
6.57853
4.44332
6.57853
4.44332
6.57853
4.44332
4.44332
4.44332
6.57853
6.57853
4.44332
4.44332
4.44332
6.57853
4.44332
6.57853
4.44332
6.57853
4.44332
6.57853
6.57853
4.44332
4.44332
6.57853
4.44332
6.57853
4.44332
6.57853
4.44332
6.57853
4.44332
4.44332
4.44332
6.57853
6.57853
6.57853
4.44332
6.57853
4.44332
6.57853
4.44332
6.57853
4.44332
6.57853
4.44332
4.44332
4.44332
6.57853
6.57853
4.44332
6.57853
4.44332
6.57853
4.44332
6.57853
4.44332
6.57853
4.44332
6.57853
4.44332
4.44332
6.57853
6.57853
4.44332
6.57853
4.44332
6.57853
4.44332
6.57853
4.44332
6.57853
6.57853
4.44332
4.44332
6.57853
4.44332
6.57853
4.44332
6.57853
4.44332
6.57853
4.44332
6.57853
4.44332
4.44332
4.44332
4.44332
6.57853
4.44332
6.57853
4.44332
6.57853
4.44332
6.57853
4.44332
4.44332
4.44332
6.57853
4.44332
6.57853
4.44332
6.57853
4.44332
6.57853
4.44332
4.44332
4.44332
6.57853
4.44332
6.57853
4.44332
6.57853
4.44332
6.57853
4.44332
6.57853
4.44332
6.57853
6.57853
4.44332
4.44332
6.57853
4.44332
6.57853
4.44332
6.57853
4.44332
6.57853
4.44332
4.44332
6.57853
6.57853
6.57853
6.57853
4.44332
4.44332
6.57853
4.44332
6.57853
4.44332
6.57853
4.44332
6.57853
6.57853
4.44332
4.44332
6.57853
4.44332
6.57853
4.44332
6.57853
4.44332
6.57853
4.44332
6.57853
6.57853
6.57853
4.44332
6.57853
4.44332
6.57853
4.44332
6.57853
4.44332
6.57853
4.44332
6.57853
4.44332
4.44332
4.44332
6.57853
4.44332
4.44332
6.57853
4.44332
6.57853
4.44332
6.57853
4.44332
4.44332
4.44332
6.57853
4.44332
6.57853
4.44332
6.57853
4.44332
6.57853
4.44332
4.44332
4.44332
6.57853
4.44332
6.57853
4.44332
4.44332
4.44332
4.44332
6.57853
6.57853
6.57853
6.57853
4.44332
6.57853
4.44332
6.57853
4.44332
6.57853
4.44332
6.57853
4.44332
6.57853
4.44332
4.44332
6.57853
4.44332
6.57853
4.44332
6.57853
6.57853
4.44332
6.57853
4.44332
6.57853
4.44332
6.57853
4.44332
6.57853
4.44332
6.57853
4.44332
6.57853
4.44332
6.57853
4.44332
6.57853
4.44332
6.57853
4.44332
6.57853
6.57853
4.44332
4.44332
6.57853
4.44332
6.57853
4.44332
6.57853
4.44332
6.57853
4.44332
6.57853
6.57853
6.57853
4.44332
6.57853
4.44332
4.44332
6.57853
4.44332
6.57853
4.44332
6.57853
4.44332
6.57853
4.44332
6.57853
4.44332
6.57853
4.44332
6.57853
4.44332
6.57853
4.44332
4.44332
4.44332
6.57853
4.44332
6.57853
4.44332
6.57853
4.44332
6.57853
4.44332
6.57853
4.44332
6.57853
4.44332
6.57853
4.44332
6.57853
4.44332
6.57853
4.44332
6.57853
4.44332
6.57853
4.44332
6.57853
4.44332
6.57853
4.44332
6.57853
6.57853
6.57853
4.44332
4.44332
6.57853
4.44332
6.57853
4.44332
6.57853
4.44332
6.57853
4.44332
6.57853
4.44332
6.57853
4.44332
4.44332
6.57853
4.44332
4.44332
6.57853
6.57853
6.57853
4.44332
6.57853
4.44332
6.57853
4.44332
6.57853
4.44332
6.57853
6.57853
6.57853
4.44332
6.57853
4.44332
6.57853
4.44332
6.57853
4.44332
6.57853
4.44332
6.57853
4.44332
6.57853
4.44332
6.57853
4.44332
6.57853
4.44332
6.57853
4.44332
6.57853
4.44332
4.44332
4.44332
6.57853
4.44332
6.57853
4.44332
6.57853
4.44332
6.57853
4.44332
6.57853
4.44332
6.57853
4.44332
6.57853
4.44332
6.57853
4.44332
6.57853
4.44332
6.57853
4.44332
6.57853
4.44332
6.57853
4.44332
6.57853
4.44332
6.57853
4.44332
6.57853
4.44332
4.44332
6.57853
4.44332
4.44332
6.57853
4.44332
6.57853
4.44332
6.57853
4.44332
6.57853
4.44332
6.57853
4.44332
6.57853
4.44332
6.57853
4.44332
6.57853
4.44332
6.57853
4.44332
6.57853
4.44332
6.57853
4.44332
4.44332
6.57853
4.44332
4.44332
6.57853
6.57853
4.44332
6.57853
4.44332
6.57853
4.44332
6.57853
4.44332
6.57853
4.44332
6.57853
4.44332
4.44332
4.44332
6.57853
4.44332
6.57853
4.44332
6.57853
4.44332
6.57853
4.44332
6.57853
4.44332
6.57853
4.44332
6.57853
4.44332
6.57853
4.44332
6.57853
4.44332
6.57853
4.44332
4.44332
4.44332
6.57853
4.44332
6.57853
4.44332
6.57853
4.44332
6.57853
6.57853
4.44332
6.57853
4.44332
4.44332
4.44332
6.57853
4.44332
6.57853
4.44332
6.57853
4.44332
6.57853
4.44332
6.57853
4.44332
6.57853
4.44332
6.57853
4.44332
6.57853
4.44332
6.57853
4.44332
6.57853
4.44332
6.57853
6.57853
4.44332
6.57853
6.57853
4.44332
6.57853
4.44332
6.57853
4.44332
6.57853
4.44332
6.57853
4.44332
4.44332
4.44332
6.57853
4.44332
6.57853
4.44332
6.57853
4.44332
6.57853
4.44332
6.57853
4.44332
4.44332
6.57853
4.44332
4.44332
6.57853
4.44332
6.57853
4.44332
6.57853
4.44332
6.57853
4.44332
6.57853
4.44332
6.57853
4.44332
6.57853
6.57853
6.57853
4.44332
6.57853
4.44332
6.57853
4.44332
6.57853
6.57853
4.44332
6.57853
4.44332
6.57853
6.57853
4.44332
6.57853
4.44332
4.44332
4.44332
6.57853
4.44332
6.57853
4.44332
6.57853
4.44332
6.57853
4.44332
6.57853
4.44332
6.57853
4.44332
6.57853
4.44332
6.57853
4.44332
6.57853
4.44332
6.57853
4.44332
6.57853
4.44332
4.44332
6.57853
4.44332
4.44332
6.57853
4.44332
6.57853
4.44332
6.57853
4.44332
6.57853
4.44332
6.57853
4.44332
6.57853
4.44332
6.57853
4.44332
6.57853
4.44332
6.57853
4.44332
6.57853
4.44332
6.57853
6.57853
4.44332
6.57853
6.57853
4.44332
6.57853
4.44332
6.57853
4.44332
6.57853
4.44332
6.57853
4.44332
6.57853
4.44332
4.44332
4.44332
4.44332
4.44332
6.57853
4.44332
6.57853
4.44332
6.57853
4.44332
6.57853
4.44332
6.57853
4.44332
6.57853
4.44332
6.57853
4.44332
6.57853
4.44332
6.57853
4.44332
6.57853
6.57853
4.44332
4.44332
6.57853
6.57853
4.44332
6.57853
4.44332
4.44332
6.57853
4.44332
6.57853
4.44332
6.57853
4.44332
6.57853
4.44332
6.57853
6.57853
4.44332
4.44332
6.57853
6.57853
4.44332
6.57853
4.44332
6.57853
4.44332
6.57853
6.57853
4.44332
6.57853
6.57853
4.44332
6.57853
4.44332
6.57853
4.44332
6.57853
4.44332
6.57853
4.44332
6.57853
6.57853
6.57853
4.44332
6.57853
4.44332
6.57853
4.44332
6.57853
4.44332
6.57853
4.44332
4.44332
6.57853
4.44332
4.44332
6.57853
4.44332
6.57853
4.44332
6.57853
4.44332
6.57853
4.44332
6.57853
6.57853
6.57853
4.44332
6.57853
4.44332
6.57853
4.44332
6.57853
4.44332
6.57853
4.44332
6.57853
6.57853
6.57853
4.44332
6.57853
4.44332
6.57853
4.44332
4.44332
4.44332
4.44332
4.44332
6.57853
4.44332
6.57853
4.44332
6.57853
4.44332
6.57853
4.44332
6.57853
4.44332
6.57853
4.44332
6.57853
4.44332
6.57853
4.44332
6.57853
4.44332
6.57853
4.44332
6.57853
4.44332
6.57853
4.44332
6.57853
4.44332
6.57853
4.44332
6.57853
4.44332
6.57853
6.57853
4.44332
4.44332
6.57853
4.44332
6.57853
4.44332
6.57853
4.44332
6.57853
4.44332
6.57853
4.44332
6.57853
4.44332
6.57853
4.44332
6.57853
4.44332
6.57853
4.44332
6.57853
4.44332
6.57853
4.44332
6.57853
4.44332
6.57853
4.44332
6.57853
4.44332
6.57853
4.44332
4.44332
4.44332
6.57853
6.57853
4.44332
6.57853
4.44332
4.44332
6.57853
4.44332
6.57853
4.44332
6.57853
4.44332
6.57853
4.44332
6.57853
6.57853
6.57853
4.44332
4.44332
6.57853
4.44332
4.44332
6.57853
6.57853
6.57853
4.44332
6.57853
4.44332
6.57853
6.57853
4.44332
4.44332
4.44332
6.57853
4.44332
4.44332
6.57853
6.57853
4.44332
4.44332
6.57853
4.44332
6.57853
4.44332
4.44332
6.57853
4.44332
6.57853
4.44332
6.57853
4.44332
6.57853
6.57853
4.44332
4.44332
6.57853
4.44332
4.44332
4.44332
6.57853
4.44332
6.57853
6.57853
4.44332
4.44332
4.44332
4.44332
6.57853
4.44332
6.57853
4.44332
6.57853
6.57853
4.44332
6.57853
4.44332
6.57853
4.44332
4.44332
6.57853
4.44332
6.57853
4.44332
6.57853
4.44332
6.57853
4.44332
4.44332
6.57853
6.57853
6.57853
4.44332
4.44332
6.57853
4.44332
6.57853
4.44332
4.44332
6.57853
4.44332
6.57853
4.44332
6.57853
6.57853
4.44332
6.57853
4.44332
4.44332
4.44332
6.57853
6.57853
6.57853
4.44332
6.57853
4.44332
4.44332
6.57853
6.57853
4.44332
6.57853
6.57853
4.44332
6.57853
4.44332
6.57853
4.44332
6.57853
4.44332
6.57853
4.44332
6.57853
4.44332
4.44332
4.44332
6.57853
4.44332
4.44332
6.57853
4.44332
6.57853
6.57853
4.44332
6.57853
4.44332
6.57853
4.44332
6.57853
4.44332
6.57853
4.44332
6.57853
4.44332
6.57853
4.44332
6.57853
4.44332
6.57853
4.44332
6.57853
4.44332
6.57853
4.44332
6.57853
6.57853
4.44332
6.57853
6.57853
4.44332
4.44332
6.57853
4.44332
6.57853
6.57853
4.44332
6.57853
6.57853
4.44332
4.44332
6.57853
4.44332
6.57853
6.57853
4.44332
6.57853
4.44332
6.57853
4.44332
6.57853
4.44332
6.57853
4.44332
6.57853
4.44332
6.57853
4.44332
6.57853
4.44332
6.57853
4.44332
6.57853
4.44332
6.57853
4.44332
6.57853
4.44332
6.57853
6.57853
4.44332
6.57853
6.57853
4.44332
6.57853
4.44332
4.44332
6.57853
4.44332
6.57853
6.57853
6.57853
4.44332
6.57853
6.57853
4.44332
6.57853
4.44332
6.57853
4.44332
6.57853
4.44332
4.44332
6.57853
4.44332
6.57853
4.44332
6.57853
4.44332
6.57853
4.44332
6.57853
4.44332
6.57853
4.44332
6.57853
4.44332
6.57853
4.44332
6.57853
6.57853
4.44332
6.57853
4.44332
6.57853
4.44332
6.57853
4.44332
6.57853
4.44332
6.57853
4.44332
6.57853
4.44332
6.57853
4.44332
6.57853
4.44332
6.57853
4.44332
6.57853
4.44332
6.57853
4.44332
6.57853
4.44332
6.57853
6.57853
4.44332
6.57853
6.57853
4.44332
6.57853
6.57853
4.44332
6.57853
4.44332
6.57853
4.44332
6.57853
4.44332
6.57853
4.44332
6.57853
4.44332
6.57853
4.44332
6.57853
6.57853
6.57853
4.44332
6.57853
6.57853
6.57853
4.44332
6.57853
4.44332
6.57853
4.44332
6.57853
6.57853
6.57853
4.44332
4.44332
4.44332
6.57853
6.57853
4.44332
6.57853
4.44332
6.57853
4.44332
6.57853
4.44332
6.57853
4.44332
6.57853
4.44332
6.57853
4.44332
6.57853
4.44332
6.57853
4.44332
6.57853
6.57853
6.57853
4.44332
6.57853
4.44332
6.57853
4.44332
6.57853
4.44332
6.57853
4.44332
6.57853
4.44332
4.44332
4.44332
6.57853
4.44332
6.57853
4.44332
6.57853
4.44332
6.57853
4.44332
6.57853
4.44332
6.57853
4.44332
6.57853
4.44332
6.57853
4.44332
6.57853
4.44332
6.57853
4.44332
6.57853
4.44332
6.57853
4.44332
6.57853
4.44332
6.57853
4.44332
6.57853
4.44332
6.57853
4.44332
6.57853
4.44332
6.57853
4.44332
6.57853
4.44332
6.57853
4.44332
6.57853
4.44332
6.57853
6.57853
6.57853
4.44332
6.57853
6.57853
4.44332
6.57853
4.44332
6.57853
4.44332
6.57853
4.44332
6.57853
4.44332
6.57853
6.57853
4.44332
6.57853
4.44332
6.57853
4.44332
6.57853
4.44332
6.57853
4.44332
6.57853
4.44332
6.57853
4.44332
6.57853
4.44332
6.57853
4.44332
6.57853
4.44332
6.57853
4.44332
6.57853
4.44332
6.57853
4.44332
6.57853
4.44332
6.57853
4.44332
6.57853
4.44332
6.57853
4.44332
6.57853
4.44332
6.57853
6.57853
4.44332
6.57853
4.44332
6.57853
4.44332
6.57853
6.57853
4.44332
6.57853
6.57853
4.44332
6.57853
4.44332
6.57853
4.44332
6.57853
4.44332
4.44332
4.44332
4.44332
4.44332
6.57853
6.57853
4.44332
6.57853
4.44332
6.57853
4.44332
6.57853
4.44332
6.57853
4.44332
6.57853
4.44332
6.57853
4.44332
6.57853
4.44332
6.57853
4.44332
6.57853
6.57853
4.44332
6.57853
6.57853
4.44332
4.44332
6.57853
6.57853
4.44332
6.57853
4.44332
6.57853
4.44332
6.57853
4.44332
6.57853
4.44332
4.44332
4.44332
6.57853
4.44332
4.44332
6.57853
4.44332
6.57853
4.44332
6.57853
4.44332
6.57853
4.44332
6.57853
4.44332
6.57853
6.57853
4.44332
6.57853
4.44332
6.57853
4.44332
6.57853
4.44332
6.57853
4.44332
6.57853
4.44332
6.57853
4.44332
6.57853
4.44332
6.57853
4.44332
6.57853
4.44332
6.57853
4.44332
6.57853
4.44332
6.57853
4.44332
6.57853
4.44332
6.57853
4.44332
6.57853
6.57853
4.44332
6.57853
6.57853
6.57853
4.44332
6.57853
6.57853
4.44332
6.57853
4.44332
6.57853
4.44332
6.57853
4.44332
6.57853
4.44332
6.57853
6.57853
4.44332
6.57853
4.44332
6.57853
4.44332
6.57853
4.44332
6.57853
4.44332
6.57853
4.44332
6.57853
4.44332
6.57853
6.57853
4.44332
6.57853
4.44332
6.57853
4.44332
6.57853
4.44332
6.57853
4.44332
6.57853
4.44332
4.44332
4.44332
6.57853
4.44332
4.44332
6.57853
4.44332
6.57853
4.44332
6.57853
4.44332
6.57853
4.44332
4.44332
6.57853
4.44332
6.57853
6.57853
4.44332
6.57853
4.44332
6.57853
4.44332
6.57853
4.44332
4.44332
4.44332
6.57853
4.44332
4.44332
6.57853
4.44332
6.57853
4.44332
4.44332
6.57853
4.44332
6.57853
4.44332
6.57853
4.44332
6.57853
4.44332
6.57853
4.44332
6.57853
4.44332
6.57853
6.57853
4.44332
6.57853
4.44332
6.57853
4.44332
6.57853
4.44332
6.57853
4.44332
6.57853
4.44332
6.57853
6.57853
4.44332
4.44332
4.44332
4.44332
4.44332
6.57853
4.44332
6.57853
4.44332
6.57853
4.44332
6.57853
4.44332
6.57853
4.44332
6.57853
4.44332
4.44332
4.44332
4.44332
6.57853
4.44332
6.57853
6.57853
4.44332
4.44332
4.44332
6.57853
4.44332
6.57853
4.44332
6.57853
4.44332
6.57853
6.57853
4.44332
4.44332
6.57853
6.57853
4.44332
6.57853
4.44332
6.57853
4.44332
6.57853
4.44332
4.44332
6.57853
6.57853
4.44332
6.57853
4.44332
6.57853
4.44332
6.57853
4.44332
6.57853
6.57853
6.57853
4.44332
6.57853
4.44332
6.57853
4.44332
6.57853
4.44332
6.57853
4.44332
6.57853
4.44332
4.44332
4.44332
4.44332
4.44332
6.57853
4.44332
6.57853
4.44332
6.57853
6.57853
4.44332
6.57853
6.57853
4.44332
6.57853
4.44332
6.57853
4.44332
4.44332
6.57853
4.44332
6.57853
4.44332
6.57853
4.44332
6.57853
4.44332
6.57853
4.44332
6.57853
6.57853
4.44332
6.57853
4.44332
6.57853
4.44332
6.57853
4.44332
6.57853
4.44332
6.57853
4.44332
6.57853
4.44332
6.57853
4.44332
6.57853
4.44332
6.57853
4.44332
6.57853
4.44332
4.44332
4.44332
6.57853
6.57853
4.44332
6.57853
4.44332
6.57853
4.44332
6.57853
4.44332
6.57853
4.44332
6.57853
4.44332
6.57853
4.44332
6.57853
4.44332
6.57853
4.44332
6.57853
6.57853
6.57853
4.44332
6.57853
4.44332
6.57853
4.44332
6.57853
4.44332
6.57853
4.44332
6.57853
6.57853
4.44332
6.57853
4.44332
6.57853
4.44332
6.57853
4.44332
6.57853
4.44332
6.57853
6.57853
6.57853
4.44332
6.57853
4.44332
6.57853
4.44332
6.57853
4.44332
6.57853
4.44332
6.57853
4.44332
6.57853
4.44332
6.57853
4.44332
4.44332
6.57853
6.57853
4.44332
6.57853
4.44332
6.57853
4.44332
6.57853
4.44332
6.57853
4.44332
6.57853
4.44332
6.57853
4.44332
6.57853
4.44332
6.57853
4.44332
6.57853
4.44332
6.57853
4.44332
6.57853
4.44332
6.57853
4.44332
6.57853
4.44332
6.57853
4.44332
6.57853
4.44332
6.57853
4.44332
6.57853
4.44332
6.57853
4.44332
6.57853
6.57853
4.44332
4.44332
6.57853
4.44332
6.57853
4.44332
6.57853
4.44332
6.57853
6.57853
4.44332
6.57853
4.44332
6.57853
4.44332
6.57853
4.44332
6.57853
4.44332
6.57853
4.44332
6.57853
4.44332
6.57853
6.57853
4.44332
6.57853
4.44332
4.44332
6.57853
4.44332
6.57853
4.44332
4.44332
6.57853
4.44332
4.44332
6.57853
4.44332
6.57853
4.44332
6.57853
4.44332
6.57853
4.44332
6.57853
4.44332
6.57853
4.44332
6.57853
4.44332
6.57853
4.44332
6.57853
4.44332
6.57853
4.44332
6.57853
4.44332
6.57853
4.44332
6.57853
4.44332
6.57853
4.44332
6.57853
4.44332
6.57853
4.44332
6.57853
4.44332
6.57853
4.44332
6.57853
6.57853
4.44332
4.44332
6.57853
4.44332
6.57853
4.44332
6.57853
4.44332
6.57853
4.44332
6.57853
4.44332
6.57853
4.44332
6.57853
4.44332
6.57853
4.44332
4.44332
4.44332
4.44332
6.57853
4.44332
6.57853
4.44332
6.57853
4.44332
6.57853
4.44332
6.57853
6.57853
4.44332
6.57853
4.44332
4.44332
4.44332
6.57853
4.44332
6.57853
4.44332
6.57853
4.44332
6.57853
4.44332
6.57853
4.44332
6.57853
4.44332
6.57853
4.44332
6.57853
4.44332
6.57853
4.44332
4.44332
4.44332
4.44332
4.44332
6.57853
4.44332
6.57853
4.44332
6.57853
4.44332
6.57853
4.44332
6.57853
4.44332
6.57853
4.44332
6.57853
6.57853
4.44332
6.57853
4.44332
6.57853
4.44332
4.44332
6.57853
4.44332
6.57853
4.44332
6.57853
4.44332
6.57853
4.44332
6.57853
4.44332
6.57853
4.44332
6.57853
4.44332
6.57853
4.44332
6.57853
4.44332
6.57853
4.44332
6.57853
4.44332
4.44332
6.57853
6.57853
4.44332
6.57853
4.44332
6.57853
4.44332
6.57853
4.44332
6.57853
4.44332
6.57853
4.44332
6.57853
4.44332
6.57853
4.44332
6.57853
4.44332
6.57853
6.57853
6.57853
4.44332
6.57853
4.44332
4.44332
6.57853
6.57853
4.44332
6.57853
4.44332
6.57853
4.44332
6.57853
4.44332
6.57853
4.44332
6.57853
6.57853
4.44332
4.44332
4.44332
6.57853
4.44332
4.44332
6.57853
4.44332
6.57853
4.44332
6.57853
4.44332
6.57853
4.44332
6.57853
4.44332
6.57853
4.44332
6.57853
4.44332
6.57853
4.44332
6.57853
4.44332
6.57853
4.44332
6.57853
6.57853
4.44332
6.57853
4.44332
6.57853
4.44332
6.57853
4.44332
6.57853
4.44332
6.57853
4.44332
6.57853
4.44332
6.57853
4.44332
6.57853
4.44332
6.57853
4.44332
6.57853
4.44332
6.57853
4.44332
6.57853
4.44332
6.57853
4.44332
6.57853
4.44332
6.57853
4.44332
6.57853
4.44332
6.57853
4.44332
6.57853
4.44332
4.44332
4.44332
6.57853
4.44332
6.57853
4.44332
6.57853
4.44332
6.57853
4.44332
6.57853
4.44332
6.57853
4.44332
6.57853
4.44332
6.57853
4.44332
6.57853
4.44332
6.57853
4.44332
6.57853
4.44332
6.57853
4.44332
6.57853
4.44332
6.57853
6.57853
6.57853
4.44332
6.57853
4.44332
6.57853
4.44332
6.57853
4.44332
6.57853
4.44332
6.57853
4.44332
6.57853
4.44332
6.57853
4.44332
6.57853
4.44332
6.57853
4.44332
6.57853
4.44332
6.57853
4.44332
6.57853
4.44332
6.57853
4.44332
4.44332
4.44332
6.57853
4.44332
6.57853
4.44332
6.57853
4.44332
6.57853
4.44332
6.57853
4.44332
6.57853
4.44332
6.57853
4.44332
6.57853
4.44332
6.57853
6.57853
4.44332
6.57853
4.44332
6.57853
4.44332
4.44332
6.57853
4.44332
6.57853
6.57853
6.57853
4.44332
6.57853
4.44332
6.57853
4.44332
6.57853
4.44332
6.57853
4.44332
6.57853
4.44332
6.57853
4.44332
6.57853
4.44332
6.57853
4.44332
6.57853
4.44332
4.44332
4.44332
6.57853
4.44332
4.44332
4.44332
6.57853
4.44332
6.57853
4.44332
6.57853
4.44332
6.57853
4.44332
6.57853
4.44332
6.57853
4.44332
6.57853
4.44332
6.57853
4.44332
6.57853
4.44332
6.57853
4.44332
6.57853
4.44332
6.57853
6.57853
4.44332
4.44332
6.57853
4.44332
4.44332
6.57853
4.44332
6.57853
4.44332
6.57853
4.44332
6.57853
4.44332
4.44332
6.57853
4.44332
6.57853
4.44332
6.57853
4.44332
6.57853
4.44332
6.57853
4.44332
6.57853
4.44332
6.57853
4.44332
6.57853
6.57853
4.44332
6.57853
4.44332
4.44332
4.44332
6.57853
4.44332
6.57853
4.44332
6.57853
4.44332
6.57853
4.44332
6.57853
4.44332
6.57853
4.44332
6.57853
4.44332
6.57853
4.44332
6.57853
4.44332
6.57853
4.44332
6.57853
4.44332
4.44332
4.44332
6.57853
4.44332
6.57853
6.57853
6.57853
6.57853
4.44332
6.57853
4.44332
6.57853
4.44332
6.57853
4.44332
6.57853
4.44332
6.57853
4.44332
6.57853
4.44332
6.57853
4.44332
6.57853
6.57853
4.44332
6.57853
4.44332
6.57853
4.44332
4.44332
6.57853
4.44332
6.57853
4.44332
6.57853
4.44332
6.57853
4.44332
6.57853
6.57853
4.44332
4.44332
6.57853
4.44332
6.57853
4.44332
6.57853
6.57853
4.44332
4.44332
6.57853
4.44332
6.57853
4.44332
4.44332
6.57853
6.57853
4.44332
6.57853
4.44332
6.57853
6.57853
4.44332
6.57853
6.57853
4.44332
4.44332
6.57853
4.44332
6.57853
4.44332
6.57853
4.44332
6.57853
4.44332
6.57853
4.44332
6.57853
4.44332
6.57853
6.57853
4.44332
4.44332
6.57853
4.44332
6.57853
4.44332
6.57853
4.44332
6.57853
4.44332
4.44332
4.44332
6.57853
4.44332
6.57853
4.44332
6.57853
6.57853
4.44332
4.44332
6.57853
4.44332
6.57853
4.44332
6.57853
4.44332
6.57853
4.44332
6.57853
4.44332
6.57853
6.57853
6.57853
6.57853
4.44332
6.57853
4.44332
6.57853
4.44332
6.57853
4.44332
6.57853
4.44332
6.57853
4.44332
6.57853
4.44332
4.44332
6.57853
4.44332
4.44332
6.57853
4.44332
6.57853
4.44332
6.57853
4.44332
6.57853
6.57853
4.44332
6.57853
4.44332
6.57853
6.57853
4.44332
6.57853
4.44332
6.57853
6.57853
6.57853
4.44332
4.44332
6.57853
6.57853
4.44332
6.57853
4.44332
6.57853
4.44332
6.57853
4.44332
6.57853
6.57853
4.44332
4.44332
6.57853
4.44332
6.57853
4.44332
6.57853
4.44332
6.57853
4.44332
4.44332
4.44332
4.44332
6.57853
4.44332
4.44332
6.57853
4.44332
6.57853
4.44332
4.44332
4.44332
4.44332
6.57853
6.57853
4.44332
6.57853
6.57853
6.57853
6.57853
4.44332
6.57853
4.44332
6.57853
4.44332
6.57853
4.44332
6.57853
4.44332
6.57853
4.44332
6.57853
4.44332
6.57853
6.57853
4.44332
6.57853
6.57853
4.44332
6.57853
4.44332
6.57853
4.44332
6.57853
6.57853
6.57853
4.44332
6.57853
4.44332
6.57853
6.57853
4.44332
4.44332
4.44332
4.44332
6.57853
4.44332
6.57853
4.44332
6.57853
4.44332
6.57853
4.44332
6.57853
6.57853
4.44332
6.57853
4.44332
6.57853
4.44332
4.44332
6.57853
6.57853
4.44332
6.57853
4.44332
6.57853
4.44332
6.57853
4.44332
6.57853
4.44332
6.57853
6.57853
4.44332
6.57853
4.44332
4.44332
6.57853
4.44332
4.44332
6.57853
4.44332
6.57853
4.44332
4.44332
4.44332
6.57853
4.44332
6.57853
4.44332
6.57853
4.44332
6.57853
4.44332
6.57853
4.44332
6.57853
4.44332
6.57853
6.57853
6.57853
4.44332
6.57853
6.57853
4.44332
6.57853
4.44332
6.57853
4.44332
6.57853
4.44332
6.57853
4.44332
6.57853
4.44332
6.57853
4.44332
6.57853
4.44332
6.57853
4.44332
4.44332
6.57853
4.44332
6.57853
4.44332
6.57853
4.44332
6.57853
4.44332
6.57853
4.44332
4.44332
4.44332
6.57853
4.44332
4.44332
6.57853
4.44332
6.57853
4.44332
6.57853
4.44332
6.57853
4.44332
6.57853
4.44332
6.57853
4.44332
4.44332
6.57853
4.44332
6.57853
4.44332
6.57853
4.44332
6.57853
4.44332
6.57853
4.44332
6.57853
6.57853
4.44332
4.44332
6.57853
4.44332
4.44332
6.57853
4.44332
4.44332
6.57853
4.44332
6.57853
4.44332
6.57853
6.57853
4.44332
6.57853
4.44332
6.57853
6.57853
4.44332
6.57853
6.57853
6.57853
4.44332
6.57853
4.44332
6.57853
4.44332
6.57853
4.44332
6.57853
4.44332
6.57853
4.44332
6.57853
4.44332
6.57853
4.44332
4.44332
6.57853
4.44332
6.57853
4.44332
6.57853
4.44332
6.57853
4.44332
6.57853
6.57853
4.44332
6.57853
4.44332
6.57853
4.44332
6.57853
6.57853
4.44332
6.57853
4.44332
6.57853
4.44332
6.57853
4.44332
6.57853
4.44332
6.57853
4.44332
6.57853
4.44332
6.57853
4.44332
6.57853
4.44332
6.57853
4.44332
6.57853
4.44332
6.57853
4.44332
6.57853
6.57853
4.44332
6.57853
4.44332
6.57853
4.44332
6.57853
4.44332
6.57853
4.44332
6.57853
4.44332
6.57853
4.44332
6.57853
4.44332
6.57853
6.57853
6.57853
4.44332
6.57853
4.44332
4.44332
6.57853
6.57853
4.44332
6.57853
4.44332
4.44332
6.57853
4.44332
6.57853
4.44332
6.57853
4.44332
6.57853
4.44332
6.57853
4.44332
6.57853
4.44332
6.57853
4.44332
4.44332
6.57853
4.44332
6.57853
4.44332
4.44332
6.57853
4.44332
6.57853
4.44332
6.57853
4.44332
6.57853
4.44332
6.57853
4.44332
6.57853
4.44332
6.57853
6.57853
6.57853
4.44332
6.57853
4.44332
6.57853
4.44332
4.44332
6.57853
4.44332
4.44332
6.57853
4.44332
6.57853
4.44332
6.57853
4.44332
6.57853
4.44332
6.57853
4.44332
6.57853
4.44332
6.57853
6.57853
4.44332
6.57853
4.44332
6.57853
6.57853
4.44332
6.57853
6.57853
4.44332
4.44332
6.57853
4.44332
6.57853
4.44332
6.57853
4.44332
4.44332
6.57853
4.44332
6.57853
4.44332
6.57853
4.44332
4.44332
4.44332
4.44332
6.57853
4.44332
6.57853
4.44332
6.57853
4.44332
6.57853
4.44332
6.57853
4.44332
6.57853
4.44332
6.57853
4.44332
6.57853
6.57853
4.44332
6.57853
4.44332
4.44332
6.57853
4.44332
6.57853
6.57853
6.57853
4.44332
6.57853
4.44332
4.44332
6.57853
4.44332
6.57853
6.57853
4.44332
4.44332
6.57853
4.44332
6.57853
4.44332
6.57853
6.57853
4.44332
6.57853
4.44332
6.57853
4.44332
6.57853
4.44332
6.57853
4.44332
6.57853
4.44332
6.57853
4.44332
6.57853
4.44332
6.57853
4.44332
6.57853
4.44332
6.57853
4.44332
6.57853
4.44332
6.57853
4.44332
6.57853
4.44332
6.57853
4.44332
6.57853
6.57853
4.44332
6.57853
4.44332
6.57853
4.44332
4.44332
6.57853
4.44332
6.57853
4.44332
6.57853
4.44332
6.57853
4.44332
6.57853
4.44332
6.57853
4.44332
6.57853
4.44332
6.57853
4.44332
6.57853
6.57853
4.44332
6.57853
6.57853
4.44332
4.44332
6.57853
4.44332
6.57853
4.44332
6.57853
4.44332
6.57853
4.44332
4.44332
6.57853
4.44332
6.57853
4.44332
6.57853
4.44332
6.57853
4.44332
6.57853
4.44332
6.57853
4.44332
6.57853
4.44332
6.57853
4.44332
6.57853
6.57853
6.57853
4.44332
4.44332
4.44332
6.57853
6.57853
4.44332
6.57853
4.44332
6.57853
4.44332
6.57853
4.44332
6.57853
4.44332
6.57853
4.44332
6.57853
4.44332
6.57853
4.44332
6.57853
4.44332
6.57853
4.44332
6.57853
4.44332
4.44332
6.57853
4.44332
6.57853
4.44332
6.57853
4.44332
6.57853
4.44332
6.57853
4.44332
6.57853
4.44332
6.57853
4.44332
6.57853
4.44332
6.57853
4.44332
6.57853
4.44332
6.57853
4.44332
4.44332
4.44332
6.57853
6.57853
4.44332
6.57853
6.57853
4.44332
6.57853
4.44332
6.57853
4.44332
6.57853
4.44332
6.57853
4.44332
6.57853
4.44332
6.57853
4.44332
6.57853
4.44332
6.57853
4.44332
6.57853
6.57853
6.57853
4.44332
6.57853
4.44332
6.57853
4.44332
6.57853
4.44332
6.57853
6.57853
6.57853
6.57853
4.44332
6.57853
4.44332
6.57853
4.44332
6.57853
4.44332
6.57853
4.44332
6.57853
4.44332
6.57853
6.57853
6.57853
6.57853
4.44332
6.57853
4.44332
6.57853
4.44332
6.57853
6.57853
4.44332
6.57853
4.44332
6.57853
4.44332
6.57853
4.44332
6.57853
4.44332
6.57853
6.57853
4.44332
6.57853
4.44332
6.57853
4.44332
4.44332
6.57853
4.44332
4.44332
6.57853
4.44332
6.57853
4.44332
6.57853
4.44332
4.44332
6.57853
4.44332
6.57853
4.44332
4.44332
6.57853
4.44332
6.57853
4.44332
6.57853
4.44332
6.57853
4.44332
4.44332
6.57853
6.57853
4.44332
6.57853
4.44332
6.57853
4.44332
6.57853
4.44332
6.57853
6.57853
4.44332
6.57853
4.44332
4.44332
6.57853
4.44332
4.44332
6.57853
4.44332
6.57853
4.44332
6.57853
6.57853
6.57853
4.44332
6.57853
4.44332
6.57853
4.44332
6.57853
4.44332
6.57853
6.57853
6.57853
4.44332
4.44332
4.44332
6.57853
4.44332
6.57853
4.44332
6.57853
4.44332
4.44332
6.57853
4.44332
6.57853
6.57853
4.44332
6.57853
4.44332
6.57853
4.44332
6.57853
4.44332
6.57853
6.57853
4.44332
4.44332
6.57853
4.44332
6.57853
4.44332
6.57853
4.44332
6.57853
4.44332
4.44332
6.57853
4.44332
4.44332
6.57853
6.57853
4.44332
6.57853
4.44332
6.57853
4.44332
6.57853
4.44332
6.57853
6.57853
6.57853
4.44332
6.57853
4.44332
6.57853
4.44332
6.57853
4.44332
6.57853
4.44332
4.44332
6.57853
4.44332
6.57853
6.57853
4.44332
6.57853
4.44332
6.57853
4.44332
6.57853
4.44332
6.57853
4.44332
6.57853
4.44332
6.57853
4.44332
4.44332
6.57853
4.44332
6.57853
4.44332
6.57853
4.44332
6.57853
4.44332
6.57853
4.44332
6.57853
4.44332
4.44332
6.57853
4.44332
4.44332
4.44332
6.57853
4.44332
4.44332
6.57853
4.44332
6.57853
4.44332
6.57853
4.44332
6.57853
4.44332
6.57853
4.44332
6.57853
4.44332
6.57853
4.44332
6.57853
4.44332
6.57853
4.44332
6.57853
4.44332
6.57853
4.44332
6.57853
4.44332
6.57853
4.44332
6.57853
4.44332
6.57853
4.44332
6.57853
4.44332
6.57853
4.44332
6.57853
4.44332
4.44332
6.57853
4.44332
4.44332
6.57853
4.44332
6.57853
4.44332
4.44332
6.57853
6.57853
6.57853
4.44332
6.57853
4.44332
6.57853
4.44332
6.57853
4.44332
6.57853
4.44332
6.57853
4.44332
6.57853
4.44332
6.57853
4.44332
6.57853
4.44332
6.57853
4.44332
4.44332
4.44332
6.57853
4.44332
6.57853
4.44332
6.57853
4.44332
6.57853
4.44332
6.57853
4.44332
6.57853
4.44332
6.57853
4.44332
6.57853
4.44332
4.44332
6.57853
4.44332
4.44332
6.57853
6.57853
4.44332
6.57853
4.44332
6.57853
4.44332
6.57853
4.44332
6.57853
4.44332
6.57853
4.44332
6.57853
4.44332
6.57853
4.44332
6.57853
4.44332
6.57853
4.44332
4.44332
6.57853
4.44332
6.57853
4.44332
6.57853
4.44332
4.44332
6.57853
4.44332
6.57853
6.57853
6.57853
4.44332
4.44332
6.57853
4.44332
6.57853
4.44332
6.57853
4.44332
6.57853
4.44332
6.57853
4.44332
6.57853
4.44332
4.44332
6.57853
4.44332
6.57853
4.44332
6.57853
4.44332
6.57853
4.44332
6.57853
4.44332
6.57853
4.44332
4.44332
6.57853
4.44332
6.57853
6.57853
6.57853
4.44332
6.57853
4.44332
6.57853
4.44332
6.57853
6.57853
4.44332
6.57853
4.44332
6.57853
6.57853
4.44332
6.57853
4.44332
6.57853
4.44332
4.44332
6.57853
4.44332
6.57853
6.57853
6.57853
6.57853
4.44332
6.57853
4.44332
6.57853
6.57853
4.44332
6.57853
4.44332
6.57853
4.44332
6.57853
4.44332
6.57853
6.57853
4.44332
4.44332
4.44332
6.57853
6.57853
4.44332
6.57853
4.44332
6.57853
4.44332
4.44332
6.57853
4.44332
6.57853
4.44332
4.44332
6.57853
4.44332
6.57853
4.44332
6.57853
4.44332
6.57853
4.44332
6.57853
6.57853
4.44332
6.57853
4.44332
4.44332
4.44332
6.57853
4.44332
6.57853
4.44332
6.57853
4.44332
6.57853
4.44332
4.44332
4.44332
6.57853
4.44332
6.57853
4.44332
6.57853
4.44332
6.57853
4.44332
6.57853
6.57853
4.44332
6.57853
4.44332
6.57853
6.57853
4.44332
6.57853
4.44332
6.57853
4.44332
6.57853
4.44332
6.57853
4.44332
4.44332
4.44332
6.57853
4.44332
6.57853
4.44332
6.57853
4.44332
6.57853
4.44332
4.44332
6.57853
4.44332
6.57853
4.44332
4.44332
6.57853
4.44332
6.57853
4.44332
6.57853
4.44332
6.57853
4.44332
4.44332
6.57853
6.57853
4.44332
6.57853
4.44332
6.57853
4.44332
6.57853
4.44332
6.57853
6.57853
4.44332
6.57853
6.57853
6.57853
4.44332
6.57853
4.44332
6.57853
4.44332
6.57853
4.44332
6.57853
6.57853
4.44332
4.44332
6.57853
4.44332
6.57853
4.44332
6.57853
4.44332
6.57853
4.44332
4.44332
4.44332
6.57853
6.57853
6.57853
4.44332
6.57853
4.44332
6.57853
4.44332
4.44332
6.57853
4.44332
6.57853
4.44332
6.57853
4.44332
6.57853
4.44332
6.57853
6.57853
4.44332
6.57853
6.57853
6.57853
4.44332
6.57853
4.44332
6.57853
4.44332
6.57853
4.44332
6.57853
4.44332
4.44332
4.44332
4.44332
4.44332
4.44332
6.57853
6.57853
4.44332
6.57853
4.44332
4.44332
6.57853
4.44332
4.44332
4.44332
6.57853
4.44332
6.57853
4.44332
6.57853
4.44332
6.57853
4.44332
6.57853
6.57853
4.44332
4.44332
4.44332
4.44332
6.57853
4.44332
6.57853
4.44332
6.57853
4.44332
4.44332
6.57853
4.44332
6.57853
4.44332
4.44332
6.57853
4.44332
6.57853
4.44332
6.57853
4.44332
6.57853
4.44332
4.44332
6.57853
6.57853
6.57853
6.57853
4.44332
6.57853
4.44332
6.57853
4.44332
6.57853
6.57853
4.44332
6.57853
4.44332
4.44332
6.57853
4.44332
6.57853
4.44332
6.57853
4.44332
6.57853
4.44332
4.44332
4.44332
4.44332
6.57853
4.44332
6.57853
4.44332
6.57853
4.44332
6.57853
4.44332
6.57853
4.44332
6.57853
4.44332
6.57853
4.44332
4.44332
6.57853
4.44332
6.57853
4.44332
6.57853
4.44332
4.44332
6.57853
4.44332
6.57853
4.44332
6.57853
4.44332
6.57853
4.44332
4.44332
4.44332
6.57853
4.44332
6.57853
4.44332
6.57853
4.44332
6.57853
4.44332
6.57853
6.57853
4.44332
4.44332
6.57853
4.44332
6.57853
6.57853
4.44332
6.57853
4.44332
6.57853
4.44332
6.57853
4.44332
6.57853
4.44332
4.44332
4.44332
6.57853
4.44332
6.57853
4.44332
6.57853
4.44332
6.57853
4.44332
6.57853
4.44332
6.57853
4.44332
4.44332
6.57853
6.57853
4.44332
6.57853
4.44332
6.57853
4.44332
6.57853
4.44332
6.57853
6.57853
4.44332
4.44332
4.44332
4.44332
6.57853
4.44332
6.57853
4.44332
6.57853
4.44332
6.57853
4.44332
6.57853
6.57853
6.57853
4.44332
6.57853
4.44332
6.57853
4.44332
6.57853
4.44332
6.57853
6.57853
6.57853
4.44332
6.57853
4.44332
6.57853
4.44332
6.57853
4.44332
6.57853
4.44332
4.44332
6.57853
4.44332
6.57853
6.57853
4.44332
6.57853
4.44332
6.57853
4.44332
6.57853
4.44332
6.57853
4.44332
4.44332
6.57853
6.57853
4.44332
4.44332
4.44332
6.57853
4.44332
6.57853
4.44332
6.57853
4.44332
6.57853
4.44332
6.57853
6.57853
6.57853
4.44332
6.57853
4.44332
6.57853
4.44332
6.57853
6.57853
4.44332
6.57853
6.57853
4.44332
6.57853
4.44332
6.57853
4.44332
6.57853
4.44332
4.44332
6.57853
4.44332
6.57853
4.44332
6.57853
4.44332
6.57853
4.44332
4.44332
6.57853
4.44332
6.57853
6.57853
4.44332
6.57853
4.44332
6.57853
4.44332
4.44332
6.57853
4.44332
6.57853
6.57853
4.44332
6.57853
4.44332
6.57853
4.44332
6.57853
4.44332
6.57853
6.57853
4.44332
4.44332
6.57853
6.57853
6.57853
4.44332
6.57853
4.44332
6.57853
4.44332
6.57853
6.57853
4.44332
6.57853
4.44332
4.44332
6.57853
4.44332
6.57853
4.44332
6.57853
4.44332
6.57853
4.44332
4.44332
6.57853
6.57853
4.44332
6.57853
4.44332
6.57853
4.44332
6.57853
6.57853
4.44332
4.44332
4.44332
6.57853
6.57853
6.57853
4.44332
6.57853
4.44332
6.57853
4.44332
6.57853
4.44332
6.57853
6.57853
4.44332
4.44332
6.57853
4.44332
6.57853
4.44332
6.57853
4.44332
6.57853
4.44332
4.44332
6.57853
6.57853
6.57853
4.44332
4.44332
6.57853
4.44332
6.57853
4.44332
6.57853
4.44332
6.57853
4.44332
6.57853
4.44332
6.57853
4.44332
6.57853
4.44332
6.57853
4.44332
6.57853
4.44332
6.57853
4.44332
4.44332
6.57853
4.44332
6.57853
4.44332
6.57853
4.44332
6.57853
4.44332
6.57853
4.44332
6.57853
4.44332
6.57853
4.44332
6.57853
4.44332
6.57853
6.57853
4.44332
6.57853
4.44332
4.44332
6.57853
4.44332
6.57853
4.44332
6.57853
4.44332
6.57853
4.44332
6.57853
4.44332
6.57853
6.57853
4.44332
6.57853
4.44332
6.57853
4.44332
6.57853
4.44332
6.57853
6.57853
6.57853
4.44332
6.57853
6.57853
4.44332
6.57853
4.44332
6.57853
4.44332
6.57853
4.44332
6.57853
6.57853
4.44332
6.57853
4.44332
6.57853
4.44332
6.57853
4.44332
6.57853
4.44332
6.57853
4.44332
6.57853
4.44332
6.57853
4.44332
6.57853
6.57853
4.44332
6.57853
4.44332
4.44332
6.57853
4.44332
6.57853
6.57853
4.44332
6.57853
4.44332
4.44332
4.44332
6.57853
4.44332
6.57853
4.44332
6.57853
4.44332
6.57853
4.44332
6.57853
4.44332
6.57853
4.44332
6.57853
4.44332
4.44332
6.57853
4.44332
6.57853
6.57853
4.44332
6.57853
4.44332
6.57853
4.44332
4.44332
4.44332
6.57853
4.44332
6.57853
4.44332
6.57853
4.44332
6.57853
4.44332
6.57853
4.44332
6.57853
6.57853
4.44332
6.57853
6.57853
4.44332
4.44332
6.57853
4.44332
6.57853
4.44332
6.57853
6.57853
6.57853
4.44332
6.57853
6.57853
4.44332
6.57853
4.44332
6.57853
6.57853
6.57853
4.44332
6.57853
4.44332
6.57853
6.57853
4.44332
6.57853
4.44332
6.57853
4.44332
6.57853
4.44332
6.57853
4.44332
6.57853
4.44332
6.57853
4.44332
6.57853
4.44332
4.44332
6.57853
4.44332
6.57853
4.44332
6.57853
6.57853
4.44332
6.57853
4.44332
4.44332
6.57853
6.57853
6.57853
4.44332
6.57853
4.44332
4.44332
6.57853
6.57853
6.57853
6.57853
4.44332
4.44332
4.44332
4.44332
6.57853
4.44332
6.57853
4.44332
6.57853
4.44332
4.44332
6.57853
4.44332
4.44332
4.44332
6.57853
4.44332
6.57853
6.57853
4.44332
6.57853
4.44332
6.57853
4.44332
6.57853
4.44332
6.57853
6.57853
6.57853
6.57853
4.44332
4.44332
4.44332
6.57853
4.44332
6.57853
6.57853
4.44332
6.57853
6.57853
6.57853
4.44332
6.57853
6.57853
6.57853
6.57853
4.44332
6.57853
4.44332
6.57853
4.44332
6.57853
4.44332
6.57853
6.57853
6.57853
4.44332
6.57853
6.57853
4.44332
6.57853
4.44332
4.44332
6.57853
6.57853
6.57853
4.44332
4.44332
4.44332
4.44332
6.57853
4.44332
6.57853
4.44332
6.57853
6.57853
4.44332
4.44332
6.57853
6.57853
6.57853
4.44332
6.57853
6.57853
4.44332
6.57853
4.44332
6.57853
6.57853
6.57853
6.57853
6.57853
6.57853
4.44332
6.57853
4.44332
6.57853
4.44332
6.57853
4.44332
4.44332
6.57853
6.57853
4.44332
6.57853
4.44332
6.57853
4.44332
6.57853
6.57853
4.44332
4.44332
6.57853
6.57853
6.57853
4.44332
6.57853
4.44332
4.44332
6.57853
4.44332
6.57853
4.44332
6.57853
4.44332
4.44332
6.57853
6.57853
6.57853
6.57853
4.44332
6.57853
4.44332
6.57853
4.44332
6.57853
6.57853
4.44332
6.57853
4.44332
6.57853
6.57853
6.57853
6.57853
4.44332
6.57853
4.44332
6.57853
4.44332
6.57853
4.44332
6.57853
4.44332
6.57853
6.57853
4.44332
4.44332
6.57853
6.57853
4.44332
6.57853
4.44332
4.44332
6.57853
4.44332
6.57853
4.44332
4.44332
4.44332
4.44332
6.57853
4.44332
6.57853
4.44332
6.57853
4.44332
6.57853
6.57853
4.44332
4.44332
6.57853
6.57853
6.57853
6.57853
4.44332
6.57853
4.44332
4.44332
6.57853
4.44332
6.57853
4.44332
4.44332
4.44332
4.44332
6.57853
4.44332
6.57853
4.44332
6.57853
6.57853
6.57853
4.44332
6.57853
6.57853
4.44332
4.44332
6.57853
6.57853
4.44332
6.57853
4.44332
6.57853
4.44332
4.44332
4.44332
6.57853
4.44332
4.44332
4.44332
4.44332
6.57853
4.44332
6.57853
4.44332
6.57853
4.44332
6.57853
4.44332
6.57853
6.57853
6.57853
4.44332
6.57853
6.57853
4.44332
6.57853
4.44332
4.44332
4.44332
6.57853
6.57853
6.57853
6.57853
6.57853
6.57853
4.44332
6.57853
4.44332
6.57853
4.44332
6.57853
6.57853
4.44332
6.57853
6.57853
6.57853
4.44332
6.57853
6.57853
4.44332
4.44332
6.57853
4.44332
6.57853
4.44332
6.57853
4.44332
4.44332
6.57853
6.57853
6.57853
6.57853
6.57853
6.57853
4.44332
6.57853
4.44332
4.44332
6.57853
6.57853
4.44332
6.57853
4.44332
4.44332
6.57853
4.44332
6.57853
6.57853
6.57853
4.44332
4.44332
6.57853
6.57853
6.57853
6.57853
4.44332
6.57853
4.44332
6.57853
4.44332
4.44332
6.57853
6.57853
6.57853
6.57853
4.44332
6.57853
4.44332
4.44332
6.57853
4.44332
6.57853
4.44332
6.57853
4.44332
6.57853
6.57853
6.57853
6.57853
4.44332
4.44332
6.57853
6.57853
4.44332
6.57853
4.44332
4.44332
6.57853
4.44332
6.57853
4.44332
6.57853
4.44332
6.57853
4.44332
6.57853
4.44332
4.44332
6.57853
6.57853
6.57853
4.44332
4.44332
6.57853
4.44332
6.57853
4.44332
6.57853
4.44332
4.44332
6.57853
6.57853
4.44332
6.57853
4.44332
4.44332
6.57853
6.57853
4.44332
6.57853
4.44332
6.57853
4.44332
6.57853
4.44332
4.44332
4.44332
4.44332
6.57853
4.44332
4.44332
4.44332
6.57853
6.57853
4.44332
4.44332
6.57853
6.57853
4.44332
6.57853
4.44332
6.57853
4.44332
6.57853
6.57853
4.44332
4.44332
6.57853
4.44332
4.44332
4.44332
6.57853
4.44332
6.57853
4.44332
6.57853
6.57853
6.57853
4.44332
4.44332
6.57853
4.44332
6.57853
4.44332
6.57853
6.57853
6.57853
6.57853
4.44332
6.57853
6.57853
4.44332
4.44332
6.57853
6.57853
4.44332
4.44332
6.57853
4.44332
6.57853
6.57853
4.44332
6.57853
6.57853
4.44332
6.57853
6.57853
4.44332
6.57853
4.44332
6.57853
4.44332
6.57853
4.44332
6.57853
4.44332
4.44332
6.57853
6.57853
4.44332
6.57853
6.57853
6.57853
6.57853
4.44332
6.57853
4.44332
6.57853
4.44332
6.57853
6.57853
4.44332
6.57853
6.57853
6.57853
6.57853
4.44332
4.44332
6.57853
4.44332
6.57853
6.57853
4.44332
6.57853
4.44332
6.57853
6.57853
6.57853
6.57853
4.44332
6.57853
6.57853
4.44332
6.57853
6.57853
4.44332
4.44332
6.57853
4.44332
6.57853
4.44332
6.57853
4.44332
6.57853
6.57853
4.44332
4.44332
4.44332
4.44332
6.57853
4.44332
4.44332
6.57853
4.44332
6.57853
4.44332
6.57853
4.44332
4.44332
6.57853
4.44332
4.44332
4.44332
4.44332
6.57853
6.57853
4.44332
6.57853
4.44332
4.44332
6.57853
4.44332
6.57853
6.57853
4.44332
6.57853
4.44332
4.44332
6.57853
6.57853
6.57853
6.57853
6.57853
4.44332
4.44332
6.57853
4.44332
4.44332
6.57853
6.57853
4.44332
6.57853
4.44332
6.57853
4.44332
4.44332
4.44332
4.44332
6.57853
4.44332
6.57853
4.44332
6.57853
6.57853
4.44332
6.57853
4.44332
6.57853
6.57853
6.57853
6.57853
6.57853
4.44332
6.57853
4.44332
6.57853
4.44332
6.57853
6.57853
4.44332
4.44332
6.57853
6.57853
4.44332
6.57853
4.44332
6.57853
4.44332
4.44332
6.57853
6.57853
6.57853
4.44332
6.57853
6.57853
4.44332
6.57853
6.57853
6.57853
6.57853
4.44332
4.44332
6.57853
6.57853
6.57853
6.57853
4.44332
6.57853
4.44332
6.57853
4.44332
6.57853
4.44332
6.57853
6.57853
6.57853
6.57853
6.57853
6.57853
4.44332
6.57853
4.44332
4.44332
6.57853
6.57853
4.44332
6.57853
4.44332
4.44332
6.57853
4.44332
6.57853
4.44332
6.57853
4.44332
4.44332
6.57853
6.57853
4.44332
4.44332
6.57853
4.44332
6.57853
4.44332
6.57853
4.44332
4.44332
6.57853
6.57853
6.57853
6.57853
4.44332
6.57853
6.57853
4.44332
6.57853
4.44332
4.44332
4.44332
6.57853
4.44332
6.57853
6.57853
6.57853
6.57853
4.44332
6.57853
4.44332
6.57853
4.44332
6.57853
4.44332
4.44332
4.44332
4.44332
4.44332
6.57853
6.57853
4.44332
6.57853
4.44332
4.44332
6.57853
6.57853
4.44332
6.57853
4.44332
4.44332
4.44332
4.44332
6.57853
4.44332
6.57853
4.44332
6.57853
4.44332
6.57853
4.44332
6.57853
6.57853
6.57853
4.44332
6.57853
4.44332
4.44332
6.57853
4.44332
6.57853
4.44332
6.57853
4.44332
6.57853
4.44332
4.44332
4.44332
4.44332
6.57853
4.44332
6.57853
4.44332
6.57853
6.57853
4.44332
4.44332
6.57853
4.44332
6.57853
6.57853
4.44332
6.57853
4.44332
4.44332
6.57853
4.44332
6.57853
4.44332
4.44332
4.44332
4.44332
6.57853
6.57853
4.44332
6.57853
4.44332
6.57853
4.44332
6.57853
6.57853
6.57853
6.57853
6.57853
4.44332
6.57853
6.57853
4.44332
6.57853
4.44332
6.57853
4.44332
6.57853
4.44332
4.44332
6.57853
6.57853
6.57853
6.57853
4.44332
6.57853
6.57853
4.44332
6.57853
4.44332
4.44332
6.57853
6.57853
6.57853
4.44332
6.57853
4.44332
4.44332
6.57853
6.57853
4.44332
6.57853
4.44332
4.44332
6.57853
6.57853
6.57853
6.57853
4.44332
6.57853
4.44332
6.57853
6.57853
4.44332
4.44332
6.57853
4.44332
6.57853
4.44332
6.57853
4.44332
6.57853
4.44332
4.44332
6.57853
6.57853
4.44332
6.57853
4.44332
4.44332
6.57853
4.44332
6.57853
4.44332
6.57853
6.57853
4.44332
6.57853
4.44332
6.57853
4.44332
6.57853
4.44332
6.57853
4.44332
6.57853
6.57853
4.44332
6.57853
4.44332
6.57853
4.44332
4.44332
6.57853
6.57853
4.44332
4.44332
6.57853
6.57853
4.44332
4.44332
4.44332
6.57853
4.44332
6.57853
6.57853
4.44332
6.57853
6.57853
4.44332
6.57853
4.44332
6.57853
4.44332
6.57853
4.44332
4.44332
6.57853
6.57853
6.57853
6.57853
4.44332
6.57853
6.57853
4.44332
6.57853
4.44332
6.57853
4.44332
4.44332
6.57853
6.57853
4.44332
6.57853
4.44332
6.57853
4.44332
6.57853
6.57853
4.44332
6.57853
6.57853
6.57853
4.44332
6.57853
4.44332
6.57853
4.44332
4.44332
6.57853
6.57853
4.44332
6.57853
4.44332
6.57853
4.44332
4.44332
6.57853
4.44332
4.44332
4.44332
6.57853
4.44332
6.57853
6.57853
4.44332
6.57853
4.44332
6.57853
4.44332
6.57853
4.44332
6.57853
6.57853
6.57853
4.44332
6.57853
4.44332
6.57853
4.44332
6.57853
4.44332
4.44332
6.57853
4.44332
6.57853
4.44332
6.57853
6.57853
4.44332
4.44332
6.57853
4.44332
6.57853
6.57853
6.57853
6.57853
4.44332
6.57853
4.44332
6.57853
4.44332
6.57853
4.44332
6.57853
4.44332
6.57853
4.44332
6.57853
6.57853
4.44332
6.57853
4.44332
6.57853
4.44332
6.57853
4.44332
6.57853
6.57853
6.57853
6.57853
4.44332
4.44332
6.57853
4.44332
6.57853
4.44332
4.44332
4.44332
6.57853
4.44332
6.57853
6.57853
4.44332
6.57853
4.44332
6.57853
4.44332
6.57853
4.44332
6.57853
4.44332
6.57853
4.44332
6.57853
6.57853
4.44332
6.57853
4.44332
4.44332
6.57853
6.57853
4.44332
6.57853
4.44332
6.57853
4.44332
6.57853
4.44332
4.44332
6.57853
4.44332
4.44332
6.57853
4.44332
6.57853
4.44332
6.57853
6.57853
6.57853
6.57853
4.44332
6.57853
4.44332
6.57853
4.44332
6.57853
4.44332
6.57853
6.57853
4.44332
6.57853
4.44332
6.57853
4.44332
6.57853
4.44332
6.57853
4.44332
6.57853
6.57853
4.44332
6.57853
4.44332
6.57853
4.44332
6.57853
4.44332
6.57853
4.44332
6.57853
4.44332
6.57853
6.57853
4.44332
6.57853
4.44332
6.57853
6.57853
6.57853
4.44332
6.57853
4.44332
4.44332
6.57853
4.44332
6.57853
4.44332
4.44332
6.57853
6.57853
4.44332
6.57853
4.44332
6.57853
6.57853
4.44332
6.57853
4.44332
6.57853
4.44332
6.57853
4.44332
6.57853
6.57853
4.44332
6.57853
4.44332
6.57853
6.57853
4.44332
4.44332
6.57853
6.57853
6.57853
4.44332
6.57853
6.57853
4.44332
6.57853
4.44332
6.57853
4.44332
6.57853
4.44332
4.44332
6.57853
6.57853
4.44332
6.57853
6.57853
4.44332
6.57853
4.44332
6.57853
6.57853
4.44332
4.44332
6.57853
4.44332
6.57853
6.57853
4.44332
6.57853
4.44332
4.44332
4.44332
6.57853
4.44332
6.57853
6.57853
4.44332
6.57853
6.57853
4.44332
6.57853
6.57853
4.44332
6.57853
4.44332
6.57853
6.57853
4.44332
6.57853
4.44332
6.57853
4.44332
6.57853
4.44332
6.57853
6.57853
6.57853
4.44332
4.44332
4.44332
6.57853
6.57853
4.44332
6.57853
4.44332
6.57853
4.44332
4.44332
6.57853
4.44332
6.57853
4.44332
6.57853
4.44332
6.57853
4.44332
6.57853
6.57853
4.44332
4.44332
6.57853
6.57853
4.44332
6.57853
6.57853
4.44332
6.57853
6.57853
4.44332
6.57853
6.57853
4.44332
6.57853
4.44332
6.57853
4.44332
4.44332
6.57853
6.57853
6.57853
6.57853
6.57853
4.44332
6.57853
4.44332
6.57853
4.44332
6.57853
6.57853
6.57853
4.44332
4.44332
6.57853
4.44332
6.57853
4.44332
6.57853
6.57853
4.44332
4.44332
6.57853
6.57853
4.44332
6.57853
6.57853
4.44332
6.57853
4.44332
6.57853
6.57853
4.44332
4.44332
6.57853
4.44332
4.44332
6.57853
4.44332
6.57853
4.44332
6.57853
4.44332
6.57853
4.44332
4.44332
6.57853
6.57853
4.44332
6.57853
6.57853
4.44332
6.57853
4.44332
6.57853
4.44332
4.44332
6.57853
6.57853
4.44332
4.44332
6.57853
6.57853
4.44332
6.57853
6.57853
4.44332
6.57853
4.44332
6.57853
4.44332
4.44332
6.57853
4.44332
4.44332
4.44332
6.57853
4.44332
6.57853
4.44332
6.57853
4.44332
6.57853
4.44332
6.57853
4.44332
6.57853
6.57853
4.44332
6.57853
4.44332
6.57853
4.44332
6.57853
4.44332
6.57853
4.44332
6.57853
4.44332
4.44332
4.44332
6.57853
6.57853
6.57853
4.44332
6.57853
6.57853
4.44332
6.57853
4.44332
6.57853
4.44332
6.57853
4.44332
4.44332
6.57853
4.44332
6.57853
4.44332
6.57853
4.44332
4.44332
6.57853
4.44332
6.57853
6.57853
6.57853
6.57853
4.44332
6.57853
4.44332
6.57853
4.44332
6.57853
4.44332
6.57853
4.44332
4.44332
6.57853
6.57853
4.44332
6.57853
4.44332
6.57853
4.44332
6.57853
6.57853
6.57853
4.44332
4.44332
6.57853
4.44332
6.57853
4.44332
6.57853
4.44332
6.57853
6.57853
6.57853
4.44332
4.44332
6.57853
6.57853
4.44332
6.57853
4.44332
6.57853
4.44332
6.57853
4.44332
6.57853
4.44332
6.57853
6.57853
4.44332
4.44332
4.44332
6.57853
6.57853
6.57853
4.44332
6.57853
4.44332
6.57853
4.44332
6.57853
4.44332
4.44332
6.57853
6.57853
4.44332
6.57853
4.44332
6.57853
4.44332
6.57853
4.44332
4.44332
6.57853
6.57853
6.57853
4.44332
6.57853
4.44332
6.57853
4.44332
6.57853
4.44332
6.57853
4.44332
6.57853
6.57853
4.44332
4.44332
6.57853
4.44332
6.57853
4.44332
6.57853
4.44332
6.57853
6.57853
4.44332
4.44332
6.57853
6.57853
4.44332
6.57853
4.44332
6.57853
4.44332
6.57853
4.44332
6.57853
4.44332
6.57853
6.57853
4.44332
4.44332
6.57853
4.44332
6.57853
4.44332
6.57853
4.44332
6.57853
6.57853
4.44332
6.57853
6.57853
6.57853
4.44332
4.44332
6.57853
6.57853
4.44332
6.57853
4.44332
6.57853
4.44332
6.57853
4.44332
6.57853
6.57853
6.57853
6.57853
4.44332
6.57853
4.44332
6.57853
4.44332
6.57853
4.44332
6.57853
6.57853
6.57853
4.44332
4.44332
6.57853
6.57853
4.44332
6.57853
4.44332
6.57853
6.57853
4.44332
6.57853
4.44332
4.44332
6.57853
6.57853
4.44332
6.57853
4.44332
6.57853
4.44332
6.57853
4.44332
4.44332
6.57853
6.57853
6.57853
4.44332
4.44332
6.57853
4.44332
6.57853
6.57853
4.44332
6.57853
4.44332
6.57853
4.44332
4.44332
6.57853
6.57853
4.44332
6.57853
4.44332
6.57853
4.44332
6.57853
4.44332
4.44332
6.57853
4.44332
6.57853
4.44332
4.44332
6.57853
6.57853
4.44332
6.57853
4.44332
6.57853
4.44332
6.57853
6.57853
4.44332
4.44332
4.44332
4.44332
4.44332
4.44332
4.44332
6.57853
4.44332
6.57853
6.57853
4.44332
6.57853
4.44332
6.57853
4.44332
6.57853
4.44332
6.57853
4.44332
6.57853
6.57853
4.44332
4.44332
6.57853
4.44332
6.57853
6.57853
6.57853
4.44332
6.57853
4.44332
4.44332
6.57853
4.44332
6.57853
6.57853
4.44332
6.57853
6.57853
4.44332
6.57853
4.44332
4.44332
6.57853
6.57853
6.57853
4.44332
6.57853
4.44332
4.44332
6.57853
4.44332
6.57853
4.44332
6.57853
6.57853
6.57853
4.44332
6.57853
6.57853
4.44332
6.57853
4.44332
6.57853
4.44332
6.57853
6.57853
4.44332
6.57853
4.44332
6.57853
4.44332
4.44332
6.57853
6.57853
4.44332
6.57853
6.57853
4.44332
6.57853
4.44332
6.57853
4.44332
4.44332
6.57853
4.44332
6.57853
4.44332
6.57853
6.57853
4.44332
6.57853
4.44332
6.57853
6.57853
4.44332
6.57853
4.44332
6.57853
4.44332
4.44332
6.57853
4.44332
6.57853
4.44332
6.57853
6.57853
6.57853
4.44332
6.57853
4.44332
4.44332
4.44332
4.44332
6.57853
4.44332
6.57853
4.44332
4.44332
6.57853
6.57853
4.44332
6.57853
4.44332
4.44332
6.57853
4.44332
6.57853
4.44332
6.57853
4.44332
4.44332
4.44332
4.44332
6.57853
6.57853
6.57853
6.57853
6.57853
4.44332
6.57853
4.44332
6.57853
6.57853
4.44332
6.57853
4.44332
6.57853
4.44332
4.44332
6.57853
6.57853
4.44332
6.57853
4.44332
6.57853
4.44332
4.44332
6.57853
4.44332
4.44332
6.57853
4.44332
4.44332
6.57853
4.44332
6.57853
4.44332
4.44332
6.57853
4.44332
6.57853
4.44332
6.57853
6.57853
4.44332
6.57853
4.44332
6.57853
4.44332
6.57853
6.57853
4.44332
4.44332
6.57853
4.44332
4.44332
4.44332
6.57853
6.57853
4.44332
6.57853
4.44332
4.44332
6.57853
4.44332
4.44332
4.44332
6.57853
4.44332
6.57853
4.44332
6.57853
4.44332
6.57853
4.44332
6.57853
4.44332
6.57853
6.57853
6.57853
4.44332
6.57853
4.44332
6.57853
4.44332
6.57853
6.57853
4.44332
6.57853
4.44332
6.57853
4.44332
6.57853
4.44332
6.57853
4.44332
4.44332
6.57853
4.44332
4.44332
6.57853
6.57853
4.44332
6.57853
4.44332
6.57853
4.44332
6.57853
6.57853
6.57853
4.44332
4.44332
6.57853
4.44332
6.57853
4.44332
6.57853
4.44332
6.57853
4.44332
6.57853
6.57853
4.44332
4.44332
6.57853
6.57853
4.44332
6.57853
4.44332
6.57853
6.57853
6.57853
4.44332
4.44332
6.57853
4.44332
6.57853
4.44332
6.57853
4.44332
6.57853
4.44332
6.57853
6.57853
6.57853
4.44332
4.44332
6.57853
4.44332
6.57853
4.44332
6.57853
4.44332
6.57853
4.44332
4.44332
4.44332
4.44332
6.57853
4.44332
6.57853
4.44332
6.57853
4.44332
6.57853
4.44332
6.57853
4.44332
4.44332
4.44332
6.57853
4.44332
4.44332
6.57853
4.44332
6.57853
4.44332
6.57853
4.44332
6.57853
6.57853
6.57853
4.44332
4.44332
6.57853
6.57853
4.44332
6.57853
6.57853
4.44332
6.57853
4.44332
6.57853
4.44332
6.57853
6.57853
4.44332
4.44332
6.57853
4.44332
4.44332
4.44332
6.57853
6.57853
4.44332
6.57853
4.44332
6.57853
4.44332
6.57853
6.57853
6.57853
4.44332
6.57853
4.44332
6.57853
4.44332
6.57853
4.44332
6.57853
4.44332
4.44332
6.57853
6.57853
6.57853
4.44332
6.57853
4.44332
6.57853
4.44332
6.57853
6.57853
6.57853
6.57853
4.44332
6.57853
6.57853
4.44332
4.44332
4.44332
4.44332
6.57853
4.44332
6.57853
4.44332
6.57853
4.44332
6.57853
6.57853
4.44332
6.57853
6.57853
4.44332
4.44332
6.57853
4.44332
6.57853
4.44332
6.57853
4.44332
6.57853
6.57853
4.44332
4.44332
6.57853
4.44332
6.57853
4.44332
6.57853
6.57853
4.44332
6.57853
4.44332
6.57853
4.44332
4.44332
6.57853
6.57853
4.44332
6.57853
4.44332
6.57853
4.44332
6.57853
4.44332
4.44332
6.57853
4.44332
4.44332
6.57853
4.44332
6.57853
6.57853
4.44332
6.57853
4.44332
4.44332
4.44332
6.57853
6.57853
4.44332
4.44332
6.57853
4.44332
6.57853
4.44332
6.57853
4.44332
6.57853
4.44332
6.57853
6.57853
4.44332
6.57853
4.44332
6.57853
6.57853
6.57853
4.44332
6.57853
4.44332
6.57853
4.44332
6.57853
4.44332
4.44332
6.57853
6.57853
4.44332
6.57853
4.44332
6.57853
4.44332
6.57853
6.57853
6.57853
4.44332
6.57853
6.57853
6.57853
4.44332
6.57853
6.57853
4.44332
6.57853
4.44332
6.57853
4.44332
6.57853
6.57853
6.57853
4.44332
6.57853
6.57853
4.44332
6.57853
4.44332
6.57853
4.44332
6.57853
4.44332
4.44332
6.57853
4.44332
6.57853
4.44332
6.57853
4.44332
6.57853
4.44332
6.57853
6.57853
6.57853
4.44332
4.44332
6.57853
4.44332
4.44332
6.57853
4.44332
6.57853
6.57853
4.44332
6.57853
4.44332
4.44332
6.57853
4.44332
4.44332
6.57853
4.44332
6.57853
4.44332
6.57853
6.57853
6.57853
4.44332
4.44332
4.44332
6.57853
6.57853
4.44332
6.57853
4.44332
6.57853
6.57853
6.57853
4.44332
4.44332
6.57853
4.44332
4.44332
6.57853
6.57853
4.44332
6.57853
4.44332
6.57853
4.44332
6.57853
6.57853
4.44332
4.44332
4.44332
6.57853
4.44332
6.57853
6.57853
6.57853
4.44332
6.57853
4.44332
6.57853
4.44332
4.44332
6.57853
4.44332
4.44332
6.57853
4.44332
6.57853
4.44332
6.57853
4.44332
4.44332
6.57853
4.44332
6.57853
4.44332
6.57853
4.44332
6.57853
4.44332
4.44332
6.57853
4.44332
6.57853
4.44332
6.57853
6.57853
4.44332
6.57853
4.44332
6.57853
6.57853
4.44332
6.57853
6.57853
4.44332
6.57853
6.57853
4.44332
6.57853
4.44332
6.57853
4.44332
6.57853
6.57853
4.44332
6.57853
4.44332
6.57853
4.44332
6.57853
4.44332
6.57853
4.44332
6.57853
4.44332
6.57853
4.44332
6.57853
6.57853
4.44332
6.57853
6.57853
4.44332
6.57853
4.44332
6.57853
4.44332
6.57853
6.57853
4.44332
6.57853
4.44332
4.44332
4.44332
6.57853
4.44332
6.57853
4.44332
6.57853
6.57853
6.57853
4.44332
4.44332
6.57853
4.44332
4.44332
6.57853
6.57853
4.44332
6.57853
4.44332
6.57853
6.57853
4.44332
6.57853
6.57853
4.44332
4.44332
4.44332
6.57853
4.44332
6.57853
4.44332
6.57853
6.57853
6.57853
4.44332
4.44332
6.57853
4.44332
6.57853
4.44332
6.57853
4.44332
6.57853
4.44332
6.57853
6.57853
4.44332
6.57853
6.57853
4.44332
6.57853
4.44332
6.57853
4.44332
6.57853
6.57853
4.44332
6.57853
6.57853
4.44332
6.57853
6.57853
4.44332
6.57853
4.44332
4.44332
4.44332
6.57853
4.44332
4.44332
6.57853
4.44332
4.44332
6.57853
6.57853
4.44332
6.57853
4.44332
6.57853
4.44332
4.44332
6.57853
4.44332
6.57853
4.44332
6.57853
6.57853
4.44332
6.57853
4.44332
6.57853
6.57853
4.44332
6.57853
4.44332
4.44332
4.44332
6.57853
4.44332
6.57853
4.44332
6.57853
4.44332
6.57853
4.44332
6.57853
6.57853
4.44332
6.57853
6.57853
6.57853
4.44332
6.57853
4.44332
6.57853
6.57853
6.57853
4.44332
6.57853
4.44332
6.57853
4.44332
6.57853
6.57853
4.44332
4.44332
4.44332
6.57853
4.44332
4.44332
6.57853
4.44332
6.57853
4.44332
6.57853
4.44332
6.57853
6.57853
4.44332
6.57853
6.57853
6.57853
6.57853
4.44332
6.57853
6.57853
4.44332
6.57853
6.57853
4.44332
4.44332
4.44332
6.57853
4.44332
4.44332
6.57853
4.44332
6.57853
4.44332
6.57853
4.44332
6.57853
6.57853
4.44332
6.57853
6.57853
6.57853
4.44332
6.57853
4.44332
6.57853
4.44332
6.57853
6.57853
4.44332
4.44332
4.44332
6.57853
6.57853
4.44332
6.57853
4.44332
6.57853
4.44332
6.57853
4.44332
4.44332
6.57853
4.44332
6.57853
4.44332
6.57853
4.44332
6.57853
4.44332
6.57853
6.57853
4.44332
6.57853
6.57853
6.57853
6.57853
4.44332
6.57853
4.44332
6.57853
6.57853
4.44332
6.57853
4.44332
6.57853
6.57853
4.44332
6.57853
6.57853
4.44332
6.57853
4.44332
6.57853
4.44332
6.57853
4.44332
6.57853
6.57853
4.44332
6.57853
6.57853
6.57853
4.44332
6.57853
4.44332
6.57853
4.44332
4.44332
4.44332
4.44332
6.57853
4.44332
6.57853
6.57853
4.44332
6.57853
4.44332
4.44332
6.57853
4.44332
6.57853
4.44332
6.57853
4.44332
6.57853
6.57853
6.57853
4.44332
6.57853
6.57853
4.44332
6.57853
4.44332
6.57853
4.44332
6.57853
4.44332
4.44332
6.57853
6.57853
4.44332
6.57853
6.57853
4.44332
6.57853
4.44332
6.57853
6.57853
4.44332
4.44332
4.44332
6.57853
4.44332
4.44332
6.57853
4.44332
6.57853
4.44332
6.57853
4.44332
6.57853
6.57853
6.57853
6.57853
4.44332
6.57853
4.44332
6.57853
4.44332
6.57853
4.44332
6.57853
6.57853
4.44332
6.57853
4.44332
6.57853
4.44332
6.57853
4.44332
4.44332
6.57853
4.44332
6.57853
6.57853
4.44332
6.57853
4.44332
6.57853
6.57853
6.57853
4.44332
4.44332
6.57853
4.44332
4.44332
6.57853
6.57853
4.44332
6.57853
4.44332
6.57853
4.44332
6.57853
4.44332
4.44332
6.57853
6.57853
4.44332
4.44332
6.57853
4.44332
6.57853
4.44332
6.57853
4.44332
6.57853
4.44332
6.57853
4.44332
4.44332
6.57853
4.44332
4.44332
6.57853
4.44332
6.57853
4.44332
6.57853
4.44332
6.57853
6.57853
4.44332
6.57853
6.57853
4.44332
4.44332
6.57853
4.44332
6.57853
4.44332
6.57853
4.44332
6.57853
6.57853
4.44332
6.57853
6.57853
4.44332
6.57853
4.44332
6.57853
4.44332
6.57853
4.44332
4.44332
6.57853
4.44332
6.57853
6.57853
6.57853
4.44332
6.57853
4.44332
6.57853
4.44332
6.57853
4.44332
4.44332
6.57853
6.57853
4.44332
6.57853
4.44332
6.57853
4.44332
6.57853
4.44332
4.44332
6.57853
4.44332
4.44332
4.44332
4.44332
6.57853
4.44332
6.57853
4.44332
6.57853
6.57853
6.57853
6.57853
6.57853
4.44332
6.57853
6.57853
4.44332
6.57853
4.44332
6.57853
4.44332
6.57853
4.44332
4.44332
6.57853
4.44332
4.44332
4.44332
4.44332
6.57853
4.44332
6.57853
4.44332
6.57853
4.44332
6.57853
4.44332
4.44332
6.57853
6.57853
6.57853
4.44332
6.57853
4.44332
6.57853
4.44332
6.57853
4.44332
6.57853
6.57853
4.44332
4.44332
6.57853
4.44332
6.57853
4.44332
6.57853
6.57853
4.44332
4.44332
4.44332
6.57853
6.57853
4.44332
6.57853
6.57853
4.44332
6.57853
6.57853
6.57853
6.57853
4.44332
6.57853
4.44332
6.57853
6.57853
4.44332
6.57853
4.44332
6.57853
4.44332
6.57853
6.57853
4.44332
4.44332
6.57853
6.57853
6.57853
4.44332
6.57853
4.44332
6.57853
6.57853
4.44332
4.44332
6.57853
4.44332
4.44332
6.57853
4.44332
6.57853
4.44332
6.57853
4.44332
4.44332
6.57853
6.57853
6.57853
4.44332
6.57853
4.44332
6.57853
4.44332
6.57853
4.44332
4.44332
6.57853
4.44332
4.44332
4.44332
4.44332
6.57853
4.44332
6.57853
4.44332
6.57853
6.57853
4.44332
6.57853
4.44332
4.44332
6.57853
6.57853
4.44332
4.44332
6.57853
4.44332
4.44332
6.57853
6.57853
4.44332
6.57853
4.44332
6.57853
6.57853
6.57853
4.44332
4.44332
6.57853
4.44332
6.57853
4.44332
6.57853
4.44332
6.57853
6.57853
6.57853
4.44332
6.57853
4.44332
6.57853
4.44332
4.44332
4.44332
4.44332
4.44332
6.57853
4.44332
6.57853
4.44332
6.57853
4.44332
6.57853
4.44332
6.57853
6.57853
6.57853
6.57853
4.44332
6.57853
6.57853
6.57853
4.44332
6.57853
4.44332
6.57853
4.44332
6.57853
4.44332
4.44332
4.44332
4.44332
4.44332
6.57853
4.44332
6.57853
4.44332
6.57853
4.44332
4.44332
4.44332
6.57853
6.57853
6.57853
6.57853
4.44332
6.57853
4.44332
4.44332
4.44332
4.44332
6.57853
4.44332
4.44332
6.57853
4.44332
6.57853
4.44332
4.44332
4.44332
6.57853
4.44332
4.44332
4.44332
4.44332
6.57853
4.44332
6.57853
4.44332
6.57853
4.44332
6.57853
4.44332
4.44332
4.44332
4.44332
6.57853
4.44332
4.44332
6.57853
4.44332
6.57853
6.57853
4.44332
6.57853
4.44332
4.44332
4.44332
4.44332
4.44332
6.57853
4.44332
6.57853
4.44332
6.57853
4.44332
4.44332
4.44332
4.44332
4.44332
6.57853
6.57853
6.57853
6.57853
4.44332
6.57853
4.44332
4.44332
4.44332
4.44332
6.57853
4.44332
4.44332
6.57853
4.44332
6.57853
4.44332
6.57853
4.44332
6.57853
6.57853
6.57853
6.57853
6.57853
6.57853
4.44332
6.57853
4.44332
6.57853
4.44332
6.57853
6.57853
6.57853
6.57853
6.57853
6.57853
4.44332
4.44332
6.57853
4.44332
6.57853
4.44332
6.57853
4.44332
4.44332
4.44332
4.44332
4.44332
6.57853
4.44332
6.57853
6.57853
4.44332
6.57853
4.44332
4.44332
4.44332
4.44332
4.44332
6.57853
4.44332
6.57853
4.44332
6.57853
4.44332
6.57853
6.57853
6.57853
4.44332
4.44332
4.44332
4.44332
4.44332
6.57853
4.44332
6.57853
6.57853
6.57853
6.57853
4.44332
6.57853
6.57853
4.44332
4.44332
4.44332
6.57853
4.44332
6.57853
6.57853
4.44332
6.57853
4.44332
6.57853
4.44332
6.57853
4.44332
4.44332
4.44332
4.44332
6.57853
4.44332
6.57853
4.44332
6.57853
4.44332
6.57853
6.57853
6.57853
6.57853
6.57853
6.57853
4.44332
4.44332
6.57853
4.44332
6.57853
4.44332
6.57853
4.44332
4.44332
4.44332
4.44332
4.44332
6.57853
6.57853
4.44332
6.57853
4.44332
6.57853
6.57853
6.57853
6.57853
6.57853
4.44332
6.57853
6.57853
4.44332
4.44332
6.57853
4.44332
6.57853
4.44332
6.57853
4.44332
4.44332
4.44332
6.57853
6.57853
4.44332
6.57853
4.44332
6.57853
4.44332
6.57853
4.44332
4.44332
4.44332
4.44332
4.44332
6.57853
6.57853
6.57853
6.57853
4.44332
6.57853
4.44332
6.57853
4.44332
6.57853
4.44332
4.44332
4.44332
4.44332
4.44332
6.57853
4.44332
6.57853
6.57853
4.44332
6.57853
4.44332
6.57853
4.44332
4.44332
4.44332
4.44332
4.44332
6.57853
4.44332
6.57853
4.44332
4.44332
4.44332
6.57853
4.44332
4.44332
4.44332
4.44332
6.57853
4.44332
6.57853
4.44332
6.57853
4.44332
6.57853
6.57853
6.57853
6.57853
4.44332
4.44332
4.44332
6.57853
6.57853
6.57853
4.44332
6.57853
4.44332
6.57853
4.44332
6.57853
4.44332
4.44332
4.44332
4.44332
4.44332
6.57853
4.44332
6.57853
6.57853
4.44332
6.57853
6.57853
6.57853
6.57853
6.57853
6.57853
4.44332
4.44332
6.57853
4.44332
6.57853
4.44332
6.57853
4.44332
6.57853
6.57853
6.57853
6.57853
6.57853
4.44332
6.57853
4.44332
6.57853
4.44332
6.57853
4.44332
4.44332
4.44332
4.44332
6.57853
4.44332
6.57853
4.44332
6.57853
4.44332
4.44332
4.44332
4.44332
6.57853
4.44332
6.57853
6.57853
4.44332
6.57853
4.44332
6.57853
4.44332
6.57853
4.44332
4.44332
6.57853
6.57853
4.44332
4.44332
6.57853
4.44332
6.57853
4.44332
6.57853
4.44332
4.44332
4.44332
4.44332
6.57853
4.44332
4.44332
6.57853
4.44332
6.57853
4.44332
6.57853
4.44332
6.57853
4.44332
4.44332
4.44332
4.44332
4.44332
6.57853
4.44332
6.57853
4.44332
6.57853
4.44332
6.57853
6.57853
6.57853
6.57853
4.44332
6.57853
4.44332
4.44332
6.57853
4.44332
6.57853
4.44332
6.57853
4.44332
6.57853
6.57853
6.57853
6.57853
6.57853
4.44332
6.57853
4.44332
6.57853
4.44332
6.57853
6.57853
6.57853
6.57853
6.57853
4.44332
6.57853
6.57853
4.44332
6.57853
4.44332
6.57853
4.44332
6.57853
4.44332
4.44332
4.44332
4.44332
4.44332
6.57853
4.44332
6.57853
4.44332
6.57853
4.44332
4.44332
4.44332
4.44332
4.44332
6.57853
4.44332
6.57853
4.44332
6.57853
4.44332
6.57853
6.57853
6.57853
6.57853
6.57853
4.44332
4.44332
6.57853
4.44332
6.57853
4.44332
6.57853
4.44332
6.57853
4.44332
4.44332
4.44332
4.44332
4.44332
6.57853
6.57853
4.44332
4.44332
6.57853
4.44332
6.57853
4.44332
6.57853
4.44332
6.57853
4.44332
6.57853
6.57853
6.57853
6.57853
4.44332
6.57853
4.44332
6.57853
4.44332
6.57853
4.44332
6.57853
6.57853
6.57853
6.57853
4.44332
4.44332
4.44332
6.57853
6.57853
4.44332
6.57853
6.57853
6.57853
4.44332
6.57853
4.44332
6.57853
6.57853
4.44332
6.57853
4.44332
6.57853
4.44332
6.57853
4.44332
6.57853
4.44332
6.57853
4.44332
6.57853
4.44332
4.44332
4.44332
4.44332
6.57853
6.57853
6.57853
4.44332
6.57853
4.44332
4.44332
6.57853
4.44332
6.57853
4.44332
6.57853
6.57853
4.44332
6.57853
4.44332
6.57853
4.44332
6.57853
4.44332
6.57853
4.44332
6.57853
4.44332
6.57853
6.57853
6.57853
6.57853
4.44332
6.57853
4.44332
6.57853
4.44332
6.57853
6.57853
4.44332
4.44332
6.57853
4.44332
4.44332
6.57853
4.44332
6.57853
4.44332
6.57853
4.44332
6.57853
4.44332
6.57853
4.44332
6.57853
4.44332
6.57853
4.44332
6.57853
6.57853
4.44332
6.57853
4.44332
4.44332
4.44332
6.57853
4.44332
6.57853
6.57853
6.57853
6.57853
6.57853
4.44332
4.44332
6.57853
4.44332
4.44332
6.57853
4.44332
6.57853
4.44332
4.44332
4.44332
6.57853
4.44332
6.57853
4.44332
6.57853
4.44332
6.57853
4.44332
6.57853
4.44332
6.57853
4.44332
4.44332
6.57853
6.57853
4.44332
6.57853
6.57853
6.57853
6.57853
4.44332
4.44332
6.57853
6.57853
4.44332
6.57853
4.44332
4.44332
4.44332
6.57853
4.44332
6.57853
6.57853
6.57853
6.57853
4.44332
6.57853
4.44332
6.57853
4.44332
6.57853
4.44332
6.57853
4.44332
6.57853
4.44332
6.57853
4.44332
4.44332
4.44332
6.57853
4.44332
6.57853
6.57853
4.44332
6.57853
4.44332
6.57853
4.44332
6.57853
4.44332
6.57853
4.44332
6.57853
4.44332
6.57853
4.44332
6.57853
4.44332
6.57853
4.44332
6.57853
6.57853
4.44332
6.57853
4.44332
6.57853
6.57853
4.44332
6.57853
4.44332
6.57853
4.44332
6.57853
4.44332
6.57853
4.44332
6.57853
4.44332
6.57853
4.44332
6.57853
4.44332
6.57853
6.57853
6.57853
6.57853
4.44332
6.57853
4.44332
6.57853
4.44332
6.57853
4.44332
6.57853
6.57853
4.44332
6.57853
6.57853
6.57853
6.57853
4.44332
6.57853
4.44332
6.57853
4.44332
6.57853
4.44332
6.57853
4.44332
6.57853
4.44332
6.57853
4.44332
6.57853
4.44332
6.57853
4.44332
6.57853
4.44332
6.57853
4.44332
6.57853
4.44332
6.57853
4.44332
6.57853
6.57853
4.44332
6.57853
4.44332
6.57853
4.44332
6.57853
4.44332
6.57853
4.44332
6.57853
4.44332
6.57853
4.44332
6.57853
4.44332
6.57853
4.44332
6.57853
6.57853
6.57853
4.44332
6.57853
6.57853
4.44332
6.57853
6.57853
4.44332
4.44332
6.57853
6.57853
4.44332
6.57853
4.44332
4.44332
6.57853
6.57853
4.44332
6.57853
4.44332
6.57853
4.44332
6.57853
4.44332
4.44332
6.57853
6.57853
4.44332
4.44332
6.57853
4.44332
6.57853
4.44332
6.57853
4.44332
6.57853
4.44332
6.57853
4.44332
6.57853
4.44332
6.57853
4.44332
6.57853
4.44332
6.57853
4.44332
6.57853
6.57853
6.57853
6.57853
4.44332
6.57853
4.44332
4.44332
4.44332
4.44332
4.44332
4.44332
6.57853
4.44332
6.57853
4.44332
6.57853
4.44332
6.57853
4.44332
6.57853
4.44332
6.57853
6.57853
4.44332
6.57853
4.44332
4.44332
6.57853
4.44332
6.57853
4.44332
6.57853
4.44332
6.57853
4.44332
6.57853
4.44332
6.57853
4.44332
6.57853
4.44332
6.57853
4.44332
6.57853
4.44332
6.57853
4.44332
6.57853
4.44332
6.57853
4.44332
6.57853
4.44332
6.57853
4.44332
6.57853
6.57853
6.57853
4.44332
6.57853
4.44332
4.44332
6.57853
4.44332
6.57853
4.44332
6.57853
4.44332
6.57853
4.44332
6.57853
6.57853
4.44332
6.57853
4.44332
6.57853
4.44332
6.57853
4.44332
6.57853
4.44332
6.57853
4.44332
6.57853
4.44332
6.57853
4.44332
6.57853
4.44332
6.57853
4.44332
6.57853
4.44332
6.57853
4.44332
4.44332
6.57853
6.57853
6.57853
4.44332
6.57853
4.44332
4.44332
6.57853
4.44332
6.57853
4.44332
6.57853
4.44332
6.57853
4.44332
6.57853
4.44332
6.57853
4.44332
6.57853
4.44332
6.57853
4.44332
6.57853
6.57853
4.44332
4.44332
6.57853
4.44332
6.57853
4.44332
6.57853
4.44332
6.57853
6.57853
4.44332
4.44332
6.57853
4.44332
6.57853
6.57853
4.44332
6.57853
4.44332
6.57853
4.44332
6.57853
4.44332
6.57853
4.44332
6.57853
4.44332
6.57853
4.44332
4.44332
6.57853
4.44332
6.57853
4.44332
6.57853
4.44332
4.44332
4.44332
6.57853
4.44332
6.57853
4.44332
4.44332
6.57853
4.44332
4.44332
6.57853
6.57853
4.44332
6.57853
4.44332
6.57853
4.44332
6.57853
4.44332
6.57853
4.44332
6.57853
4.44332
6.57853
4.44332
6.57853
4.44332
6.57853
4.44332
6.57853
4.44332
4.44332
6.57853
6.57853
4.44332
4.44332
6.57853
4.44332
6.57853
4.44332
6.57853
4.44332
6.57853
4.44332
6.57853
4.44332
6.57853
4.44332
6.57853
4.44332
6.57853
4.44332
6.57853
4.44332
6.57853
6.57853
4.44332
6.57853
6.57853
6.57853
4.44332
6.57853
4.44332
6.57853
4.44332
6.57853
4.44332
6.57853
4.44332
6.57853
4.44332
4.44332
6.57853
4.44332
4.44332
6.57853
4.44332
6.57853
4.44332
6.57853
4.44332
4.44332
6.57853
6.57853
4.44332
6.57853
4.44332
6.57853
4.44332
4.44332
6.57853
6.57853
4.44332
4.44332
6.57853
4.44332
6.57853
4.44332
6.57853
4.44332
6.57853
4.44332
6.57853
4.44332
6.57853
4.44332
6.57853
4.44332
6.57853
4.44332
6.57853
4.44332
6.57853
4.44332
6.57853
6.57853
4.44332
6.57853
4.44332
4.44332
4.44332
4.44332
4.44332
4.44332
4.44332
4.44332
4.44332
6.57853
4.44332
6.57853
4.44332
6.57853
4.44332
6.57853
4.44332
6.57853
4.44332
6.57853
4.44332
6.57853
4.44332
6.57853
4.44332
6.57853
4.44332
6.57853
6.57853
4.44332
6.57853
6.57853
4.44332
6.57853
4.44332
6.57853
6.57853
4.44332
6.57853
4.44332
4.44332
6.57853
6.57853
4.44332
6.57853
4.44332
6.57853
4.44332
6.57853
4.44332
6.57853
4.44332
6.57853
4.44332
6.57853
4.44332
6.57853
4.44332
6.57853
4.44332
6.57853
6.57853
4.44332
4.44332
4.44332
6.57853
6.57853
6.57853
4.44332
6.57853
4.44332
6.57853
4.44332
6.57853
4.44332
6.57853
4.44332
4.44332
6.57853
4.44332
6.57853
4.44332
6.57853
4.44332
6.57853
4.44332
4.44332
6.57853
4.44332
4.44332
4.44332
6.57853
4.44332
6.57853
4.44332
6.57853
4.44332
6.57853
4.44332
6.57853
4.44332
6.57853
4.44332
4.44332
6.57853
4.44332
6.57853
4.44332
6.57853
4.44332
6.57853
4.44332
4.44332
6.57853
6.57853
4.44332
4.44332
6.57853
4.44332
6.57853
4.44332
6.57853
4.44332
6.57853
4.44332
6.57853
4.44332
6.57853
4.44332
6.57853
4.44332
6.57853
4.44332
4.44332
6.57853
6.57853
4.44332
6.57853
6.57853
6.57853
4.44332
4.44332
6.57853
4.44332
6.57853
4.44332
6.57853
4.44332
6.57853
4.44332
6.57853
6.57853
4.44332
4.44332
6.57853
6.57853
6.57853
4.44332
6.57853
4.44332
6.57853
4.44332
4.44332
6.57853
4.44332
6.57853
6.57853
4.44332
6.57853
4.44332
6.57853
4.44332
6.57853
4.44332
4.44332
6.57853
4.44332
4.44332
6.57853
4.44332
6.57853
4.44332
6.57853
4.44332
6.57853
6.57853
4.44332
4.44332
6.57853
6.57853
6.57853
4.44332
6.57853
4.44332
6.57853
4.44332
4.44332
6.57853
4.44332
6.57853
4.44332
4.44332
6.57853
4.44332
6.57853
4.44332
6.57853
6.57853
4.44332
4.44332
6.57853
4.44332
4.44332
4.44332
6.57853
6.57853
4.44332
6.57853
4.44332
6.57853
4.44332
4.44332
6.57853
4.44332
6.57853
4.44332
4.44332
6.57853
4.44332
6.57853
4.44332
6.57853
4.44332
6.57853
4.44332
4.44332
6.57853
6.57853
4.44332
4.44332
4.44332
6.57853
4.44332
6.57853
4.44332
4.44332
6.57853
4.44332
4.44332
6.57853
6.57853
4.44332
6.57853
4.44332
6.57853
6.57853
4.44332
6.57853
4.44332
6.57853
6.57853
4.44332
6.57853
4.44332
4.44332
6.57853
4.44332
6.57853
4.44332
6.57853
4.44332
4.44332
6.57853
6.57853
4.44332
4.44332
6.57853
4.44332
6.57853
4.44332
6.57853
4.44332
4.44332
6.57853
4.44332
6.57853
4.44332
6.57853
4.44332
6.57853
4.44332
6.57853
6.57853
4.44332
6.57853
4.44332
4.44332
6.57853
4.44332
6.57853
4.44332
6.57853
6.57853
4.44332
6.57853
4.44332
6.57853
4.44332
6.57853
4.44332
4.44332
6.57853
4.44332
4.44332
4.44332
6.57853
6.57853
4.44332
6.57853
4.44332
6.57853
6.57853
6.57853
4.44332
6.57853
4.44332
4.44332
6.57853
6.57853
4.44332
6.57853
6.57853
4.44332
6.57853
4.44332
6.57853
6.57853
4.44332
6.57853
4.44332
6.57853
4.44332
6.57853
6.57853
4.44332
6.57853
4.44332
6.57853
4.44332
6.57853
4.44332
4.44332
6.57853
4.44332
4.44332
6.57853
4.44332
4.44332
6.57853
4.44332
6.57853
4.44332
4.44332
6.57853
4.44332
6.57853
4.44332
4.44332
6.57853
4.44332
6.57853
4.44332
6.57853
4.44332
6.57853
6.57853
4.44332
6.57853
6.57853
4.44332
4.44332
4.44332
6.57853
4.44332
6.57853
4.44332
4.44332
6.57853
6.57853
4.44332
6.57853
4.44332
4.44332
6.57853
4.44332
6.57853
4.44332
6.57853
4.44332
6.57853
6.57853
4.44332
6.57853
6.57853
4.44332
4.44332
4.44332
6.57853
4.44332
6.57853
6.57853
6.57853
4.44332
4.44332
4.44332
6.57853
6.57853
4.44332
6.57853
4.44332
4.44332
6.57853
4.44332
6.57853
4.44332
6.57853
6.57853
4.44332
6.57853
4.44332
6.57853
4.44332
6.57853
4.44332
6.57853
4.44332
6.57853
6.57853
4.44332
4.44332
4.44332
6.57853
4.44332
6.57853
6.57853
4.44332
6.57853
4.44332
6.57853
4.44332
6.57853
4.44332
4.44332
6.57853
4.44332
6.57853
6.57853
4.44332
6.57853
6.57853
4.44332
6.57853
6.57853
4.44332
6.57853
4.44332
6.57853
4.44332
6.57853
6.57853
4.44332
6.57853
4.44332
6.57853
6.57853
6.57853
4.44332
6.57853
4.44332
6.57853
6.57853
4.44332
6.57853
4.44332
6.57853
4.44332
6.57853
6.57853
4.44332
6.57853
6.57853
4.44332
6.57853
4.44332
4.44332
6.57853
4.44332
6.57853
4.44332
6.57853
4.44332
6.57853
4.44332
6.57853
6.57853
6.57853
4.44332
6.57853
6.57853
4.44332
6.57853
4.44332
6.57853
4.44332
6.57853
4.44332
6.57853
4.44332
6.57853
4.44332
6.57853
6.57853
4.44332
6.57853
4.44332
6.57853
4.44332
6.57853
6.57853
4.44332
6.57853
4.44332
6.57853
4.44332
6.57853
4.44332
6.57853
4.44332
6.57853
4.44332
6.57853
4.44332
6.57853
4.44332
6.57853
4.44332
6.57853
4.44332
6.57853
4.44332
6.57853
6.57853
6.57853
4.44332
6.57853
6.57853
6.57853
4.44332
6.57853
4.44332
6.57853
4.44332
6.57853
6.57853
4.44332
6.57853
4.44332
6.57853
4.44332
6.57853
6.57853
4.44332
6.57853
4.44332
6.57853
4.44332
6.57853
4.44332
6.57853
6.57853
6.57853
4.44332
6.57853
4.44332
4.44332
6.57853
4.44332
6.57853
4.44332
6.57853
6.57853
6.57853
4.44332
6.57853
4.44332
6.57853
4.44332
6.57853
4.44332
6.57853
4.44332
6.57853
4.44332
6.57853
4.44332
6.57853
4.44332
6.57853
4.44332
6.57853
4.44332
6.57853
4.44332
4.44332
6.57853
4.44332
6.57853
6.57853
4.44332
6.57853
4.44332
6.57853
4.44332
6.57853
4.44332
6.57853
4.44332
6.57853
4.44332
6.57853
4.44332
6.57853
4.44332
6.57853
4.44332
6.57853
4.44332
6.57853
4.44332
4.44332
6.57853
4.44332
6.57853
4.44332
4.44332
6.57853
4.44332
4.44332
4.44332
6.57853
4.44332
6.57853
4.44332
6.57853
4.44332
6.57853
4.44332
6.57853
6.57853
4.44332
6.57853
4.44332
6.57853
6.57853
6.57853
4.44332
6.57853
4.44332
4.44332
6.57853
4.44332
6.57853
6.57853
4.44332
6.57853
6.57853
4.44332
6.57853
4.44332
6.57853
6.57853
4.44332
6.57853
6.57853
4.44332
6.57853
6.57853
4.44332
6.57853
4.44332
6.57853
4.44332
6.57853
6.57853
4.44332
6.57853
4.44332
6.57853
4.44332
6.57853
6.57853
4.44332
6.57853
4.44332
6.57853
6.57853
6.57853
6.57853
6.57853
4.44332
6.57853
4.44332
6.57853
4.44332
6.57853
4.44332
4.44332
6.57853
4.44332
6.57853
6.57853
4.44332
6.57853
4.44332
6.57853
4.44332
6.57853
6.57853
4.44332
6.57853
6.57853
4.44332
6.57853
6.57853
4.44332
6.57853
4.44332
4.44332
6.57853
6.57853
6.57853
4.44332
6.57853
4.44332
4.44332
6.57853
4.44332
6.57853
4.44332
6.57853
6.57853
4.44332
6.57853
4.44332
6.57853
4.44332
6.57853
4.44332
6.57853
4.44332
6.57853
4.44332
4.44332
6.57853
4.44332
6.57853
4.44332
6.57853
4.44332
6.57853
4.44332
6.57853
4.44332
6.57853
4.44332
6.57853
6.57853
4.44332
6.57853
4.44332
4.44332
4.44332
4.44332
6.57853
4.44332
6.57853
6.57853
4.44332
6.57853
4.44332
6.57853
6.57853
4.44332
6.57853
4.44332
4.44332
6.57853
4.44332
6.57853
4.44332
6.57853
6.57853
4.44332
6.57853
4.44332
6.57853
4.44332
6.57853
6.57853
6.57853
4.44332
6.57853
6.57853
4.44332
4.44332
4.44332
6.57853
4.44332
4.44332
6.57853
4.44332
6.57853
4.44332
6.57853
4.44332
4.44332
6.57853
4.44332
6.57853
6.57853
6.57853
6.57853
6.57853
6.57853
4.44332
6.57853
4.44332
6.57853
6.57853
4.44332
4.44332
4.44332
6.57853
4.44332
6.57853
4.44332
6.57853
6.57853
4.44332
6.57853
6.57853
4.44332
6.57853
4.44332
6.57853
4.44332
6.57853
4.44332
4.44332
6.57853
4.44332
6.57853
6.57853
4.44332
6.57853
4.44332
6.57853
4.44332
4.44332
6.57853
4.44332
6.57853
4.44332
6.57853
4.44332
6.57853
6.57853
4.44332
6.57853
6.57853
4.44332
6.57853
6.57853
4.44332
6.57853
4.44332
4.44332
6.57853
4.44332
6.57853
4.44332
6.57853
4.44332
4.44332
6.57853
4.44332
6.57853
4.44332
6.57853
6.57853
6.57853
4.44332
6.57853
4.44332
4.44332
4.44332
6.57853
4.44332
4.44332
6.57853
4.44332
6.57853
6.57853
4.44332
6.57853
4.44332
6.57853
4.44332
6.57853
6.57853
4.44332
6.57853
6.57853
4.44332
6.57853
6.57853
4.44332
6.57853
4.44332
4.44332
4.44332
4.44332
6.57853
4.44332
6.57853
6.57853
4.44332
6.57853
4.44332
6.57853
4.44332
6.57853
4.44332
6.57853
4.44332
4.44332
6.57853
4.44332
6.57853
4.44332
6.57853
4.44332
4.44332
6.57853
4.44332
6.57853
6.57853
4.44332
6.57853
6.57853
4.44332
6.57853
4.44332
4.44332
4.44332
4.44332
6.57853
6.57853
4.44332
4.44332
6.57853
4.44332
6.57853
4.44332
4.44332
6.57853
4.44332
6.57853
6.57853
4.44332
6.57853
4.44332
6.57853
4.44332
4.44332
6.57853
6.57853
4.44332
4.44332
6.57853
4.44332
6.57853
4.44332
6.57853
6.57853
4.44332
6.57853
4.44332
6.57853
4.44332
6.57853
6.57853
4.44332
6.57853
6.57853
4.44332
6.57853
4.44332
4.44332
6.57853
4.44332
6.57853
6.57853
4.44332
6.57853
4.44332
6.57853
4.44332
6.57853
4.44332
6.57853
4.44332
6.57853
4.44332
6.57853
6.57853
4.44332
6.57853
4.44332
4.44332
4.44332
6.57853
6.57853
4.44332
6.57853
6.57853
6.57853
4.44332
6.57853
4.44332
6.57853
4.44332
4.44332
6.57853
4.44332
6.57853
6.57853
4.44332
6.57853
4.44332
6.57853
4.44332
6.57853
6.57853
4.44332
6.57853
6.57853
6.57853
4.44332
6.57853
4.44332
6.57853
4.44332
4.44332
6.57853
6.57853
6.57853
4.44332
6.57853
4.44332
6.57853
4.44332
6.57853
4.44332
6.57853
4.44332
4.44332
6.57853
4.44332
6.57853
6.57853
4.44332
6.57853
4.44332
4.44332
6.57853
4.44332
6.57853
4.44332
6.57853
4.44332
4.44332
6.57853
4.44332
6.57853
4.44332
4.44332
4.44332
6.57853
6.57853
4.44332
6.57853
6.57853
6.57853
4.44332
6.57853
4.44332
6.57853
6.57853
4.44332
6.57853
4.44332
6.57853
6.57853
4.44332
6.57853
4.44332
6.57853
4.44332
6.57853
4.44332
4.44332
4.44332
4.44332
6.57853
4.44332
6.57853
6.57853
4.44332
6.57853
4.44332
6.57853
4.44332
6.57853
6.57853
4.44332
6.57853
6.57853
4.44332
6.57853
4.44332
6.57853
4.44332
6.57853
6.57853
4.44332
6.57853
4.44332
6.57853
4.44332
6.57853
6.57853
4.44332
6.57853
4.44332
6.57853
4.44332
4.44332
6.57853
4.44332
6.57853
6.57853
6.57853
4.44332
6.57853
6.57853
4.44332
4.44332
6.57853
4.44332
6.57853
4.44332
6.57853
4.44332
6.57853
6.57853
4.44332
6.57853
4.44332
4.44332
6.57853
4.44332
6.57853
4.44332
6.57853
4.44332
4.44332
6.57853
4.44332
6.57853
4.44332
6.57853
4.44332
4.44332
6.57853
4.44332
6.57853
4.44332
6.57853
6.57853
4.44332
6.57853
6.57853
6.57853
4.44332
6.57853
4.44332
6.57853
4.44332
6.57853
6.57853
4.44332
6.57853
4.44332
6.57853
4.44332
4.44332
6.57853
4.44332
6.57853
4.44332
4.44332
4.44332
6.57853
4.44332
6.57853
4.44332
4.44332
6.57853
4.44332
4.44332
4.44332
6.57853
4.44332
6.57853
4.44332
6.57853
4.44332
4.44332
6.57853
6.57853
6.57853
4.44332
6.57853
6.57853
4.44332
6.57853
4.44332
6.57853
4.44332
6.57853
4.44332
6.57853
4.44332
6.57853
4.44332
6.57853
4.44332
6.57853
4.44332
6.57853
4.44332
4.44332
6.57853
6.57853
4.44332
6.57853
4.44332
6.57853
4.44332
6.57853
6.57853
6.57853
4.44332
6.57853
4.44332
4.44332
6.57853
4.44332
6.57853
4.44332
6.57853
4.44332
6.57853
4.44332
6.57853
6.57853
6.57853
4.44332
6.57853
6.57853
4.44332
4.44332
6.57853
4.44332
6.57853
4.44332
6.57853
4.44332
6.57853
4.44332
6.57853
4.44332
6.57853
4.44332
6.57853
4.44332
6.57853
4.44332
6.57853
6.57853
4.44332
6.57853
4.44332
4.44332
6.57853
6.57853
4.44332
6.57853
4.44332
6.57853
4.44332
6.57853
4.44332
6.57853
4.44332
6.57853
6.57853
4.44332
6.57853
4.44332
6.57853
4.44332
6.57853
4.44332
6.57853
4.44332
6.57853
4.44332
6.57853
4.44332
6.57853
4.44332
6.57853
6.57853
4.44332
6.57853
6.57853
4.44332
6.57853
4.44332
4.44332
6.57853
4.44332
6.57853
4.44332
6.57853
4.44332
6.57853
4.44332
6.57853
6.57853
4.44332
6.57853
4.44332
6.57853
4.44332
6.57853
4.44332
6.57853
4.44332
6.57853
4.44332
6.57853
4.44332
6.57853
6.57853
4.44332
6.57853
6.57853
6.57853
4.44332
6.57853
4.44332
4.44332
6.57853
4.44332
6.57853
4.44332
6.57853
4.44332
6.57853
4.44332
6.57853
6.57853
4.44332
6.57853
4.44332
6.57853
4.44332
6.57853
4.44332
6.57853
4.44332
6.57853
4.44332
6.57853
4.44332
6.57853
4.44332
6.57853
4.44332
6.57853
4.44332
6.57853
4.44332
6.57853
4.44332
6.57853
6.57853
4.44332
4.44332
4.44332
6.57853
4.44332
6.57853
6.57853
4.44332
6.57853
4.44332
4.44332
4.44332
6.57853
4.44332
6.57853
4.44332
6.57853
6.57853
4.44332
6.57853
4.44332
6.57853
4.44332
6.57853
4.44332
6.57853
4.44332
6.57853
4.44332
6.57853
4.44332
6.57853
6.57853
4.44332
6.57853
4.44332
6.57853
4.44332
6.57853
4.44332
6.57853
4.44332
4.44332
6.57853
4.44332
6.57853
4.44332
6.57853
4.44332
6.57853
4.44332
6.57853
4.44332
6.57853
4.44332
6.57853
4.44332
6.57853
6.57853
6.57853
6.57853
4.44332
6.57853
6.57853
4.44332
6.57853
4.44332
6.57853
4.44332
6.57853
4.44332
6.57853
4.44332
6.57853
4.44332
6.57853
6.57853
4.44332
4.44332
4.44332
6.57853
4.44332
6.57853
4.44332
6.57853
4.44332
6.57853
4.44332
6.57853
4.44332
6.57853
4.44332
6.57853
4.44332
6.57853
6.57853
4.44332
6.57853
4.44332
4.44332
6.57853
4.44332
4.44332
4.44332
6.57853
4.44332
6.57853
4.44332
6.57853
4.44332
4.44332
6.57853
4.44332
4.44332
6.57853
4.44332
6.57853
4.44332
6.57853
4.44332
6.57853
4.44332
6.57853
4.44332
6.57853
6.57853
4.44332
6.57853
4.44332
6.57853
4.44332
6.57853
6.57853
4.44332
6.57853
6.57853
4.44332
4.44332
6.57853
4.44332
6.57853
4.44332
6.57853
4.44332
6.57853
6.57853
4.44332
6.57853
4.44332
4.44332
6.57853
4.44332
6.57853
4.44332
6.57853
4.44332
6.57853
4.44332
6.57853
4.44332
6.57853
4.44332
6.57853
6.57853
6.57853
4.44332
6.57853
6.57853
4.44332
6.57853
4.44332
6.57853
4.44332
4.44332
6.57853
4.44332
6.57853
6.57853
6.57853
4.44332
6.57853
6.57853
6.57853
4.44332
6.57853
4.44332
6.57853
6.57853
