0
0
0
0
0
2.21458
0
0
0
0
2.21458
0
0
0
0
0
2.21458
0
0
0
0
0
2.21458
0
0
0
0
2.21458
0
0
0
0
0
2.21458
0
0
0
0
0
0
2.21458
0
0
0
0
2.21458
0
0
0
0
0
2.21458
0
0
0
2.21458
2.21458
0
0
0
0
0
2.21458
0
0
0
0
0
2.21458
0
0
0
0
0
0
0
0
0
0
2.21458
0
0
0
0
0
2.21458
0
0
0
0
2.21458
0
0
0
0
0
2.21458
0
0
0
0
0
2.21458
0
0
0
0
2.21458
0
0
0
0
0
0
2.21458
0
0
0
0
2.21458
0
0
0
0
0
0
0
0
0
0
0
0
2.21458
0
0
0
0
2.21458
0
0
0
0
0
0
0
0
0
0
0
0
2.21458
0
0
0
0
0
2.21458
0
0
0
0
0
0
0
0
0
0
0
2.21458
0
0
0
0
2.21458
2.21458
0
0
0
0
2.21458
0
0
0
0
0
0
2.21458
0
0
0
0
2.21458
0
0
0
0
0
2.21458
0
0
0
0
0
2.21458
0
0
0
0
2.21458
0
0
0
0
0
0
2.21458
0
0
0
0
0
2.21458
0
0
0
0
0
0
0
0
0
2.21458
0
0
0
0
0
0
2.21458
0
0
0
0
2.21458
0
0
0
0
0
0
2.21458
0
0
0
0
0
2.21458
0
0
0
0
2.21458
0
0
0
0
0
0
0
0
0
0
0
2.21458
0
0
0
0
0
2.21458
0
0
0
0
0
2.21458
0
0
0
0
0
0
0
0
0
0
0
0
0
0
0
0
0
0
2.21458
0
0
0
0
0
2.21458
0
0
0
0
2.21458
0
0
0
0
0
0
2.21458
0
0
0
0
2.21458
0
0
0
0
0
0
2.21458
0
0
0
0
2.21458
0
0
0
0
2.21458
2.21458
0
0
0
0
0
2.21458
0
0
0
0
0
2.21458
0
0
0
0
0
0
0
0
0
0
0
2.21458
0
0
0
0
2.21458
0
0
0
0
2.21458
2.21458
0
0
0
0
0
2.21458
0
0
0
0
0
2.21458
0
0
0
0
2.21458
0
0
0
0
0
0
0
0
0
0
0
0
2.21458
0
0
0
0
2.21458
0
0
0
0
0
0
2.21458
0
0
0
0
0
0
0
0
0
0
0
0
2.21458
0
0
0
2.21458
0
0
0
0
0
0
2.21458
0
0
0
0
0
2.21458
0
0
0
0
0
2.21458
0
0
0
0
0
2.21458
0
0
0
0
0
2.21458
0
0
0
0
0
2.21458
0
0
0
0
0
2.21458
0
0
0
0
0
0
0
0
0
0
2.21458
0
0
0
0
0
2.21458
0
0
0
0
0
0
2.21458
0
0
0
0
2.21458
0
0
0
0
0
2.21458
0
0
0
0
704.064
918.746
85.1933
80.9382
76.6831
78.8107
78.8107
74.5555
76.6831
76.6831
76.6831
74.5555
74.5555
76.6831
76.6831
74.5555
74.5555
76.6831
76.6831
76.6831
74.5555
74.5555
76.6831
76.6831
78.8107
78.8107
76.6831
76.6831
78.8107
76.6831
78.8107
78.8107
78.8107
78.8107
76.6831
78.8107
76.6831
76.6831
76.6831
74.5555
76.6831
76.6831
74.5555
74.5555
76.6831
76.6831
74.5555
76.6831
76.6831
76.6831
76.6831
76.6831
76.6831
76.6831
78.8107
76.6831
76.6831
76.6831
76.6831
76.6831
76.6831
76.6831
76.6831
76.6831
76.6831
76.6831
74.5555
76.6831
74.5555
76.6831
74.5555
74.5555
76.6831
74.5555
74.5555
74.5555
74.5555
74.5555
76.6831
74.5555
74.5555
76.6831
74.5555
74.5555
74.5555
76.6831
74.5555
76.6831
74.5555
76.6831
74.5555
76.6831
74.5555
76.6831
76.6831
76.6831
76.6831
74.5555
76.6831
74.5555
76.6831
74.5555
74.5555
76.6831
74.5555
74.5555
76.6831
74.5555
74.5555
74.5555
74.5555
76.6831
76.6831
74.5555
74.5555
76.6831
76.6831
74.5555
74.5555
76.6831
76.6831
74.5555
76.6831
74.5555
74.5555
74.5555
74.5555
76.6831
74.5555
74.5555
74.5555
76.6831
74.5555
74.5555
74.5555
74.5555
76.6831
74.5555
74.5555
74.5555
76.6831
74.5555
74.5555
74.5555
76.6831
74.5555
74.5555
74.5555
74.5555
74.5555
74.5555
74.5555
76.6831
74.5555
74.5555
74.5555
74.5555
74.5555
74.5555
72.428
74.5555
74.5555
74.5555
74.5555
74.5555
74.5555
74.5555
72.428
74.5555
74.5555
74.5555
72.428
74.5555
74.5555
74.5555
74.5555
72.428
72.428
74.5555
72.428
74.5555
74.5555
74.5555
72.428
74.5555
72.428
72.428
74.5555
72.428
74.5555
72.428
74.5555
74.5555
74.5555
74.5555
74.5555
72.428
72.428
74.5555
72.428
74.5555
72.428
74.5555
72.428
72.428
74.5555
72.428
74.5555
72.428
74.5555
72.428
72.428
74.5555
72.428
72.428
72.428
72.428
74.5555
72.428
72.428
74.5555
72.428
72.428
74.5555
72.428
72.428
74.5555
72.428
72.428
74.5555
72.428
72.428
72.428
74.5555
72.428
72.428
72.428
72.428
74.5555
72.428
72.428
72.428
72.428
72.428
72.428
72.428
72.428
72.428
72.428
72.428
72.428
72.428
70.3004
72.428
72.428
72.428
72.428
72.428
72.428
72.428
70.3004
72.428
72.428
72.428
70.3004
72.428
72.428
72.428
70.3004
72.428
72.428
72.428
72.428
70.3004
72.428
72.428
70.3004
72.428
70.3004
72.428
72.428
70.3004
72.428
72.428
70.3004
72.428
70.3004
72.428
72.428
72.428
72.428
70.3004
72.428
72.428
72.428
70.3004
72.428
70.3004
70.3004
72.428
72.428
70.3004
72.428
70.3004
72.428
70.3004
72.428
70.3004
72.428
72.428
70.3004
72.428
70.3004
72.428
72.428
70.3004
72.428
70.3004
72.428
70.3004
72.428
70.3004
72.428
70.3004
70.3004
70.3004
72.428
70.3004
72.428
70.3004
70.3004
72.428
70.3004
70.3004
72.428
70.3004
72.428
72.428
70.3004
72.428
70.3004
70.3004
72.428
70.3004
70.3004
72.428
70.3004
72.428
70.3004
70.3004
72.428
70.3004
70.3004
70.3004
72.428
70.3004
70.3004
70.3004
72.428
70.3004
70.3004
70.3004
72.428
70.3004
70.3004
70.3004
72.428
70.3004
70.3004
72.428
72.428
70.3004
70.3004
70.3004
70.3004
70.3004
70.3004
70.3004
72.428
70.3004
70.3004
70.3004
70.3004
70.3004
70.3004
72.428
70.3004
70.3004
70.3004
70.3004
70.3004
70.3004
70.3004
70.3004
72.428
70.3004
70.3004
70.3004
70.3004
70.3004
70.3004
70.3004
70.3004
70.3004
70.3004
70.3004
70.3004
70.3004
70.3004
68.1728
70.3004
70.3004
70.3004
70.3004
70.3004
70.3004
70.3004
70.3004
70.3004
70.3004
70.3004
70.3004
70.3004
68.1728
70.3004
70.3004
70.3004
70.3004
70.3004
70.3004
70.3004
68.1728
68.1728
70.3004
70.3004
70.3004
70.3004
70.3004
70.3004
70.3004
70.3004
70.3004
70.3004
70.3004
68.1728
68.1728
70.3004
70.3004
68.1728
68.1728
70.3004
70.3004
68.1728
68.1728
70.3004
70.3004
70.3004
68.1728
70.3004
70.3004
68.1728
70.3004
70.3004
70.3004
68.1728
70.3004
70.3004
68.1728
70.3004
70.3004
68.1728
70.3004
68.1728
70.3004
70.3004
68.1728
70.3004
68.1728
70.3004
70.3004
68.1728
70.3004
68.1728
68.1728
68.1728
70.3004
70.3004
70.3004
68.1728
70.3004
68.1728
68.1728
68.1728
70.3004
68.1728
70.3004
68.1728
70.3004
68.1728
70.3004
68.1728
70.3004
70.3004
68.1728
68.1728
70.3004
68.1728
70.3004
68.1728
68.1728
70.3004
68.1728
70.3004
68.1728
68.1728
70.3004
68.1728
68.1728
70.3004
68.1728
68.1728
70.3004
68.1728
68.1728
70.3004
68.1728
68.1728
70.3004
68.1728
68.1728
70.3004
68.1728
68.1728
70.3004
68.1728
68.1728
68.1728
70.3004
68.1728
68.1728
68.1728
70.3004
68.1728
68.1728
68.1728
68.1728
70.3004
68.1728
68.1728
68.1728
70.3004
68.1728
68.1728
68.1728
68.1728
68.1728
68.1728
68.1728
68.1728
70.3004
68.1728
68.1728
68.1728
68.1728
68.1728
68.1728
68.1728
68.1728
68.1728
68.1728
68.1728
68.1728
68.1728
68.1728
68.1728
68.1728
68.1728
68.1728
68.1728
68.1728
68.1728
68.1728
68.1728
68.1728
68.1728
68.1728
68.1728
68.1728
68.1728
68.1728
68.1728
68.1728
66.0452
68.1728
68.1728
23.492
0
0
0
0
2.21458
0
0
0
0
0
2.21458
0
0
0
0
2.21458
0
0
0
0
0
0
0
0
0
0
0
2.21458
0
0
0
0
0
2.21458
0
0
0
0
0
2.21458
0
0
0
0
2.21458
2.21458
0
0
0
0
2.21458
2.21458
0
0
0
0
0
0
0
0
0
0
0
2.21458
0
0
0
2.21458
2.21458
0
0
0
0
0
2.21458
0
0
0
0
0
0
0
0
0
0
0
0
0
0
0
0
0
0
0
0
0
0
2.21458
0
0
0
0
0
2.21458
0
0
0
0
0
2.21458
0
0
0
0
0
2.21458
0
0
0
0
2.21458
0
0
0
0
0
0
2.21458
0
0
0
0
0
0
0
0
0
0
2.21458
0
0
0
0
0
0
0
0
0
0
0
0
0
0
0
0
0
2.21458
0
0
0
0
0
2.21458
0
0
0
0
2.21458
0
0
0
0
0
0
2.21458
0
0
0
0
0
0
2.21458
0
0
0
0
0
0
0
0
0
0
0
0
0
0
0
2.21458
0
0
0
0
0
0
2.21458
0
0
0
0
2.21458
0
0
0
0
2.21458
0
0
0
0
0
0
0
0
0
0
0
0
2.21458
0
0
0
0
2.21458
0
0
0
0
0
0
2.21458
0
0
0
2.21458
0
0
0
0
0
0
2.21458
0
0
0
0
2.21458
0
0
0
0
0
2.21458
2.21458
0
0
0
0
0
2.21458
0
0
0
0
2.21458
0
0
0
0
0
2.21458
0
0
0
0
2.21458
0
0
0
0
0
0
2.21458
0
0
0
0
0
2.21458
0
0
0
0
0
2.21458
0
0
0
0
2.21458
0
0
0
0
0
0
2.21458
0
0
0
0
2.21458
0
0
0
0
0
2.21458
0
0
0
0
0
0
2.21458
0
0
0
0
2.21458
0
0
0
0
0
2.21458
0
0
0
0
0
0
2.21458
0
0
0
2.21458
2.21458
0
0
0
0
0
2.21458
0
0
0
0
2.21458
0
0
0
0
0
0
0
0
0
0
2.21458
0
0
0
0
0
2.21458
0
0
0
0
0
0
0
0
0
0
0
2.21458
0
0
0
0
2.21458
0
0
0
0
2.21458
0
0
0
0
0
2.21458
0
0
0
0
0
0
2.21458
0
0
0
0
0
2.21458
0
0
0
0
2.21458
0
0
0
0
0
2.21458
0
0
0
0
0
0
2.21458
0
0
0
0
2.21458
0
0
0
0
0
2.21458
0
0
0
0
0
0
0
0
0
0
0
0
2.21458
0
0
0
0
2.21458
0
0
0
0
0
2.21458
0
0
0
0
0
2.21458
0
0
0
0
2.21458
0
0
0
0
2.21458
0
0
0
0
0
0
2.21458
0
0
0
0
0
0
2.21458
0
0
0
0
0
2.21458
0
0
0
0
0
2.21458
0
0
0
0
0
0
0
0
0
0
2.21458
0
0
0
0
0
0
2.21458
0
0
0
0
2.21458
0
0
0
0
0
0
0
0
0
0
0
2.21458
0
0
0
0
0
2.21458
0
0
0
0
2.21458
2.21458
0
0
0
0
0
0
0
0
0
0
2.21458
0
0
0
0
0
0
0
0
0
0
0
2.21458
0
0
0
0
0
2.21458
0
0
0
0
0
2.21458
0
0
0
0
2.21458
0
0
0
0
2.21458
0
0
0
0
0
0
2.21458
0
0
0
0
0
0
0
0
0
2.21458
2.21458
0
0
0
0
2.21458
2.21458
0
0
0
0
0
2.21458
0
0
0
0
0
2.21458
0
0
0
0
2.21458
2.21458
0
0
0
0
0
0
0
0
0
2.21458
0
0
0
0
0
0
0
2.21458
0
0
0
0
2.21458
0
0
0
0
0
2.21458
0
0
0
0
2.21458
0
0
0
0
2.21458
0
0
0
0
0
2.21458
0
0
0
0
0
2.21458
0
0
0
0
0
2.21458
0
0
0
0
0
0
0
0
0
0
0
0
0
0
0
0
0
2.21458
0
0
0
0
0
2.21458
0
0
0
0
2.21458
0
0
0
0
0
0
2.21458
0
0
0
0
2.21458
0
0
0
0
0
2.21458
0
0
0
0
0
0
2.21458
0
0
0
0
2.21458
0
0
0
0
2.21458
0
0
0
0
0
0
2.21458
0
0
0
0
0
0
0
0
0
0
0
0
2.21458
0
0
0
0
2.21458
0
0
0
0
0
0
0
0
0
0
0
0
2.21458
0
0
0
0
2.21458
0
0
0
0
0
0
2.21458
0
0
0
0
0
2.21458
0
0
0
0
0
2.21458
0
0
0
0
2.21458
0
0
0
0
0
0
2.21458
0
0
0
0
2.21458
0
0
0
0
0
2.21458
0
0
0
0
2.21458
2.21458
0
0
0
0
2.21458
2.21458
0
0
0
0
0
2.21458
0
0
0
0
2.21458
2.21458
0
0
0
0
0
0
0
0
0
0
2.21458
0
0
0
0
0
0
0
0
0
0
2.21458
0
0
0
0
0
2.21458
0
0
0
0
0
0
2.21458
0
0
0
0
2.21458
0
0
0
0
0
0
2.21458
0
0
0
0
0
2.21458
0
0
0
0
2.21458
0
0
0
0
2.21458
0
0
0
0
0
0
2.21458
0
0
0
0
0
2.21458
0
0
0
0
2.21458
0
0
0
0
0
2.21458
0
0
0
0
0
2.21458
0
0
0
0
0
0
0
0
0
0
0
0
2.21458
0
0
0
0
0
2.21458
0
0
0
0
2.21458
0
0
0
0
0
2.21458
0
0
0
0
0
0
2.21458
0
0
0
0
0
0
0
0
0
0
2.21458
0
0
0
0
0
0
2.21458
0
0
0
0
0
2.21458
0
0
0
0
0
0
0
0
0
0
0
0
0
0
0
0
0
2.21458
0
0
0
0
0
0
0
2.21458
0
0
0
0
0
2.21458
0
0
0
0
2.21458
0
0
0
0
0
2.21458
0
0
0
0
0
2.21458
0
0
0
0
0
2.21458
0
0
0
0
0
2.21458
0
0
0
0
0
2.21458
0
0
0
0
0
2.21458
0
0
0
0
0
2.21458
0
0
0
0
0
2.21458
0
0
0
0
0
0
2.21458
0
0
0
0
0
2.21458
0
0
0
0
0
2.21458
0
0
0
0
0
2.21458
0
0
0
0
0
2.21458
0
0
0
0
0
2.21458
0
0
0
0
0
2.21458
0
0
0
0
0
2.21458
0
0
0
0
0
0
2.21458
0
0
0
0
0
2.21458
0
0
0
0
0
2.21458
0
0
0
0
0
2.21458
0
0
0
0
0
2.21458
0
0
0
0
0
2.21458
0
0
0
0
0
0
0
0
0
0
0
2.21458
0
0
0
0
0
0
2.21458
0
0
0
0
0
0
0
0
0
0
0
2.21458
0
0
0
0
0
0
2.21458
0
0
0
0
2.21458
0
0
0
0
0
0
2.21458
0
0
0
0
0
2.21458
0
0
0
0
0
0
0
0
0
0
0
0
2.21458
0
0
0
0
2.21458
2.21458
0
0
0
0
2.21458
525.471
937.873
389.373
89.4484
89.4484
83.0658
78.8107
78.8107
78.8107
76.6831
76.6831
78.8107
76.6831
76.6831
78.8107
76.6831
78.8107
78.8107
76.6831
78.8107
78.8107
76.6831
78.8107
78.8107
76.6831
78.8107
78.8107
78.8107
76.6831
78.8107
78.8107
78.8107
80.9382
78.8107
78.8107
78.8107
78.8107
78.8107
78.8107
76.6831
76.6831
76.6831
76.6831
76.6831
76.6831
76.6831
76.6831
76.6831
76.6831
76.6831
76.6831
80.9382
78.8107
76.6831
78.8107
76.6831
76.6831
76.6831
76.6831
76.6831
74.5555
76.6831
76.6831
74.5555
76.6831
74.5555
76.6831
74.5555
74.5555
76.6831
76.6831
74.5555
76.6831
76.6831
74.5555
74.5555
76.6831
74.5555
74.5555
76.6831
74.5555
76.6831
76.6831
74.5555
76.6831
76.6831
74.5555
76.6831
76.6831
76.6831
74.5555
76.6831
76.6831
76.6831
76.6831
76.6831
76.6831
76.6831
76.6831
76.6831
76.6831
76.6831
76.6831
76.6831
76.6831
76.6831
76.6831
76.6831
76.6831
76.6831
76.6831
76.6831
76.6831
76.6831
76.6831
76.6831
76.6831
76.6831
74.5555
76.6831
76.6831
74.5555
76.6831
74.5555
76.6831
76.6831
76.6831
74.5555
76.6831
76.6831
74.5555
76.6831
76.6831
74.5555
76.6831
74.5555
76.6831
76.6831
76.6831
76.6831
76.6831
76.6831
74.5555
74.5555
76.6831
76.6831
74.5555
74.5555
76.6831
76.6831
76.6831
76.6831
74.5555
76.6831
76.6831
76.6831
74.5555
76.6831
74.5555
76.6831
74.5555
76.6831
76.6831
76.6831
76.6831
74.5555
76.6831
74.5555
76.6831
76.6831
74.5555
76.6831
74.5555
76.6831
74.5555
74.5555
76.6831
74.5555
76.6831
74.5555
74.5555
74.5555
76.6831
74.5555
74.5555
76.6831
74.5555
76.6831
74.5555
76.6831
76.6831
74.5555
74.5555
76.6831
76.6831
74.5555
74.5555
76.6831
74.5555
74.5555
74.5555
76.6831
74.5555
74.5555
74.5555
76.6831
74.5555
76.6831
74.5555
74.5555
74.5555
74.5555
74.5555
74.5555
74.5555
74.5555
74.5555
74.5555
74.5555
74.5555
74.5555
74.5555
74.5555
74.5555
74.5555
74.5555
74.5555
74.5555
74.5555
74.5555
74.5555
74.5555
74.5555
74.5555
74.5555
74.5555
74.5555
74.5555
74.5555
74.5555
74.5555
74.5555
74.5555
74.5555
74.5555
74.5555
72.428
74.5555
74.5555
74.5555
76.6831
76.6831
72.428
74.5555
72.428
74.5555
74.5555
74.5555
74.5555
74.5555
74.5555
74.5555
74.5555
74.5555
72.428
72.428
74.5555
72.428
74.5555
74.5555
72.428
74.5555
72.428
72.428
74.5555
74.5555
72.428
72.428
74.5555
72.428
74.5555
72.428
72.428
74.5555
74.5555
72.428
72.428
74.5555
74.5555
72.428
74.5555
72.428
72.428
74.5555
72.428
74.5555
72.428
72.428
74.5555
72.428
72.428
74.5555
72.428
72.428
74.5555
72.428
74.5555
72.428
72.428
74.5555
72.428
72.428
74.5555
72.428
72.428
72.428
74.5555
72.428
72.428
72.428
72.428
72.428
72.428
74.5555
72.428
72.428
72.428
72.428
72.428
72.428
72.428
72.428
72.428
72.428
72.428
72.428
72.428
72.428
72.428
72.428
72.428
72.428
72.428
72.428
72.428
72.428
72.428
72.428
72.428
72.428
72.428
72.428
72.428
72.428
72.428
72.428
70.3004
72.428
72.428
70.3004
72.428
72.428
70.3004
72.428
70.3004
72.428
72.428
72.428
70.3004
72.428
70.3004
70.3004
72.428
72.428
70.3004
72.428
72.428
72.428
70.3004
72.428
72.428
72.428
72.428
70.3004
70.3004
70.3004
72.428
70.3004
70.3004
72.428
70.3004
70.3004
72.428
72.428
70.3004
72.428
70.3004
70.3004
70.3004
72.428
70.3004
72.428
70.3004
70.3004
72.428
70.3004
70.3004
70.3004
72.428
70.3004
70.3004
70.3004
70.3004
70.3004
72.428
70.3004
70.3004
70.3004
70.3004
70.3004
70.3004
70.3004
70.3004
70.3004
70.3004
70.3004
70.3004
70.3004
70.3004
68.1728
70.3004
70.3004
70.3004
70.3004
70.3004
70.3004
70.3004
70.3004
70.3004
70.3004
70.3004
70.3004
68.1728
70.3004
70.3004
70.3004
70.3004
70.3004
68.1728
70.3004
70.3004
70.3004
68.1728
70.3004
70.3004
70.3004
68.1728
70.3004
70.3004
68.1728
70.3004
70.3004
68.1728
68.1728
70.3004
70.3004
70.3004
68.1728
70.3004
68.1728
70.3004
70.3004
68.1728
70.3004
68.1728
70.3004
70.3004
68.1728
70.3004
68.1728
70.3004
68.1728
70.3004
68.1728
68.1728
68.1728
70.3004
70.3004
68.1728
70.3004
68.1728
70.3004
68.1728
70.3004
68.1728
70.3004
68.1728
70.3004
68.1728
68.1728
70.3004
68.1728
68.1728
70.3004
68.1728
68.1728
70.3004
68.1728
68.1728
70.3004
68.1728
68.1728
70.3004
68.1728
68.1728
68.1728
70.3004
68.1728
68.1728
68.1728
70.3004
68.1728
68.1728
68.1728
68.1728
68.1728
70.3004
70.3004
68.1728
68.1728
68.1728
68.1728
68.1728
68.1728
68.1728
68.1728
68.1728
68.1728
70.3004
68.1728
68.1728
68.1728
68.1728
68.1728
68.1728
68.1728
68.1728
68.1728
68.1728
68.1728
68.1728
68.1728
68.1728
68.1728
68.1728
68.1728
68.1728
68.1728
68.1728
68.1728
68.1728
68.1728
66.0452
68.1728
12.8534
0
0
0
0
2.21458
0
0
0
0
0
0
0
0
0
2.21458
2.21458
0
0
0
0
0
0
0
0
0
0
0
0
0
0
0
0
0
2.21458
0
0
0
0
0
2.21458
0
0
0
0
0
2.21458
0
0
0
0
2.21458
0
0
0
0
0
2.21458
0
0
0
0
0
2.21458
0
0
0
0
2.21458
0
0
0
0
0
0
0
0
0
0
0
0
2.21458
0
0
0
0
0
2.21458
0
0
0
0
0
2.21458
0
0
0
0
2.21458
0
0
0
0
0
0
2.21458
0
0
0
0
0
2.21458
0
0
0
0
0
2.21458
0
0
0
0
2.21458
2.21458
0
0
0
0
0
0
0
0
0
0
0
0
0
0
0
0
0
2.21458
0
0
0
0
0
2.21458
0
0
0
0
0
2.21458
0
0
0
0
0
2.21458
0
0
0
0
0
0
0
0
0
2.21458
0
0
0
0
0
0
2.21458
0
0
0
0
0
2.21458
0
0
0
0
2.21458
2.21458
0
0
0
0
2.21458
0
0
0
0
0
0
2.21458
0
0
0
0
0
2.21458
0
0
0
0
2.21458
0
0
0
0
0
0
2.21458
0
0
0
0
0
2.21458
0
0
0
0
0
2.21458
0
0
0
0
0
0
0
0
0
0
0
2.21458
0
0
0
0
0
2.21458
0
0
0
0
0
0
2.21458
0
0
0
0
0
2.21458
0
0
0
0
0
2.21458
0
0
0
2.21458
0
0
0
0
0
0
0
0
0
0
0
0
2.21458
0
0
0
0
0
2.21458
0
0
0
0
0
2.21458
0
0
0
0
2.21458
0
0
0
0
0
0
2.21458
0
0
0
0
0
2.21458
0
0
0
0
0
2.21458
0
0
0
0
2.21458
0
0
0
0
0
0
2.21458
0
0
0
0
2.21458
0
0
0
0
0
0
0
0
0
0
2.21458
0
0
0
0
0
0
2.21458
0
0
0
0
2.21458
0
0
0
0
0
2.21458
0
0
0
0
0
2.21458
0
0
0
0
0
2.21458
0
0
0
0
2.21458
0
0
0
0
0
0
2.21458
0
0
0
0
0
2.21458
0
0
0
0
2.21458
0
0
0
0
0
0
2.21458
0
0
0
0
0
2.21458
0
0
0
0
0
2.21458
0
0
0
0
2.21458
0
0
0
0
0
0
0
2.21458
0
0
0
0
0
2.21458
0
0
0
0
0
2.21458
0
0
0
2.21458
0
0
0
0
0
0
0
0
0
0
0
0
0
0
0
0
0
0
0
0
0
0
0
2.21458
0
0
0
0
0
0
2.21458
0
0
0
0
0
2.21458
0
0
0
0
0
0
0
0
0
0
2.21458
0
0
0
0
0
2.21458
0
0
0
0
0
2.21458
0
0
0
0
2.21458
0
0
0
0
0
0
2.21458
0
0
0
0
2.21458
0
0
0
0
2.21458
0
0
0
0
0
0
2.21458
0
0
0
0
0
2.21458
0
0
0
0
0
0
0
0
0
0
2.21458
0
0
0
0
0
2.21458
0
0
0
0
0
2.21458
0
0
0
0
2.21458
2.21458
0
0
0
0
0
0
0
0
0
0
0
2.21458
0
0
0
0
0
2.21458
0
0
0
0
0
2.21458
0
0
0
0
0
2.21458
0
0
0
0
0
0
0
0
0
0
0
2.21458
0
0
0
0
0
2.21458
0
0
0
0
0
2.21458
0
0
0
0
0
0
2.21458
0
0
0
2.21458
0
0
0
0
0
0
0
2.21458
0
0
0
0
0
2.21458
0
0
0
2.21458
0
0
0
0
0
0
2.21458
0
0
0
0
0
2.21458
0
0
0
0
2.21458
0
0
0
0
0
0
0
0
0
0
0
0
2.21458
0
0
0
0
0
2.21458
0
0
0
0
2.21458
0
0
0
0
0
0
2.21458
0
0
0
0
0
2.21458
0
0
0
0
0
2.21458
0
0
0
0
0
2.21458
0
0
0
0
2.21458
0
0
0
0
0
0
2.21458
0
0
0
0
0
2.21458
0
0
0
0
2.21458
0
0
0
0
0
2.21458
0
0
0
0
0
2.21458
0
0
0
0
2.21458
2.21458
0
0
0
0
0
2.21458
0
0
0
0
2.21458
0
0
0
0
0
0
2.21458
0
0
0
0
0
2.21458
0
0
0
0
0
2.21458
0
0
0
0
2.21458
0
0
0
0
2.21458
0
0
0
0
0
0
2.21458
0
0
0
0
0
2.21458
0
0
0
0
0
2.21458
0
0
0
0
0
2.21458
0
0
0
0
0
2.21458
0
0
0
0
0
2.21458
0
0
0
0
0
2.21458
0
0
0
0
0
2.21458
0
0
0
0
0
2.21458
0
0
0
0
0
2.21458
0
0
0
0
0
0
0
0
0
0
2.21458
0
0
0
0
0
2.21458
0
0
0
0
2.21458
0
0
0
0
0
0
2.21458
0
0
0
0
0
0
2.21458
0
0
0
0
0
2.21458
0
0
0
0
2.21458
0
0
0
0
0
2.21458
0
0
0
0
0
0
0
0
0
0
0
2.21458
0
0
0
0
0
2.21458
0
0
0
0
0
2.21458
0
0
0
0
0
2.21458
0
0
0
0
0
2.21458
0
0
0
0
0
0
0
0
0
0
2.21458
0
0
0
0
0
2.21458
0
0
0
0
2.21458
0
0
0
0
0
0
2.21458
0
0
0
0
2.21458
0
0
0
0
0
2.21458
0
0
0
0
2.21458
0
0
0
0
0
0
2.21458
0
0
0
0
0
2.21458
0
0
0
0
0
2.21458
0
0
0
0
0
2.21458
0
0
0
0
0
2.21458
0
0
0
0
0
2.21458
0
0
0
0
0
2.21458
0
0
0
0
0
2.21458
0
0
0
0
0
2.21458
0
0
0
0
0
2.21458
0
0
0
0
0
2.21458
0
0
0
0
0
2.21458
0
0
0
0
2.21458
0
0
0
0
0
0
2.21458
0
0
0
0
2.21458
0
0
0
0
0
0
2.21458
0
0
0
0
2.21458
0
0
0
0
0
2.21458
0
0
0
0
0
2.21458
0
0
0
0
0
2.21458
0
0
0
0
0
2.21458
0
0
0
0
0
2.21458
0
0
0
0
0
0
2.21458
0
0
0
0
2.21458
2.21458
0
0
0
2.21458
0
0
0
0
0
0
2.21458
0
0
0
0
0
2.21458
0
0
0
0
2.21458
0
0
0
0
0
0
2.21458
0
0
0
0
0
2.21458
0
0
0
0
0
2.21458
0
0
0
0
0
2.21458
0
0
0
0
0
2.21458
0
0
0
0
0
0
0
0
0
0
0
2.21458
0
0
0
0
0
2.21458
0
0
0
0
2.21458
0
0
0
0
0
2.21458
0
0
0
0
0
2.21458
0
0
0
0
0
0
2.21458
0
0
0
0
2.21458
0
0
0
0
2.21458
0
0
0
0
0
2.21458
0
0
0
0
2.21458
0
0
0
0
0
0
2.21458
0
0
0
0
0
2.21458
0
0
0
2.21458
0
0
0
0
0
0
2.21458
0
0
0
0
0
2.21458
0
0
0
0
0
0
2.21458
0
0
0
0
0
2.21458
0
0
0
0
351.091
540.355
93.7035
80.9382
78.8107
78.8107
76.6831
76.6831
76.6831
74.5555
76.6831
76.6831
74.5555
76.6831
76.6831
76.6831
74.5555
76.6831
76.6831
76.6831
74.5555
76.6831
78.8107
76.6831
76.6831
78.8107
78.8107
76.6831
78.8107
78.8107
78.8107
78.8107
78.8107
78.8107
76.6831
78.8107
78.8107
76.6831
76.6831
76.6831
76.6831
76.6831
76.6831
74.5555
76.6831
76.6831
74.5555
76.6831
76.6831
76.6831
76.6831
76.6831
76.6831
76.6831
76.6831
76.6831
76.6831
76.6831
76.6831
76.6831
76.6831
76.6831
76.6831
76.6831
76.6831
76.6831
76.6831
76.6831
76.6831
76.6831
78.8107
76.6831
76.6831
76.6831
76.6831
76.6831
76.6831
76.6831
76.6831
76.6831
76.6831
78.8107
78.8107
76.6831
76.6831
76.6831
76.6831
76.6831
78.8107
76.6831
76.6831
78.8107
76.6831
76.6831
76.6831
76.6831
76.6831
78.8107
78.8107
78.8107
78.8107
76.6831
78.8107
78.8107
76.6831
78.8107
76.6831
76.6831
76.6831
78.8107
76.6831
76.6831
76.6831
76.6831
76.6831
76.6831
78.8107
76.6831
76.6831
76.6831
76.6831
76.6831
76.6831
76.6831
76.6831
76.6831
76.6831
76.6831
76.6831
76.6831
76.6831
76.6831
76.6831
76.6831
76.6831
76.6831
76.6831
76.6831
74.5555
76.6831
76.6831
76.6831
76.6831
76.6831
76.6831
76.6831
76.6831
78.8107
76.6831
76.6831
76.6831
76.6831
76.6831
76.6831
76.6831
76.6831
76.6831
76.6831
76.6831
76.6831
76.6831
74.5555
76.6831
76.6831
76.6831
76.6831
78.8107
76.6831
76.6831
76.6831
76.6831
76.6831
76.6831
76.6831
76.6831
76.6831
76.6831
76.6831
76.6831
76.6831
76.6831
76.6831
74.5555
76.6831
76.6831
76.6831
74.5555
76.6831
76.6831
74.5555
76.6831
76.6831
76.6831
74.5555
76.6831
74.5555
76.6831
74.5555
76.6831
74.5555
76.6831
74.5555
76.6831
74.5555
76.6831
74.5555
76.6831
74.5555
76.6831
76.6831
74.5555
76.6831
74.5555
74.5555
76.6831
74.5555
74.5555
76.6831
74.5555
74.5555
74.5555
74.5555
76.6831
74.5555
74.5555
76.6831
74.5555
74.5555
74.5555
76.6831
74.5555
76.6831
76.6831
74.5555
74.5555
76.6831
76.6831
74.5555
76.6831
74.5555
76.6831
76.6831
74.5555
76.6831
76.6831
74.5555
74.5555
74.5555
74.5555
74.5555
74.5555
74.5555
74.5555
74.5555
74.5555
74.5555
74.5555
74.5555
74.5555
74.5555
74.5555
74.5555
74.5555
74.5555
74.5555
74.5555
74.5555
72.428
74.5555
74.5555
74.5555
74.5555
74.5555
72.428
74.5555
74.5555
74.5555
74.5555
72.428
74.5555
74.5555
74.5555
72.428
74.5555
74.5555
74.5555
72.428
74.5555
74.5555
72.428
74.5555
72.428
74.5555
74.5555
72.428
74.5555
72.428
74.5555
74.5555
72.428
74.5555
74.5555
72.428
74.5555
72.428
74.5555
72.428
72.428
74.5555
74.5555
72.428
74.5555
72.428
74.5555
72.428
74.5555
72.428
72.428
74.5555
72.428
74.5555
72.428
72.428
74.5555
72.428
72.428
72.428
72.428
72.428
74.5555
72.428
72.428
74.5555
72.428
72.428
72.428
74.5555
72.428
72.428
72.428
72.428
72.428
72.428
72.428
72.428
72.428
72.428
72.428
72.428
72.428
72.428
72.428
72.428
72.428
72.428
72.428
72.428
72.428
72.428
72.428
72.428
72.428
72.428
72.428
72.428
70.3004
72.428
72.428
72.428
72.428
72.428
72.428
72.428
72.428
72.428
70.3004
72.428
72.428
70.3004
70.3004
70.3004
72.428
72.428
72.428
72.428
70.3004
70.3004
72.428
72.428
72.428
72.428
72.428
70.3004
72.428
70.3004
72.428
70.3004
72.428
70.3004
72.428
70.3004
72.428
70.3004
72.428
70.3004
72.428
70.3004
72.428
70.3004
72.428
70.3004
70.3004
72.428
72.428
70.3004
70.3004
72.428
70.3004
72.428
70.3004
70.3004
72.428
70.3004
70.3004
72.428
70.3004
70.3004
72.428
70.3004
70.3004
72.428
70.3004
70.3004
70.3004
70.3004
70.3004
72.428
70.3004
70.3004
70.3004
70.3004
70.3004
70.3004
72.428
70.3004
70.3004
70.3004
70.3004
70.3004
70.3004
70.3004
70.3004
70.3004
70.3004
72.428
70.3004
70.3004
70.3004
70.3004
70.3004
70.3004
70.3004
70.3004
70.3004
70.3004
70.3004
70.3004
70.3004
70.3004
70.3004
70.3004
70.3004
70.3004
70.3004
70.3004
70.3004
70.3004
70.3004
70.3004
70.3004
70.3004
70.3004
70.3004
70.3004
70.3004
70.3004
70.3004
68.1728
70.3004
70.3004
70.3004
70.3004
70.3004
70.3004
68.1728
68.1728
70.3004
70.3004
70.3004
70.3004
70.3004
70.3004
68.1728
70.3004
70.3004
68.1728
70.3004
70.3004
70.3004
68.1728
70.3004
70.3004
70.3004
68.1728
70.3004
70.3004
68.1728
70.3004
70.3004
70.3004
68.1728
70.3004
70.3004
68.1728
70.3004
70.3004
68.1728
70.3004
70.3004
68.1728
70.3004
68.1728
70.3004
68.1728
70.3004
70.3004
68.1728
70.3004
68.1728
70.3004
70.3004
70.3004
68.1728
70.3004
70.3004
68.1728
68.1728
70.3004
70.3004
68.1728
70.3004
68.1728
70.3004
70.3004
68.1728
70.3004
68.1728
70.3004
70.3004
70.3004
68.1728
68.1728
70.3004
68.1728
70.3004
68.1728
70.3004
68.1728
68.1728
70.3004
70.3004
68.1728
68.1728
70.3004
68.1728
68.1728
70.3004
68.1728
68.1728
68.1728
25.6197
0
0
0
0
0
0
0
2.21458
2.21458
0
0
0
0
2.21458
0
0
0
0
0
0
0
0
0
0
0
0
0
0
0
0
0
0
0
0
0
0
0
0
2.21458
0
0
0
0
2.21458
0
0
0
0
0
2.21458
0
0
0
0
0
0
0
0
0
0
0
2.21458
0
0
0
0
0
0
2.21458
0
0
0
0
0
2.21458
0
0
0
0
0
2.21458
0
0
0
0
0
0
0
0
0
0
0
0
2.21458
0
0
0
0
0
2.21458
0
0
0
2.21458
0
0
0
0
0
2.21458
2.21458
0
0
0
0
0
2.21458
0
0
0
0
0
0
0
0
0
0
2.21458
0
0
0
0
0
0
2.21458
0
0
0
0
0
0
0
0
0
0
0
0
0
0
0
0
0
0
0
0
0
0
0
0
2.21458
0
0
0
0
2.21458
0
0
0
0
0
2.21458
0
0
0
0
0
0
2.21458
0
0
0
2.21458
0
0
0
0
0
0
2.21458
0
0
0
0
0
0
2.21458
2.21458
0
0
0
0
0
0
0
0
0
0
0
0
0
0
0
0
0
2.21458
0
0
0
2.21458
0
0
0
0
0
0
0
0
0
0
0
0
0
0
0
0
0
0
2.21458
0
0
0
0
2.21458
0
0
0
0
0
2.21458
0
0
0
0
0
0
2.21458
0
0
0
0
2.21458
2.21458
0
0
0
0
0
0
0
0
0
0
0
2.21458
0
0
0
2.21458
0
0
0
0
0
2.21458
0
0
0
0
0
0
0
0
0
0
0
0
0
0
0
0
0
2.21458
2.21458
0
0
0
0
2.21458
0
0
0
0
0
2.21458
0
0
0
0
0
0
0
0
0
0
0
0
0
0
0
0
0
2.21458
0
0
0
0
2.21458
0
0
0
0
0
2.21458
0
0
0
0
0
2.21458
2.21458
0
0
0
0
0
0
0
0
0
0
0
2.21458
0
0
0
0
2.21458
2.21458
0
0
0
0
2.21458
0
0
0
0
0
0
0
2.21458
0
0
0
0
0
0
0
0
0
0
2.21458
2.21458
0
0
0
0
0
0
0
0
0
2.21458
0
0
0
0
0
0
2.21458
0
0
0
0
0
2.21458
0
0
0
0
0
0
0
0
0
0
0
0
0
0
0
0
0
0
0
0
0
0
0
2.21458
2.21458
0
0
0
0
2.21458
0
0
0
0
0
0
2.21458
0
0
0
0
0
2.21458
0
0
0
0
2.21458
2.21458
0
0
0
0
2.21458
0
0
0
0
0
0
0
0
0
0
0
0
0
0
0
0
0
0
2.21458
0
0
0
0
2.21458
0
0
0
0
0
0
2.21458
0
0
0
0
0
0
0
0
0
0
0
2.21458
0
0
0
0
0
2.21458
2.21458
0
0
0
0
2.21458
0
0
0
0
0
0
0
0
0
0
0
0
2.21458
0
0
0
0
2.21458
0
0
0
0
0
2.21458
0
0
0
0
0
0
2.21458
0
0
0
0
2.21458
0
0
0
0
0
2.21458
0
0
0
0
0
2.21458
0
0
0
0
0
0
2.21458
0
0
0
0
0
0
0
0
0
0
0
0
0
0
0
0
0
0
0
0
0
0
0
2.21458
0
0
0
0
2.21458
0
0
0
0
0
2.21458
0
0
0
0
0
2.21458
2.21458
0
0
0
0
0
2.21458
0
0
0
0
2.21458
0
0
0
0
0
0
0
0
0
0
0
0
0
0
0
0
0
0
0
0
0
0
0
0
0
0
0
0
0
2.21458
2.21458
0
0
0
0
2.21458
0
0
0
0
0
2.21458
0
0
0
0
0
2.21458
0
0
0
0
0
0
0
0
0
0
0
0
0
0
0
0
0
0
2.21458
0
0
0
0
0
2.21458
0
0
0
0
2.21458
0
0
0
0
0
2.21458
0
0
0
0
0
2.21458
0
0
0
0
2.21458
0
0
0
0
0
0
0
0
0
0
0
0
0
0
0
0
0
2.21458
2.21458
0
0
0
0
2.21458
0
0
0
0
0
2.21458
0
0
0
0
0
0
0
0
0
0
0
0
0
0
0
0
0
0
0
0
0
0
0
0
2.21458
0
0
0
2.21458
2.21458
0
0
0
0
2.21458
0
0
0
0
0
2.21458
2.21458
0
0
0
0
0
2.21458
0
0
0
0
0
2.21458
0
0
0
0
2.21458
0
0
0
0
0
0
2.21458
0
0
0
0
0
2.21458
0
0
0
0
0
2.21458
0
0
0
0
2.21458
0
0
0
0
2.21458
0
0
0
0
0
0
0
0
0
0
0
2.21458
0
0
0
0
0
2.21458
0
0
0
0
0
0
2.21458
0
0
0
0
0
0
0
0
0
2.21458
0
0
0
0
0
2.21458
0
0
0
0
0
2.21458
0
0
0
0
0
0
2.21458
0
0
0
0
2.21458
0
0
0
0
2.21458
2.21458
0
0
0
0
0
2.21458
0
0
0
0
2.21458
0
0
0
0
0
0
2.21458
0
0
0
0
0
2.21458
0
0
0
0
0
0
0
0
0
0
0
2.21458
0
0
0
0
0
0
0
0
0
0
0
2.21458
0
0
0
0
0
2.21458
0
0
0
0
0
2.21458
0
0
0
0
2.21458
0
0
0
0
0
0
0
0
0
0
0
0
0
0
0
0
2.21458
2.21458
0
0
0
0
0
2.21458
0
0
0
0
14.9811
17.1089
14.9811
14.9811
17.1089
14.9811
14.9811
17.1089
17.1089
17.1089
17.1089
14.9811
14.9811
17.1089
14.9811
14.9811
14.9811
17.1089
14.9811
14.9811
17.1089
14.9811
14.9811
17.1089
14.9811
14.9811
14.9811
14.9811
17.1089
14.9811
14.9811
14.9811
17.1089
0
0
0
0
0
2.21458
0
0
0
0
0
2.21458
0
0
0
0
0
0
2.21458
0
0
0
0
0
2.21458
0
0
0
0
2.21458
2.21458
0
0
0
0
2.21458
0
0
0
0
2.21458
0
0
0
0
0
0
0
0
0
0
0
2.21458
0
0
0
0
2.21458
0
0
0
0
0
0
2.21458
0
0
0
0
0
2.21458
0
0
0
0
2.21458
0
0
0
0
0
2.21458
0
0
0
0
0
2.21458
0
0
0
0
0
2.21458
0
0
0
2.21458
0
0
0
0
0
0
2.21458
0
0
0
0
2.21458
0
0
0
0
0
0
0
0
0
0
0
2.21458
0
0
0
0
0
2.21458
0
0
0
0
2.21458
0
0
0
0
0
2.21458
0
0
0
0
2.21458
0
0
0
0
0
0
2.21458
0
0
0
0
0
2.21458
0
0
0
2.21458
0
0
0
0
0
0
2.21458
0
0
0
0
0
2.21458
0
0
0
0
0
0
0
0
0
0
2.21458
0
0
0
0
0
2.21458
0
0
0
0
2.21458
0
0
0
0
0
0
2.21458
0
0
0
0
2.21458
0
0
0
0
2.21458
0
0
0
0
0
0
2.21458
0
0
0
0
2.21458
0
0
0
0
0
2.21458
0
0
206.454
971.875
627.529
627.529
627.529
627.529
627.529
627.529
627.529
627.529
74.5555
74.5555
74.5555
74.5555
74.5555
74.5555
74.5555
74.5555
76.6831
74.5555
76.6831
76.6831
74.5555
76.6831
76.6831
76.6831
76.6831
76.6831
76.6831
76.6831
76.6831
76.6831
78.8107
78.8107
78.8107
76.6831
76.6831
78.8107
76.6831
74.5555
74.5555
74.5555
76.6831
76.6831
76.6831
76.6831
74.5555
74.5555
76.6831
76.6831
74.5555
76.6831
76.6831
76.6831
76.6831
78.8107
76.6831
76.6831
76.6831
76.6831
76.6831
74.5555
76.6831
76.6831
76.6831
76.6831
76.6831
74.5555
74.5555
76.6831
74.5555
74.5555
74.5555
74.5555
76.6831
76.6831
76.6831
76.6831
74.5555
76.6831
76.6831
74.5555
76.6831
76.6831
76.6831
76.6831
74.5555
76.6831
76.6831
76.6831
76.6831
76.6831
76.6831
76.6831
76.6831
76.6831
76.6831
74.5555
76.6831
76.6831
76.6831
76.6831
76.6831
74.5555
76.6831
76.6831
74.5555
76.6831
74.5555
76.6831
74.5555
74.5555
76.6831
74.5555
74.5555
74.5555
76.6831
74.5555
74.5555
76.6831
76.6831
76.6831
76.6831
74.5555
76.6831
74.5555
74.5555
76.6831
74.5555
74.5555
76.6831
74.5555
74.5555
74.5555
76.6831
74.5555
74.5555
76.6831
74.5555
76.6831
74.5555
74.5555
76.6831
76.6831
74.5555
74.5555
74.5555
76.6831
74.5555
74.5555
74.5555
76.6831
74.5555
74.5555
74.5555
74.5555
74.5555
74.5555
76.6831
74.5555
74.5555
74.5555
74.5555
76.6831
74.5555
74.5555
74.5555
74.5555
74.5555
76.6831
74.5555
74.5555
74.5555
74.5555
74.5555
74.5555
74.5555
74.5555
74.5555
74.5555
74.5555
74.5555
72.428
74.5555
74.5555
74.5555
74.5555
74.5555
74.5555
72.428
74.5555
74.5555
74.5555
72.428
74.5555
74.5555
72.428
74.5555
74.5555
74.5555
72.428
74.5555
74.5555
72.428
74.5555
72.428
74.5555
72.428
74.5555
74.5555
72.428
74.5555
74.5555
72.428
72.428
74.5555
72.428
74.5555
72.428
74.5555
72.428
74.5555
72.428
72.428
74.5555
72.428
72.428
72.428
72.428
72.428
72.428
74.5555
72.428
74.5555
72.428
72.428
74.5555
72.428
72.428
72.428
74.5555
72.428
72.428
74.5555
72.428
72.428
74.5555
72.428
72.428
74.5555
72.428
72.428
72.428
72.428
72.428
72.428
72.428
72.428
72.428
72.428
72.428
72.428
74.5555
72.428
72.428
72.428
72.428
72.428
72.428
72.428
72.428
72.428
72.428
72.428
72.428
72.428
72.428
72.428
72.428
72.428
72.428
72.428
70.3004
72.428
72.428
72.428
72.428
72.428
72.428
72.428
72.428
72.428
72.428
72.428
72.428
72.428
70.3004
72.428
72.428
72.428
70.3004
72.428
72.428
72.428
70.3004
72.428
72.428
72.428
70.3004
72.428
72.428
70.3004
72.428
72.428
70.3004
72.428
72.428
72.428
70.3004
72.428
72.428
70.3004
72.428
72.428
70.3004
72.428
72.428
70.3004
72.428
70.3004
72.428
70.3004
72.428
70.3004
72.428
70.3004
70.3004
70.3004
70.3004
72.428
70.3004
70.3004
72.428
70.3004
70.3004
72.428
70.3004
72.428
70.3004
72.428
70.3004
72.428
70.3004
70.3004
72.428
70.3004
72.428
70.3004
72.428
70.3004
70.3004
72.428
70.3004
70.3004
70.3004
72.428
70.3004
70.3004
72.428
70.3004
70.3004
72.428
70.3004
70.3004
72.428
70.3004
72.428
70.3004
70.3004
70.3004
72.428
70.3004
70.3004
70.3004
70.3004
70.3004
72.428
70.3004
70.3004
70.3004
70.3004
72.428
70.3004
70.3004
70.3004
70.3004
70.3004
70.3004
70.3004
70.3004
70.3004
70.3004
70.3004
70.3004
70.3004
70.3004
68.1728
70.3004
70.3004
70.3004
70.3004
70.3004
70.3004
70.3004
70.3004
70.3004
70.3004
68.1728
70.3004
70.3004
70.3004
70.3004
70.3004
68.1728
70.3004
70.3004
70.3004
70.3004
70.3004
68.1728
70.3004
70.3004
70.3004
68.1728
70.3004
70.3004
70.3004
68.1728
70.3004
70.3004
70.3004
68.1728
70.3004
70.3004
68.1728
70.3004
70.3004
68.1728
70.3004
70.3004
68.1728
70.3004
68.1728
70.3004
70.3004
68.1728
70.3004
68.1728
70.3004
70.3004
68.1728
70.3004
70.3004
68.1728
70.3004
70.3004
68.1728
70.3004
68.1728
70.3004
68.1728
70.3004
68.1728
70.3004
68.1728
70.3004
68.1728
70.3004
68.1728
70.3004
68.1728
70.3004
68.1728
70.3004
68.1728
70.3004
68.1728
70.3004
68.1728
68.1728
70.3004
68.1728
70.3004
68.1728
68.1728
70.3004
68.1728
68.1728
70.3004
68.1728
70.3004
68.1728
68.1728
68.1728
70.3004
68.1728
68.1728
70.3004
68.1728
68.1728
68.1728
70.3004
68.1728
68.1728
68.1728
70.3004
68.1728
68.1728
68.1728
68.1728
68.1728
70.3004
68.1728
68.1728
68.1728
68.1728
68.1728
70.3004
68.1728
68.1728
68.1728
68.1728
68.1728
68.1728
68.1728
68.1728
68.1728
68.1728
70.3004
68.1728
68.1728
68.1728
68.1728
68.1728
68.1728
68.1728
68.1728
68.1728
68.1728
68.1728
68.1728
66.0452
68.1728
68.1728
68.1728
68.1728
68.1728
68.1728
68.1728
68.1728
68.1728
66.0452
68.1728
68.1728
68.1728
68.1728
68.1728
68.1728
68.1728
68.1728
68.1728
68.1728
68.1728
66.0452
68.1728
68.1728
68.1728
68.1728
68.1728
66.0452
68.1728
68.1728
66.0452
66.0452
68.1728
68.1728
66.0452
68.1728
68.1728
68.1728
66.0452
68.1728
68.1728
68.1728
66.0452
68.1728
68.1728
66.0452
68.1728
68.1728
66.0452
66.0452
68.1728
68.1728
32.0028
0
0
0
0
2.21458
0
0
0
0
0
2.21458
0
0
0
0
0
0
0
0
0
2.21458
2.21458
0
0
0
0
0
2.21458
0
0
0
0
0
2.21458
0
0
0
0
2.21458
0
0
0
0
2.21458
0
0
0
0
0
0
2.21458
0
0
0
0
0
2.21458
0
0
0
0
0
2.21458
0
0
0
0
0
0
0
0
0
0
0
0
0
0
0
0
2.21458
0
0
0
0
0
2.21458
0
0
0
0
0
0
0
0
0
0
0
2.21458
0
0
0
0
2.21458
0
0
0
0
0
0
0
0
0
0
0
2.21458
0
0
0
0
0
2.21458
0
0
0
0
0
2.21458
0
0
0
0
2.21458
0
0
0
0
0
2.21458
0
0
0
0
0
2.21458
0
0
0
0
2.21458
0
0
0
0
2.21458
0
0
0
0
0
0
2.21458
0
0
0
0
2.21458
0
0
0
0
0
2.21458
0
0
0
0
0
2.21458
0
0
0
0
2.21458
0
0
0
0
0
2.21458
0
0
0
0
0
2.21458
0
0
0
0
0
2.21458
0
0
0
0
0
2.21458
0
0
0
0
0
2.21458
0
0
0
0
2.21458
0
0
0
0
0
2.21458
0
0
0
0
0
2.21458
0
0
0
0
2.21458
0
0
0
0
0
2.21458
0
0
0
0
0
2.21458
0
0
0
0
0
0
0
0
0
0
2.21458
0
0
0
0
2.21458
0
0
0
0
0
0
0
0
0
0
2.21458
0
0
0
0
0
2.21458
0
0
0
0
0
2.21458
0
0
0
0
2.21458
2.21458
0
0
0
0
2.21458
0
0
0
0
0
2.21458
0
0
0
0
2.21458
0
0
0
0
0
2.21458
0
0
0
0
0
2.21458
0
0
0
0
2.21458
0
0
0
0
2.21458
0
0
0
0
0
0
0
0
0
0
2.21458
0
0
0
0
0
2.21458
0
0
0
0
0
0
0
0
0
0
2.21458
0
0
0
0
2.21458
0
0
0
0
2.21458
2.21458
0
0
0
0
2.21458
0
0
0
0
0
2.21458
0
0
0
0
0
2.21458
0
0
0
0
2.21458
0
0
0
0
0
2.21458
0
0
0
0
0
2.21458
0
0
0
0
2.21458
0
0
0
0
2.21458
0
0
0
2.21458
0
0
0
0
0
2.21458
0
0
0
0
0
2.21458
0
0
0
0
2.21458
0
0
0
0
0
2.21458
0
0
0
0
2.21458
0
0
0
0
2.21458
0
0
0
0
0
0
0
0
0
0
0
2.21458
0
0
0
0
2.21458
0
0
0
0
2.21458
0
0
0
0
0
2.21458
0
0
0
0
2.21458
0
0
0
0
0
2.21458
0
0
0
0
0
2.21458
0
0
0
0
2.21458
0
0
0
0
0
2.21458
0
0
0
0
0
2.21458
0
0
0
0
2.21458
0
0
0
0
0
2.21458
0
0
0
0
0
2.21458
0
0
0
0
2.21458
0
0
0
0
0
2.21458
0
0
0
0
2.21458
0
0
0
0
0
2.21458
0
0
0
0
2.21458
0
0
0
0
0
2.21458
0
0
0
0
2.21458
0
0
0
0
2.21458
2.21458
0
0
0
0
2.21458
0
0
0
0
2.21458
0
0
0
0
0
2.21458
0
0
0
0
0
2.21458
0
0
0
0
2.21458
0
0
0
0
0
2.21458
0
0
0
0
2.21458
0
0
0
0
0
2.21458
0
0
0
0
2.21458
0
0
0
0
0
2.21458
0
0
0
0
2.21458
0
0
0
0
0
2.21458
0
0
0
0
0
2.21458
0
0
0
0
2.21458
0
0
0
0
0
2.21458
0
0
0
0
2.21458
0
0
0
0
0
2.21458
0
0
0
0
0
2.21458
0
0
0
0
2.21458
0
0
0
0
2.21458
0
0
0
0
2.21458
0
0
0
0
0
2.21458
0
0
0
0
2.21458
0
0
0
0
0
2.21458
0
0
0
0
0
0
0
0
0
0
2.21458
0
0
0
0
2.21458
0
0
0
0
2.21458
0
0
0
0
2.21458
0
0
0
0
0
0
0
0
0
0
2.21458
0
0
0
0
0
2.21458
0
0
0
0
2.21458
0
0
0
0
0
2.21458
0
0
0
0
0
0
0
0
0
0
2.21458
0
0
0
0
0
2.21458
0
0
0
0
0
2.21458
0
0
0
0
0
2.21458
0
0
0
0
2.21458
0
0
0
0
0
2.21458
0
0
0
0
0
2.21458
0
0
0
0
0
2.21458
0
0
0
0
0
2.21458
0
0
0
0
2.21458
0
0
0
0
2.21458
0
0
0
0
2.21458
2.21458
0
0
0
0
2.21458
0
0
0
0
2.21458
0
0
0
0
0
0
0
0
0
0
2.21458
0
0
0
0
2.21458
0
0
0
0
0
0
0
0
0
0
2.21458
0
0
0
0
0
2.21458
0
0
0
0
0
2.21458
0
0
0
0
2.21458
0
0
0
0
2.21458
0
0
0
0
0
2.21458
0
0
0
0
0
2.21458
0
0
0
0
0
0
0
0
0
0
2.21458
0
0
0
0
2.21458
0
0
0
0
2.21458
0
0
0
0
0
2.21458
0
0
0
0
0
2.21458
0
0
0
0
0
0
0
0
0
2.21458
0
0
0
0
0
2.21458
0
0
0
0
0
0
0
0
0
0
0
2.21458
0
0
0
0
2.21458
0
0
0
0
0
2.21458
0
0
0
0
2.21458
0
0
0
0
0
2.21458
0
0
0
0
0
0
0
0
0
0
2.21458
0
0
0
0
0
2.21458
0
0
0
0
2.21458
0
0
0
0
0
2.21458
0
0
0
0
0
2.21458
0
0
0
0
2.21458
0
0
0
0
0
2.21458
0
0
0
0
0
2.21458
0
0
0
0
2.21458
0
0
0
0
0
2.21458
0
0
0
0
0
2.21458
0
0
0
0
0
2.21458
0
0
0
0
2.21458
0
0
0
0
0
2.21458
0
0
0
0
2.21458
0
0
0
0
2.21458
0
0
0
0
0
2.21458
0
0
0
0
0
2.21458
0
0
0
0
0
2.21458
0
0
0
0
2.21458
0
0
0
0
2.21458
0
0
0
0
0
0
0
0
0
0
0
0
0
0
0
0
0
2.21458
0
0
0
0
0
2.21458
0
0
0
0
0
2.21458
0
0
0
0
2.21458
0
0
0
0
0
0
0
0
0
0
0
0
0
0
0
2.21458
2.21458
0
0
0
0
0
0
0
0
0
0
2.21458
0
0
0
2.21458
0
0
0
0
0
0
0
0
0
0
0
2.21458
0
0
0
0
0
2.21458
0
0
0
2.21458
0
0
0
0
0
0
2.21458
0
0
0
0
0
2.21458
0
0
0
0
2.21458
0
0
0
0
0
0
2.21458
0
0
0
0
2.21458
0
0
0
0
0
2.21458
0
0
0
0
2.21458
0
0
0
0
0
2.21458
0
0
0
0
0
2.21458
0
0
0
0
2.21458
0
0
0
0
0
2.21458
0
0
0
0
914.495
842.232
125.616
85.1933
78.8107
78.8107
78.8107
78.8107
76.6831
76.6831
76.6831
76.6831
78.8107
76.6831
76.6831
78.8107
76.6831
76.6831
76.6831
76.6831
78.8107
76.6831
76.6831
78.8107
76.6831
76.6831
78.8107
76.6831
76.6831
78.8107
76.6831
78.8107
78.8107
76.6831
78.8107
78.8107
76.6831
74.5555
76.6831
76.6831
76.6831
74.5555
76.6831
74.5555
76.6831
74.5555
74.5555
74.5555
76.6831
74.5555
76.6831
74.5555
76.6831
78.8107
76.6831
76.6831
74.5555
76.6831
76.6831
76.6831
74.5555
76.6831
74.5555
76.6831
74.5555
76.6831
74.5555
76.6831
74.5555
76.6831
74.5555
76.6831
74.5555
74.5555
76.6831
76.6831
74.5555
76.6831
74.5555
76.6831
74.5555
76.6831
76.6831
76.6831
76.6831
76.6831
76.6831
76.6831
76.6831
76.6831
76.6831
78.8107
78.8107
76.6831
76.6831
74.5555
76.6831
76.6831
76.6831
76.6831
76.6831
76.6831
76.6831
76.6831
74.5555
76.6831
76.6831
76.6831
76.6831
76.6831
76.6831
76.6831
76.6831
74.5555
76.6831
76.6831
76.6831
74.5555
76.6831
76.6831
74.5555
76.6831
76.6831
74.5555
76.6831
76.6831
74.5555
76.6831
76.6831
78.8107
78.8107
76.6831
74.5555
74.5555
76.6831
76.6831
76.6831
74.5555
76.6831
76.6831
74.5555
76.6831
74.5555
76.6831
74.5555
74.5555
76.6831
74.5555
76.6831
74.5555
74.5555
76.6831
74.5555
76.6831
74.5555
74.5555
76.6831
74.5555
74.5555
76.6831
74.5555
74.5555
76.6831
74.5555
74.5555
74.5555
76.6831
74.5555
74.5555
74.5555
74.5555
74.5555
74.5555
74.5555
74.5555
74.5555
74.5555
76.6831
74.5555
74.5555
74.5555
74.5555
74.5555
74.5555
74.5555
74.5555
74.5555
74.5555
74.5555
74.5555
74.5555
74.5555
74.5555
74.5555
74.5555
74.5555
74.5555
74.5555
74.5555
74.5555
74.5555
74.5555
74.5555
74.5555
74.5555
72.428
74.5555
74.5555
74.5555
74.5555
74.5555
74.5555
74.5555
74.5555
72.428
72.428
74.5555
72.428
74.5555
74.5555
72.428
74.5555
72.428
74.5555
72.428
74.5555
74.5555
72.428
74.5555
72.428
74.5555
72.428
74.5555
72.428
72.428
74.5555
74.5555
74.5555
74.5555
72.428
72.428
74.5555
72.428
74.5555
72.428
72.428
74.5555
72.428
72.428
74.5555
72.428
72.428
72.428
74.5555
72.428
72.428
72.428
72.428
72.428
72.428
72.428
74.5555
72.428
72.428
72.428
72.428
72.428
72.428
72.428
72.428
72.428
72.428
72.428
72.428
72.428
72.428
72.428
72.428
72.428
72.428
72.428
72.428
70.3004
72.428
72.428
72.428
72.428
72.428
70.3004
72.428
72.428
70.3004
72.428
72.428
72.428
72.428
70.3004
70.3004
72.428
72.428
72.428
70.3004
72.428
72.428
70.3004
72.428
72.428
70.3004
72.428
72.428
70.3004
72.428
70.3004
72.428
70.3004
72.428
72.428
70.3004
72.428
70.3004
70.3004
72.428
72.428
70.3004
72.428
70.3004
72.428
70.3004
72.428
70.3004
72.428
70.3004
72.428
70.3004
72.428
72.428
70.3004
72.428
70.3004
72.428
70.3004
72.428
70.3004
70.3004
72.428
70.3004
70.3004
72.428
70.3004
72.428
70.3004
70.3004
72.428
70.3004
70.3004
72.428
70.3004
70.3004
72.428
70.3004
70.3004
70.3004
70.3004
72.428
70.3004
70.3004
70.3004
72.428
70.3004
70.3004
70.3004
70.3004
70.3004
72.428
70.3004
70.3004
70.3004
70.3004
72.428
72.428
70.3004
70.3004
70.3004
70.3004
70.3004
70.3004
70.3004
70.3004
72.428
70.3004
70.3004
70.3004
70.3004
70.3004
70.3004
70.3004
70.3004
70.3004
70.3004
70.3004
70.3004
70.3004
70.3004
70.3004
70.3004
68.1728
70.3004
70.3004
70.3004
70.3004
70.3004
70.3004
70.3004
70.3004
70.3004
68.1728
70.3004
70.3004
70.3004
68.1728
68.1728
70.3004
70.3004
68.1728
68.1728
70.3004
70.3004
70.3004
68.1728
70.3004
70.3004
68.1728
70.3004
70.3004
68.1728
70.3004
70.3004
70.3004
68.1728
70.3004
70.3004
68.1728
70.3004
70.3004
70.3004
70.3004
70.3004
70.3004
68.1728
70.3004
70.3004
68.1728
70.3004
68.1728
70.3004
68.1728
70.3004
68.1728
70.3004
68.1728
70.3004
68.1728
70.3004
70.3004
70.3004
68.1728
68.1728
70.3004
68.1728
70.3004
68.1728
70.3004
68.1728
68.1728
70.3004
68.1728
70.3004
68.1728
68.1728
70.3004
68.1728
68.1728
68.1728
68.1728
68.1728
70.3004
68.1728
70.3004
68.1728
68.1728
70.3004
68.1728
68.1728
68.1728
68.1728
68.1728
68.1728
68.1728
68.1728
70.3004
68.1728
68.1728
68.1728
68.1728
68.1728
70.3004
68.1728
68.1728
68.1728
68.1728
68.1728
68.1728
68.1728
68.1728
68.1728
68.1728
68.1728
68.1728
68.1728
68.1728
68.1728
68.1728
68.1728
68.1728
68.1728
68.1728
68.1728
68.1728
68.1728
68.1728
68.1728
66.0452
68.1728
68.1728
68.1728
68.1728
68.1728
68.1728
68.1728
68.1728
68.1728
68.1728
68.1728
68.1728
68.1728
68.1728
66.0452
68.1728
68.1728
68.1728
68.1728
68.1728
66.0452
68.1728
68.1728
55.4071
0
0
2.21458
0
0
0
0
0
2.21458
0
0
0
0
0
0
0
0
0
2.21458
0
0
0
0
0
2.21458
0
0
0
0
0
2.21458
0
0
0
0
0
2.21458
0
0
0
2.21458
0
0
0
0
0
0
2.21458
0
0
0
0
0
2.21458
0
0
0
0
2.21458
0
0
0
0
0
0
0
0
0
0
0
2.21458
0
0
0
0
0
0
0
0
0
0
2.21458
0
0
0
0
0
2.21458
0
0
0
0
2.21458
2.21458
0
0
0
0
2.21458
0
0
0
0
2.21458
0
0
0
0
0
0
2.21458
0
0
0
2.21458
0
0
0
0
0
0
0
0
0
0
0
2.21458
0
0
0
0
2.21458
0
0
0
0
0
0
0
0
0
0
2.21458
0
0
0
0
0
2.21458
0
0
0
0
2.21458
0
0
0
0
2.21458
0
0
0
0
2.21458
2.21458
0
0
0
0
0
2.21458
0
0
0
0
0
0
0
0
0
2.21458
0
0
0
0
0
2.21458
0
0
0
0
0
2.21458
0
0
0
0
2.21458
0
0
0
0
0
0
0
0
0
0
2.21458
0
0
0
0
0
2.21458
0
0
0
2.21458
0
0
0
0
0
0
2.21458
0
0
0
0
0
0
0
0
0
0
0
0
0
0
0
0
0
0
0
0
0
0
0
0
0
2.21458
2.21458
0
0
0
0
0
0
0
0
0
0
0
0
0
2.21458
0
0
0
0
0
0
2.21458
0
0
0
0
2.21458
0
0
0
2.21458
0
0
0
0
0
0
2.21458
0
0
0
2.21458
2.21458
0
0
0
0
0
0
0
0
0
0
2.21458
0
0
0
0
0
2.21458
0
0
0
2.21458
0
0
0
0
0
0
0
0
0
0
0
2.21458
0
0
0
0
0
0
0
0
0
2.21458
0
0
0
2.21458
2.21458
0
0
0
0
0
2.21458
0
0
0
0
2.21458
0
0
0
0
2.21458
0
0
0
0
0
2.21458
0
0
0
0
2.21458
0
0
0
2.21458
0
0
0
0
0
2.21458
0
0
0
0
0
2.21458
0
0
0
2.21458
2.21458
2.21458
0
0
0
2.21458
0
0
0
0
0
2.21458
0
0
0
0
0
0
0
0
0
2.21458
0
0
0
2.21458
2.21458
2.21458
0
0
0
0
0
0
0
0
2.21458
0
0
0
0
2.21458
0
0
0
0
0
0
0
0
0
0
2.21458
0
0
0
0
0
0
0
0
2.21458
0
0
0
0
0
2.21458
0
0
0
0
2.21458
2.21458
0
0
0
0
2.21458
0
0
0
2.21458
2.21458
2.21458
0
0
0
0
0
0
0
2.21458
2.21458
0
0
0
0
0
0
0
0
0
2.21458
0
0
0
0
0
0
0
0
0
0
0
2.21458
0
0
0
0
2.21458
0
0
0
0
2.21458
2.21458
0
0
0
0
0
0
0
0
0
2.21458
0
0
0
0
0
0
0
0
0
0
2.21458
0
0
0
0
0
0
0
0
0
0
0
2.21458
0
0
0
0
0
2.21458
0
0
0
2.21458
2.21458
0
0
0
0
2.21458
0
0
0
0
0
2.21458
0
0
0
0
0
2.21458
0
0
0
2.21458
2.21458
0
0
0
0
2.21458
0
0
0
0
0
2.21458
0
0
0
2.21458
0
0
0
0
0
2.21458
0
0
0
0
0
2.21458
0
0
0
0
0
2.21458
0
0
0
0
2.21458
0
0
0
0
0
0
0
0
0
2.21458
0
0
0
0
0
2.21458
0
0
0
0
0
2.21458
0
0
0
0
0
0
0
0
0
2.21458
0
0
0
0
0
2.21458
0
0
0
2.21458
0
0
0
0
0
0
2.21458
0
0
0
0
2.21458
0
0
0
0
2.21458
0
0
0
0
0
0
2.21458
0
0
0
0
2.21458
0
0
0
0
0
2.21458
0
0
0
0
0
2.21458
0
0
0
0
0
2.21458
0
0
0
0
0
0
0
0
0
0
2.21458
0
0
0
2.21458
0
0
0
0
0
2.21458
0
0
0
0
0
2.21458
0
0
0
0
0
2.21458
0
0
0
0
2.21458
0
0
0
0
0
0
0
0
0
0
0
0
2.21458
0
0
0
0
2.21458
0
0
0
0
0
2.21458
0
0
0
0
0
2.21458
0
0
0
0
2.21458
2.21458
0
0
0
0
0
0
0
0
0
0
0
2.21458
0
0
0
0
2.21458
0
0
0
0
0
0
2.21458
0
0
0
2.21458
0
0
0
0
0
2.21458
0
0
0
0
0
2.21458
0
0
0
0
0
2.21458
0
0
0
0
0
0
0
0
0
2.21458
0
0
0
0
0
0
0
2.21458
0
0
0
0
2.21458
0
0
0
0
0
2.21458
0
0
0
2.21458
0
0
0
0
0
2.21458
2.21458
0
0
0
0
2.21458
2.21458
0
0
0
0
0
2.21458
0
0
0
0
0
2.21458
0
0
0
0
0
0
0
0
0
0
0
2.21458
0
0
0
0
0
0
0
0
0
2.21458
2.21458
0
0
0
0
0
0
0
0
0
0
2.21458
0
0
0
0
2.21458
2.21458
0
0
0
2.21458
0
0
0
0
0
2.21458
0
0
0
0
0
0
2.21458
0
0
0
0
0
2.21458
0
0
0
0
2.21458
0
0
0
0
0
2.21458
0
0
0
0
0
0
0
0
0
0
2.21458
0
0
0
0
0
0
0
0
0
0
0
2.21458
0
0
0
0
2.21458
0
0
0
0
0
2.21458
0
0
0
0
0
2.21458
0
0
0
0
0
2.21458
0
0
0
2.21458
0
0
0
0
0
0
0
0
0
0
0
0
2.21458
0
0
0
0
0
0
0
0
2.21458
0
0
0
0
0
2.21458
0
0
0
0
0
2.21458
0
0
0
0
0
2.21458
0
0
0
0
0
0
0
0
0
0
2.21458
0
0
0
0
0
0
0
0
0
0
0
2.21458
0
0
0
0
0
2.21458
0
0
0
0
0
0
0
0
0
0
0
2.21458
0
0
0
0
0
0
0
0
0
0
2.21458
0
0
0
0
0
2.21458
0
0
0
0
2.21458
0
0
0
0
0
0
0
0
0
0
0
0
2.21458
0
0
0
2.21458
0
0
0
0
0
0
2.21458
0
0
0
0
2.21458
0
0
0
0
0
0
0
0
0
0
2.21458
0
0
0
0
0
0
2.21458
0
0
0
0
0
2.21458
0
0
0
0
0
2.21458
0
0
0
0
0
2.21458
0
0
0
0
0
2.21458
0
0
0
2.21458
2.21458
0
0
0
0
0
2.21458
0
0
0
0
0
0
2.21458
0
0
0
0
0
2.21458
0
0
0
0
0
2.21458
0
0
0
0
0
2.21458
0
0
0
0
2.21458
2.21458
0
0
0
0
0
0
0
0
0
0
0
2.21458
0
0
0
0
0
2.21458
0
0
0
0
0
0
2.21458
0
0
0
0
0
2.21458
0
0
0
0
0
2.21458
0
0
0
0
0
2.21458
0
0
0
0
0
2.21458
0
0
0
0
2.21458
0
0
0
0
353.218
939.998
536.103
93.7035
83.0658
78.8107
78.8107
78.8107
76.6831
78.8107
76.6831
76.6831
76.6831
78.8107
76.6831
76.6831
78.8107
78.8107
76.6831
78.8107
78.8107
76.6831
78.8107
78.8107
78.8107
76.6831
78.8107
78.8107
78.8107
78.8107
78.8107
78.8107
78.8107
80.9382
78.8107
78.8107
76.6831
78.8107
76.6831
76.6831
76.6831
76.6831
76.6831
76.6831
76.6831
76.6831
76.6831
76.6831
76.6831
76.6831
76.6831
78.8107
78.8107
78.8107
76.6831
76.6831
78.8107
76.6831
76.6831
76.6831
76.6831
76.6831
78.8107
76.6831
76.6831
76.6831
76.6831
74.5555
76.6831
74.5555
76.6831
76.6831
76.6831
74.5555
74.5555
74.5555
74.5555
76.6831
74.5555
74.5555
76.6831
74.5555
76.6831
74.5555
76.6831
74.5555
76.6831
74.5555
76.6831
74.5555
76.6831
76.6831
76.6831
74.5555
74.5555
76.6831
76.6831
76.6831
74.5555
76.6831
74.5555
76.6831
76.6831
76.6831
74.5555
76.6831
74.5555
74.5555
76.6831
76.6831
76.6831
74.5555
76.6831
76.6831
74.5555
76.6831
76.6831
74.5555
76.6831
74.5555
76.6831
74.5555
76.6831
74.5555
76.6831
76.6831
76.6831
76.6831
74.5555
76.6831
74.5555
76.6831
76.6831
74.5555
76.6831
76.6831
74.5555
76.6831
74.5555
76.6831
74.5555
76.6831
76.6831
74.5555
74.5555
74.5555
76.6831
74.5555
74.5555
76.6831
74.5555
76.6831
74.5555
74.5555
76.6831
74.5555
74.5555
76.6831
74.5555
76.6831
74.5555
74.5555
76.6831
74.5555
76.6831
76.6831
74.5555
74.5555
74.5555
74.5555
74.5555
74.5555
74.5555
76.6831
74.5555
74.5555
74.5555
74.5555
76.6831
74.5555
74.5555
74.5555
74.5555
72.428
74.5555
74.5555
74.5555
74.5555
74.5555
74.5555
72.428
74.5555
74.5555
74.5555
74.5555
74.5555
74.5555
74.5555
74.5555
74.5555
74.5555
72.428
74.5555
74.5555
72.428
74.5555
74.5555
72.428
72.428
74.5555
72.428
72.428
72.428
74.5555
72.428
74.5555
74.5555
72.428
74.5555
72.428
74.5555
74.5555
72.428
74.5555
72.428
74.5555
72.428
74.5555
72.428
74.5555
74.5555
72.428
72.428
74.5555
72.428
72.428
72.428
74.5555
72.428
72.428
74.5555
72.428
72.428
74.5555
72.428
72.428
74.5555
72.428
74.5555
72.428
72.428
72.428
74.5555
72.428
72.428
72.428
72.428
72.428
70.3004
70.3004
72.428
72.428
72.428
72.428
72.428
72.428
72.428
72.428
72.428
72.428
70.3004
72.428
72.428
72.428
72.428
72.428
72.428
72.428
72.428
72.428
72.428
72.428
70.3004
72.428
72.428
72.428
70.3004
72.428
72.428
72.428
70.3004
72.428
72.428
72.428
72.428
72.428
72.428
72.428
70.3004
70.3004
72.428
70.3004
72.428
72.428
70.3004
72.428
72.428
70.3004
72.428
72.428
70.3004
72.428
72.428
72.428
72.428
70.3004
72.428
70.3004
72.428
70.3004
72.428
70.3004
72.428
70.3004
70.3004
72.428
72.428
72.428
70.3004
72.428
72.428
70.3004
70.3004
72.428
70.3004
70.3004
72.428
70.3004
70.3004
72.428
70.3004
70.3004
70.3004
70.3004
70.3004
70.3004
72.428
70.3004
70.3004
70.3004
70.3004
72.428
72.428
70.3004
70.3004
70.3004
70.3004
72.428
70.3004
70.3004
70.3004
70.3004
70.3004
72.428
70.3004
70.3004
70.3004
70.3004
70.3004
70.3004
70.3004
70.3004
70.3004
70.3004
70.3004
70.3004
70.3004
70.3004
70.3004
70.3004
70.3004
70.3004
70.3004
70.3004
70.3004
70.3004
70.3004
68.1728
70.3004
70.3004
70.3004
70.3004
70.3004
70.3004
68.1728
70.3004
70.3004
70.3004
70.3004
70.3004
70.3004
68.1728
70.3004
70.3004
70.3004
68.1728
70.3004
70.3004
70.3004
70.3004
68.1728
70.3004
70.3004
70.3004
68.1728
70.3004
70.3004
70.3004
70.3004
68.1728
70.3004
70.3004
68.1728
68.1728
70.3004
70.3004
68.1728
70.3004
68.1728
70.3004
70.3004
68.1728
70.3004
68.1728
70.3004
68.1728
70.3004
68.1728
70.3004
68.1728
70.3004
70.3004
70.3004
68.1728
70.3004
70.3004
68.1728
68.1728
70.3004
68.1728
70.3004
68.1728
68.1728
70.3004
68.1728
68.1728
70.3004
68.1728
70.3004
68.1728
68.1728
70.3004
68.1728
68.1728
70.3004
68.1728
70.3004
68.1728
68.1728
68.1728
68.1728
68.1728
68.1728
68.1728
68.1728
68.1728
70.3004
68.1728
68.1728
68.1728
68.1728
68.1728
70.3004
68.1728
68.1728
68.1728
68.1728
68.1728
68.1728
68.1728
68.1728
68.1728
68.1728
70.3004
68.1728
68.1728
68.1728
68.1728
68.1728
68.1728
68.1728
68.1728
68.1728
68.1728
68.1728
68.1728
68.1728
68.1728
68.1728
68.1728
68.1728
68.1728
66.0452
68.1728
68.1728
68.1728
68.1728
68.1728
68.1728
68.1728
68.1728
68.1728
68.1728
66.0452
68.1728
68.1728
68.1728
68.1728
66.0452
68.1728
68.1728
68.1728
66.0452
68.1728
68.1728
66.0452
66.0452
68.1728
68.1728
68.1728
68.1728
68.1728
68.1728
66.0452
68.1728
68.1728
68.1728
66.0452
68.1728
68.1728
66.0452
68.1728
68.1728
66.0452
68.1728
68.1728
17.1089
0
0
0
0
0
2.21458
0
0
0
0
0
0
2.21458
0
0
0
0
0
0
0
0
0
2.21458
0
0
0
0
0
0
2.21458
0
0
0
0
2.21458
0
0
0
0
0
2.21458
0
0
0
0
2.21458
0
0
0
0
0
0
2.21458
0
0
0
0
2.21458
0
0
0
0
2.21458
0
0
0
0
0
0
2.21458
0
0
0
0
0
2.21458
0
0
0
0
0
2.21458
0
0
0
0
0
2.21458
0
0
0
0
0
2.21458
0
0
0
2.21458
2.21458
0
0
0
0
0
2.21458
0
0
0
0
0
2.21458
0
0
0
0
0
2.21458
0
0
0
0
2.21458
0
0
0
0
0
2.21458
0
0
0
0
0
2.21458
0
0
0
0
2.21458
0
0
0
0
2.21458
0
0
0
0
0
2.21458
0
0
0
0
0
2.21458
0
0
0
0
0
2.21458
0
0
0
0
2.21458
0
0
0
0
0
2.21458
0
0
0
0
0
0
0
0
0
0
2.21458
0
0
0
0
0
2.21458
0
0
0
0
0
0
0
0
0
0
2.21458
0
0
0
0
2.21458
0
0
0
0
0
2.21458
0
0
0
0
2.21458
0
0
0
0
0
2.21458
0
0
0
0
0
2.21458
0
0
0
0
0
0
0
0
0
2.21458
0
0
0
0
0
0
2.21458
0
0
0
0
2.21458
0
0
0
0
2.21458
0
0
0
0
0
2.21458
0
0
0
0
0
0
0
0
0
0
0
2.21458
0
0
0
0
2.21458
0
0
0
0
2.21458
0
0
0
0
0
2.21458
0
0
0
0
0
0
2.21458
0
0
0
0
2.21458
0
0
0
0
0
2.21458
0
0
0
0
0
0
0
0
0
0
2.21458
0
0
0
0
0
2.21458
0
0
0
0
0
0
0
0
0
0
2.21458
0
0
0
0
2.21458
2.21458
0
0
0
0
0
0
0
0
0
0
0
0
0
0
0
0
2.21458
0
0
0
0
0
2.21458
0
0
0
0
0
2.21458
0
0
0
0
2.21458
2.21458
0
0
0
0
0
2.21458
0
0
0
0
2.21458
0
0
0
0
2.21458
0
0
0
0
0
2.21458
0
0
0
0
0
2.21458
0
0
0
0
2.21458
0
0
0
0
0
2.21458
0
0
0
0
0
2.21458
0
0
0
0
0
2.21458
0
0
0
0
2.21458
0
0
0
0
0
0
0
0
0
0
0
0
2.21458
0
0
0
0
2.21458
0
0
0
0
2.21458
0
0
0
0
0
2.21458
0
0
0
0
0
0
2.21458
0
0
0
0
0
2.21458
0
0
0
0
2.21458
2.21458
0
0
0
0
2.21458
0
0
0
0
0
2.21458
2.21458
0
0
0
0
0
2.21458
0
0
0
0
0
2.21458
0
0
0
0
0
2.21458
0
0
0
0
2.21458
0
0
0
0
0
2.21458
0
0
0
0
2.21458
0
0
0
0
0
0
0
0
0
0
0
2.21458
0
0
0
0
0
2.21458
0
0
0
0
2.21458
0
0
0
0
0
0
2.21458
0
0
0
0
0
2.21458
0
0
0
2.21458
2.21458
0
0
0
0
0
0
0
0
0
0
0
0
0
0
0
0
2.21458
0
0
0
0
0
2.21458
0
0
0
2.21458
0
0
0
0
0
0
0
0
0
0
0
0
2.21458
0
0
0
0
2.21458
0
0
0
0
2.21458
2.21458
0
0
0
0
2.21458
0
0
0
0
0
2.21458
0
0
0
0
0
0
2.21458
0
0
0
2.21458
2.21458
0
0
0
0
2.21458
2.21458
0
0
0
0
0
2.21458
0
0
0
0
0
2.21458
0
0
0
0
0
0
0
0
0
2.21458
0
0
0
0
0
0
2.21458
0
0
0
0
2.21458
0
0
0
0
0
2.21458
0
0
0
0
0
0
0
0
0
0
0
0
0
0
0
0
2.21458
0
0
0
0
0
0
0
0
0
0
2.21458
0
0
0
0
0
2.21458
0
0
0
0
0
2.21458
0
0
0
0
0
2.21458
0
0
0
0
2.21458
0
0
0
0
0
0
0
0
0
0
0
0
0
0
0
2.21458
2.21458
0
0
0
0
0
2.21458
0
0
0
0
0
2.21458
0
0
0
0
0
2.21458
0
0
0
2.21458
0
0
0
0
0
0
2.21458
0
0
0
0
2.21458
0
0
0
0
0
0
0
0
0
0
0
0
0
0
0
0
2.21458
0
0
0
0
0
2.21458
0
0
0
0
2.21458
0
0
0
0
0
2.21458
0
0
0
0
2.21458
2.21458
0
0
0
0
0
0
0
0
0
0
0
0
0
0
0
0
0
2.21458
0
0
0
0
2.21458
2.21458
0
0
0
0
0
0
0
0
0
0
0
0
0
0
0
0
0
2.21458
0
0
0
0
0
2.21458
0
0
0
0
2.21458
0
0
0
0
0
2.21458
0
0
0
0
0
2.21458
0
0
0
0
0
2.21458
0
0
0
0
2.21458
2.21458
0
0
0
0
0
2.21458
0
0
0
0
0
0
0
0
0
0
0
0
0
0
0
0
0
0
0
0
0
0
2.21458
0
0
0
0
2.21458
0
0
0
0
0
0
0
0
0
0
0
0
0
0
0
0
0
2.21458
0
0
0
2.21458
0
0
0
0
0
0
0
0
0
0
0
0
0
0
0
0
0
0
0
0
0
0
0
0
2.21458
0
0
0
0
2.21458
0
0
0
0
0
0
2.21458
0
0
0
0
0
2.21458
0
0
0
0
0
2.21458
0
0
0
0
0
0
0
0
0
0
0
0
0
0
0
0
0
0
0
0
0
0
0
2.21458
0
0
0
0
2.21458
0
0
0
0
0
0
0
0
0
0
0
0
2.21458
0
0
0
0
0
0
0
0
0
0
0
0
0
0
0
0
2.21458
0
0
0
0
2.21458
0
0
0
0
0
2.21458
2.21458
0
0
0
0
0
2.21458
0
0
0
0
0
2.21458
0
0
0
0
2.21458
0
0
0
0
2.21458
0
0
0
0
0
2.21458
0
0
0
0
0
0
0
0
0
0
0
2.21458
0
0
0
0
2.21458
0
0
0
0
0
2.21458
0
0
0
0
2.21458
0
0
0
0
0
0
0
0
0
0
0
0
0
0
0
0
0
2.21458
0
0
0
0
0
2.21458
0
0
0
0
0
0
0
0
0
0
0
0
0
0
0
0
0
0
0
0
0
0
0
0
0
0
0
0
0
0
0
0
0
0
0
2.21458
0
0
0
0
2.21458
0
0
0
0
0
0
0
0
0
0
0
2.21458
0
0
0
0
0
0
0
0
0
0
2.21458
2.21458
0
0
0
0
0
2.21458
0
0
0
0
0
0
0
0
0
0
0
0
0
0
0
0
0
2.21458
0
0
0
0
0
2.21458
0
0
0
2.21458
0
0
0
0
0
0
0
0
0
0
0
0
0
0
0
0
0
0
0
0
0
0
0
0
0
0
0
0
0
2.21458
0
0
482.943
455.299
93.7035
93.7035
80.9382
80.9382
76.6831
78.8107
76.6831
76.6831
76.6831
76.6831
76.6831
76.6831
76.6831
78.8107
76.6831
76.6831
76.6831
78.8107
76.6831
78.8107
78.8107
78.8107
76.6831
78.8107
78.8107
76.6831
78.8107
78.8107
78.8107
78.8107
78.8107
78.8107
78.8107
76.6831
76.6831
76.6831
76.6831
76.6831
76.6831
76.6831
76.6831
76.6831
76.6831
76.6831
76.6831
76.6831
76.6831
76.6831
76.6831
76.6831
76.6831
76.6831
78.8107
74.5555
76.6831
76.6831
74.5555
76.6831
76.6831
74.5555
74.5555
74.5555
76.6831
74.5555
76.6831
76.6831
74.5555
74.5555
76.6831
74.5555
74.5555
76.6831
74.5555
76.6831
74.5555
76.6831
74.5555
76.6831
74.5555
76.6831
74.5555
76.6831
76.6831
76.6831
74.5555
76.6831
76.6831
76.6831
76.6831
76.6831
74.5555
76.6831
74.5555
76.6831
76.6831
74.5555
76.6831
76.6831
76.6831
76.6831
74.5555
76.6831
76.6831
74.5555
76.6831
74.5555
76.6831
76.6831
78.8107
74.5555
76.6831
76.6831
76.6831
74.5555
76.6831
76.6831
74.5555
76.6831
74.5555
74.5555
74.5555
76.6831
74.5555
76.6831
74.5555
76.6831
74.5555
76.6831
74.5555
74.5555
76.6831
74.5555
74.5555
76.6831
74.5555
76.6831
74.5555
74.5555
76.6831
74.5555
74.5555
76.6831
74.5555
74.5555
74.5555
74.5555
76.6831
74.5555
74.5555
74.5555
74.5555
76.6831
74.5555
74.5555
74.5555
74.5555
74.5555
74.5555
74.5555
74.5555
74.5555
74.5555
74.5555
74.5555
74.5555
74.5555
74.5555
74.5555
76.6831
74.5555
74.5555
74.5555
74.5555
72.428
74.5555
74.5555
74.5555
74.5555
74.5555
74.5555
74.5555
74.5555
74.5555
74.5555
74.5555
74.5555
72.428
74.5555
74.5555
74.5555
74.5555
74.5555
74.5555
72.428
74.5555
74.5555
74.5555
74.5555
74.5555
74.5555
72.428
74.5555
74.5555
72.428
72.428
74.5555
72.428
74.5555
72.428
74.5555
72.428
74.5555
74.5555
72.428
74.5555
72.428
74.5555
72.428
74.5555
72.428
74.5555
72.428
72.428
74.5555
72.428
74.5555
72.428
74.5555
72.428
72.428
74.5555
72.428
72.428
74.5555
72.428
72.428
74.5555
72.428
72.428
72.428
72.428
74.5555
72.428
72.428
72.428
74.5555
72.428
72.428
72.428
72.428
72.428
74.5555
72.428
72.428
72.428
72.428
72.428
72.428
74.5555
74.5555
72.428
72.428
72.428
72.428
72.428
72.428
72.428
72.428
72.428
72.428
72.428
72.428
72.428
70.3004
72.428
72.428
72.428
72.428
72.428
72.428
72.428
72.428
70.3004
72.428
72.428
72.428
72.428
70.3004
72.428
72.428
72.428
72.428
70.3004
72.428
72.428
70.3004
72.428
72.428
72.428
72.428
72.428
72.428
70.3004
72.428
72.428
70.3004
72.428
72.428
72.428
70.3004
70.3004
70.3004
72.428
72.428
70.3004
72.428
70.3004
72.428
70.3004
72.428
70.3004
72.428
70.3004
72.428
70.3004
72.428
72.428
70.3004
72.428
72.428
70.3004
70.3004
70.3004
70.3004
70.3004
70.3004
72.428
70.3004
70.3004
72.428
70.3004
72.428
70.3004
70.3004
72.428
70.3004
70.3004
72.428
70.3004
70.3004
70.3004
72.428
70.3004
70.3004
70.3004
70.3004
70.3004
70.3004
70.3004
70.3004
70.3004
70.3004
70.3004
70.3004
70.3004
70.3004
70.3004
70.3004
70.3004
70.3004
70.3004
70.3004
70.3004
70.3004
70.3004
70.3004
70.3004
70.3004
70.3004
70.3004
70.3004
70.3004
68.1728
70.3004
70.3004
70.3004
70.3004
70.3004
70.3004
70.3004
70.3004
70.3004
70.3004
70.3004
70.3004
70.3004
70.3004
70.3004
70.3004
70.3004
68.1728
70.3004
70.3004
70.3004
70.3004
68.1728
70.3004
70.3004
70.3004
68.1728
70.3004
70.3004
68.1728
70.3004
68.1728
70.3004
70.3004
70.3004
68.1728
70.3004
68.1728
70.3004
70.3004
68.1728
70.3004
68.1728
70.3004
68.1728
70.3004
70.3004
68.1728
68.1728
70.3004
68.1728
68.1728
70.3004
70.3004
70.3004
70.3004
70.3004
68.1728
70.3004
68.1728
70.3004
68.1728
68.1728
70.3004
68.1728
70.3004
68.1728
68.1728
70.3004
68.1728
70.3004
68.1728
68.1728
68.1728
70.3004
68.1728
68.1728
68.1728
70.3004
68.1728
68.1728
68.1728
68.1728
70.3004
68.1728
68.1728
68.1728
68.1728
70.3004
68.1728
68.1728
68.1728
68.1728
68.1728
68.1728
68.1728
70.3004
68.1728
68.1728
68.1728
68.1728
68.1728
68.1728
68.1728
68.1728
68.1728
68.1728
68.1728
68.1728
68.1728
68.1728
68.1728
68.1728
68.1728
68.1728
68.1728
68.1728
68.1728
68.1728
68.1728
66.0452
66.0452
68.1728
68.1728
68.1728
68.1728
68.1728
68.1728
66.0452
68.1728
68.1728
68.1728
68.1728
66.0452
68.1728
68.1728
68.1728
68.1728
66.0452
68.1728
68.1728
68.1728
68.1728
68.1728
68.1728
66.0452
68.1728
68.1728
68.1728
68.1728
66.0452
68.1728
68.1728
66.0452
68.1728
68.1728
66.0452
68.1728
68.1728
66.0452
68.1728
68.1728
66.0452
68.1728
68.1728
66.0452
68.1728
66.0452
68.1728
68.1728
66.0452
0
0
0
0
0
2.21458
0
0
0
0
0
2.21458
0
0
0
0
0
2.21458
0
0
0
0
0
2.21458
0
0
0
0
0
0
0
0
0
0
2.21458
0
0
0
0
0
0
2.21458
0
0
0
0
0
2.21458
0
0
0
0
2.21458
0
0
0
0
0
2.21458
2.21458
0
0
0
0
2.21458
0
0
0
0
0
2.21458
0
0
0
0
0
2.21458
0
0
0
0
0
2.21458
0
0
0
0
0
0
0
0
0
0
2.21458
0
0
0
0
0
2.21458
0
0
0
0
0
2.21458
0
0
0
0
0
2.21458
0
0
0
0
0
2.21458
0
0
0
0
0
2.21458
0
0
0
0
0
2.21458
0
0
0
0
0
2.21458
0
0
0
0
2.21458
0
0
0
0
0
2.21458
0
0
0
0
0
2.21458
0
0
0
0
0
2.21458
0
0
0
0
2.21458
0
0
0
0
0
2.21458
0
0
0
0
2.21458
0
0
0
0
0
2.21458
0
0
0
0
0
2.21458
0
0
0
0
2.21458
0
0
0
0
0
2.21458
0
0
0
0
0
2.21458
0
0
0
0
2.21458
0
0
0
0
0
2.21458
0
0
0
0
0
2.21458
0
0
0
0
2.21458
0
0
0
0
0
2.21458
0
0
0
0
0
2.21458
0
0
0
0
0
2.21458
0
0
0
0
0
2.21458
0
0
0
0
2.21458
0
0
0
0
0
2.21458
0
0
0
0
0
2.21458
0
0
0
0
0
2.21458
0
0
0
0
0
2.21458
0
0
0
0
2.21458
0
0
0
0
0
2.21458
0
0
0
0
0
2.21458
0
0
0
0
0
2.21458
0
0
0
0
2.21458
0
0
0
0
0
2.21458
0
0
0
2.21458
0
0
0
0
0
0
2.21458
0
0
0
0
2.21458
0
0
0
0
0
2.21458
0
0
0
0
0
2.21458
0
0
0
0
0
2.21458
0
0
0
0
0
2.21458
0
0
0
0
0
2.21458
0
0
0
0
0
2.21458
0
0
0
0
2.21458
0
0
0
0
0
2.21458
0
0
0
0
2.21458
0
0
0
0
0
2.21458
0
0
0
0
0
2.21458
0
0
0
0
2.21458
0
0
0
0
0
2.21458
0
0
0
0
0
2.21458
0
0
0
0
0
2.21458
0
0
0
0
0
2.21458
0
0
0
0
0
2.21458
0
0
0
0
2.21458
0
0
0
0
0
0
2.21458
0
0
0
0
2.21458
0
0
0
0
0
2.21458
0
0
0
0
2.21458
0
0
0
0
0
2.21458
0
0
0
0
0
2.21458
0
0
0
0
2.21458
0
0
0
0
0
2.21458
0
0
0
0
0
0
2.21458
0
0
0
0
2.21458
0
0
0
0
0
2.21458
0
0
0
0
2.21458
0
0
0
0
0
2.21458
0
0
0
0
0
2.21458
0
0
0
0
0
2.21458
0
0
0
0
0
2.21458
0
0
0
0
0
2.21458
0
0
0
0
0
2.21458
0
0
0
0
2.21458
0
0
0
0
0
2.21458
0
0
0
0
0
2.21458
0
0
0
0
0
2.21458
0
0
0
0
2.21458
0
0
0
0
0
2.21458
0
0
0
0
0
2.21458
0
0
0
0
2.21458
2.21458
0
0
0
0
2.21458
0
0
0
0
0
2.21458
0
0
0
0
0
2.21458
0
0
0
0
0
2.21458
0
0
0
0
2.21458
0
0
0
0
0
2.21458
0
0
0
0
0
2.21458
0
0
0
0
0
2.21458
0
0
0
0
2.21458
0
0
0
0
0
2.21458
0
0
0
0
0
2.21458
0
0
0
0
0
2.21458
0
0
0
0
2.21458
0
0
0
0
0
2.21458
0
0
0
0
0
2.21458
0
0
0
0
0
2.21458
0
0
0
0
0
2.21458
0
0
0
0
2.21458
0
0
0
0
0
2.21458
0
0
0
0
2.21458
0
0
0
0
0
2.21458
0
0
0
0
0
2.21458
0
0
0
0
2.21458
0
0
0
0
0
2.21458
0
0
0
0
0
2.21458
0
0
0
0
0
2.21458
0
0
0
0
0
2.21458
0
0
0
0
2.21458
0
0
0
0
0
2.21458
0
0
0
0
0
2.21458
0
0
0
0
0
2.21458
0
0
0
0
0
2.21458
0
0
0
0
2.21458
0
0
0
0
0
2.21458
0
0
0
0
2.21458
0
0
0
0
0
2.21458
0
0
0
0
0
2.21458
0
0
0
0
0
2.21458
0
0
0
0
2.21458
0
0
0
0
0
2.21458
0
0
0
0
2.21458
0
0
0
0
0
2.21458
0
0
0
0
0
2.21458
0
0
0
0
2.21458
0
0
0
0
0
2.21458
0
0
0
0
0
2.21458
0
0
0
0
0
2.21458
0
0
0
0
0
2.21458
0
0
0
0
2.21458
0
0
0
0
0
2.21458
0
0
0
0
0
2.21458
0
0
0
0
0
2.21458
0
0
0
0
2.21458
0
0
0
0
0
2.21458
0
0
0
0
2.21458
0
0
0
0
0
2.21458
0
0
0
0
2.21458
0
0
0
0
0
2.21458
0
0
0
0
0
2.21458
0
0
0
0
2.21458
0
0
0
0
0
2.21458
0
0
0
0
0
2.21458
0
0
0
0
2.21458
0
0
0
0
2.21458
0
0
0
0
0
2.21458
0
0
0
0
2.21458
0
0
0
0
0
2.21458
0
0
0
0
2.21458
0
0
0
0
0
2.21458
0
0
0
0
0
2.21458
0
0
0
0
2.21458
0
0
0
0
0
2.21458
0
0
0
0
0
2.21458
0
0
0
0
2.21458
0
0
0
0
0
2.21458
0
0
0
0
0
2.21458
0
0
0
0
2.21458
0
0
0
0
0
2.21458
0
0
0
0
0
2.21458
0
0
0
0
2.21458
0
0
0
0
0
2.21458
0
0
0
0
2.21458
0
0
0
0
0
0
0
0
0
0
2.21458
0
0
0
0
0
2.21458
0
0
0
0
2.21458
0
0
0
0
0
2.21458
0
0
0
0
0
2.21458
0
0
0
0
0
2.21458
0
0
0
0
0
2.21458
0
0
0
0
0
2.21458
0
0
0
0
2.21458
0
0
0
0
0
2.21458
0
0
0
0
0
2.21458
0
0
0
0
0
2.21458
0
0
0
0
2.21458
0
0
0
0
0
2.21458
0
0
0
0
0
2.21458
0
0
0
0
2.21458
0
0
0
0
0
2.21458
0
0
0
0
2.21458
0
0
0
0
0
2.21458
0
0
0
0
0
2.21458
0
0
0
0
0
2.21458
0
0
0
0
2.21458
0
0
0
0
0
2.21458
0
0
0
0
0
2.21458
0
0
0
0
0
2.21458
0
0
0
0
2.21458
0
0
0
0
2.21458
0
0
0
0
0
2.21458
0
0
0
0
2.21458
0
0
0
0
0
2.21458
0
0
0
0
0
2.21458
0
0
0
0
0
2.21458
0
0
0
0
0
2.21458
0
0
0
0
0
2.21458
0
0
0
0
0
2.21458
0
0
0
0
0
2.21458
0
0
0
0
2.21458
0
0
0
0
0
2.21458
0
0
0
0
0
2.21458
0
0
0
0
0
2.21458
0
0
0
0
2.21458
0
0
0
0
0
2.21458
0
0
0
0
2.21458
0
0
0
0
0
2.21458
0
704.064
899.618
268.141
80.9382
80.9382
78.8107
76.6831
78.8107
76.6831
76.6831
76.6831
76.6831
78.8107
76.6831
76.6831
76.6831
78.8107
76.6831
76.6831
76.6831
78.8107
76.6831
76.6831
76.6831
78.8107
78.8107
76.6831
78.8107
78.8107
78.8107
80.9382
80.9382
78.8107
78.8107
78.8107
78.8107
78.8107
76.6831
76.6831
76.6831
76.6831
76.6831
76.6831
76.6831
76.6831
76.6831
76.6831
78.8107
76.6831
80.9382
80.9382
76.6831
76.6831
76.6831
76.6831
74.5555
76.6831
74.5555
76.6831
74.5555
76.6831
74.5555
74.5555
76.6831
74.5555
76.6831
74.5555
76.6831
74.5555
74.5555
76.6831
74.5555
74.5555
76.6831
74.5555
76.6831
74.5555
76.6831
74.5555
76.6831
74.5555
74.5555
76.6831
76.6831
74.5555
76.6831
76.6831
74.5555
76.6831
74.5555
76.6831
76.6831
76.6831
76.6831
74.5555
76.6831
76.6831
74.5555
76.6831
76.6831
76.6831
76.6831
76.6831
76.6831
74.5555
76.6831
76.6831
74.5555
76.6831
76.6831
74.5555
76.6831
76.6831
76.6831
74.5555
76.6831
76.6831
74.5555
76.6831
76.6831
76.6831
76.6831
74.5555
76.6831
76.6831
76.6831
74.5555
76.6831
74.5555
76.6831
76.6831
76.6831
74.5555
74.5555
76.6831
74.5555
74.5555
76.6831
74.5555
76.6831
74.5555
76.6831
74.5555
74.5555
76.6831
74.5555
74.5555
76.6831
74.5555
74.5555
76.6831
74.5555
74.5555
74.5555
76.6831
74.5555
74.5555
74.5555
76.6831
74.5555
76.6831
76.6831
74.5555
76.6831
74.5555
74.5555
76.6831
74.5555
74.5555
74.5555
74.5555
74.5555
74.5555
74.5555
74.5555
74.5555
74.5555
74.5555
74.5555
74.5555
74.5555
74.5555
74.5555
74.5555
74.5555
74.5555
74.5555
74.5555
74.5555
74.5555
74.5555
74.5555
72.428
74.5555
74.5555
74.5555
74.5555
74.5555
72.428
74.5555
74.5555
74.5555
72.428
74.5555
74.5555
74.5555
74.5555
72.428
74.5555
74.5555
74.5555
74.5555
72.428
74.5555
74.5555
74.5555
74.5555
74.5555
72.428
74.5555
74.5555
72.428
74.5555
72.428
74.5555
72.428
72.428
74.5555
74.5555
74.5555
72.428
74.5555
74.5555
72.428
72.428
72.428
74.5555
72.428
72.428
74.5555
72.428
74.5555
74.5555
72.428
72.428
72.428
74.5555
72.428
74.5555
72.428
72.428
72.428
72.428
74.5555
72.428
72.428
72.428
74.5555
72.428
72.428
74.5555
72.428
72.428
72.428
72.428
72.428
72.428
72.428
72.428
72.428
74.5555
72.428
72.428
72.428
72.428
72.428
72.428
72.428
72.428
72.428
72.428
72.428
72.428
72.428
72.428
72.428
72.428
72.428
72.428
72.428
72.428
72.428
72.428
72.428
72.428
70.3004
72.428
72.428
72.428
72.428
70.3004
72.428
72.428
72.428
72.428
70.3004
72.428
72.428
72.428
72.428
70.3004
72.428
72.428
72.428
70.3004
72.428
72.428
70.3004
72.428
70.3004
72.428
72.428
70.3004
72.428
70.3004
72.428
72.428
70.3004
72.428
70.3004
72.428
70.3004
72.428
70.3004
72.428
70.3004
72.428
70.3004
72.428
70.3004
72.428
70.3004
70.3004
72.428
70.3004
70.3004
72.428
70.3004
72.428
70.3004
70.3004
72.428
70.3004
70.3004
72.428
70.3004
70.3004
72.428
70.3004
70.3004
70.3004
72.428
70.3004
70.3004
70.3004
72.428
70.3004
70.3004
70.3004
70.3004
72.428
70.3004
70.3004
70.3004
70.3004
72.428
70.3004
70.3004
70.3004
70.3004
70.3004
70.3004
70.3004
70.3004
72.428
70.3004
70.3004
70.3004
70.3004
70.3004
70.3004
70.3004
70.3004
72.428
70.3004
70.3004
70.3004
70.3004
70.3004
70.3004
70.3004
70.3004
70.3004
70.3004
70.3004
70.3004
70.3004
70.3004
70.3004
70.3004
70.3004
70.3004
70.3004
70.3004
70.3004
70.3004
68.1728
70.3004
70.3004
70.3004
70.3004
70.3004
68.1728
68.1728
70.3004
70.3004
70.3004
68.1728
70.3004
70.3004
70.3004
68.1728
70.3004
70.3004
70.3004
70.3004
68.1728
70.3004
70.3004
70.3004
70.3004
70.3004
68.1728
70.3004
70.3004
68.1728
68.1728
70.3004
68.1728
70.3004
70.3004
68.1728
70.3004
70.3004
68.1728
70.3004
70.3004
68.1728
70.3004
68.1728
70.3004
68.1728
70.3004
68.1728
70.3004
70.3004
68.1728
70.3004
68.1728
70.3004
70.3004
68.1728
70.3004
68.1728
68.1728
70.3004
68.1728
70.3004
68.1728
68.1728
70.3004
68.1728
68.1728
70.3004
68.1728
68.1728
68.1728
70.3004
68.1728
68.1728
68.1728
68.1728
68.1728
68.1728
68.1728
70.3004
68.1728
68.1728
70.3004
68.1728
68.1728
68.1728
68.1728
70.3004
68.1728
68.1728
68.1728
68.1728
68.1728
70.3004
68.1728
68.1728
68.1728
68.1728
68.1728
68.1728
66.0452
66.0452
68.1728
68.1728
68.1728
68.1728
68.1728
68.1728
66.0452
68.1728
68.1728
68.1728
66.0452
68.1728
68.1728
68.1728
68.1728
66.0452
68.1728
68.1728
68.1728
66.0452
68.1728
68.1728
66.0452
68.1728
68.1728
66.0452
68.1728
68.1728
68.1728
68.1728
68.1728
66.0452
66.0452
0
0
0
0
0
2.21458
0
0
0
0
0
2.21458
0
0
0
0
0
2.21458
0
0
0
0
0
2.21458
0
0
0
2.21458
2.21458
0
0
0
0
0
0
0
0
0
0
2.21458
0
0
0
0
0
2.21458
0
0
0
0
0
2.21458
0
0
0
0
2.21458
0
0
0
0
0
0
0
0
0
2.21458
2.21458
0
0
0
0
2.21458
0
0
0
0
0
0
2.21458
0
0
0
0
0
2.21458
0
0
0
2.21458
0
0
0
0
0
2.21458
2.21458
0
0
0
0
0
2.21458
0
0
0
0
0
2.21458
0
0
0
0
2.21458
0
0
0
0
2.21458
2.21458
2.21458
2.21458
2.21458
2.21458
2.21458
2.21458
2.21458
2.21458
2.21458
2.21458
2.21458
2.21458
2.21458
2.21458
2.21458
2.21458
2.21458
2.21458
2.21458
2.21458
2.21458
2.21458
2.21458
2.21458
2.21458
2.21458
2.21458
2.21458
2.21458
2.21458
2.21458
2.21458
2.21458
2.21458
2.21458
2.21458
2.21458
2.21458
2.21458
2.21458
2.21458
2.21458
2.21458
2.21458
2.21458
2.21458
2.21458
2.21458
2.21458
2.21458
2.21458
2.21458
2.21458
2.21458
2.21458
2.21458
2.21458
2.21458
2.21458
2.21458
2.21458
2.21458
2.21458
2.21458
2.21458
2.21458
2.21458
2.21458
2.21458
2.21458
2.21458
2.21458
2.21458
2.21458
2.21458
2.21458
2.21458
2.21458
2.21458
2.21458
0
0
0
0
2.21458
0
0
0
0
0
0
2.21458
0
0
0
0
0
2.21458
0
0
0
0
0
2.21458
0
0
0
0
2.21458
2.21458
0
0
0
0
2.21458
0
0
0
0
0
2.21458
0
0
0
0
0
2.21458
0
0
0
0
0
0
0
0
0
0
2.21458
0
0
0
0
0
2.21458
0
0
0
0
2.21458
0
0
0
0
0
0
0
0
0
0
2.21458
0
0
0
0
0
2.21458
0
0
0
0
2.21458
0
0
0
0
0
0
2.21458
0
0
0
0
0
2.21458
0
0
0
0
0
2.21458
0
0
0
2.21458
0
0
0
0
0
0
2.21458
0
0
0
0
0
2.21458
0
0
0
0
2.21458
0
0
0
0
0
2.21458
0
0
0
0
0
2.21458
0
0
0
0
0
2.21458
0
0
0
0
0
2.21458
0
0
0
0
2.21458
0
0
0
0
0
2.21458
0
0
0
0
2.21458
0
0
0
0
0
2.21458
0
0
0
0
0
2.21458
0
0
0
0
0
2.21458
0
0
0
0
0
2.21458
0
0
0
0
0
0
0
0
0
0
0
2.21458
0
0
0
0
0
2.21458
0
0
0
0
2.21458
0
0
0
0
0
2.21458
0
0
0
0
0
2.21458
0
0
0
0
0
2.21458
0
0
0
2.21458
2.21458
0
0
0
0
0
2.21458
0
0
0
0
0
2.21458
0
0
0
0
2.21458
0
0
0
0
0
0
0
0
0
0
0
2.21458
0
0
0
0
0
2.21458
0
0
0
0
0
2.21458
0
0
0
0
2.21458
0
0
0
0
2.21458
0
0
0
0
0
0
0
2.21458
0
0
0
0
0
2.21458
0
0
0
0
0
2.21458
2.21458
0
0
0
2.21458
0
0
0
0
0
2.21458
0
0
0
0
0
2.21458
0
0
0
0
0
0
0
0
0
0
2.21458
0
0
0
0
0
2.21458
0
0
0
0
0
2.21458
0
0
0
0
0
0
2.21458
0
0
0
0
0
2.21458
0
0
0
0
0
2.21458
0
0
0
0
0
0
0
0
0
0
0
2.21458
0
0
0
0
2.21458
0
0
0
0
0
2.21458
0
0
0
0
0
2.21458
0
0
0
0
2.21458
0
0
0
0
0
0
0
0
0
0
0
2.21458
0
0
0
0
0
2.21458
0
0
0
0
0
2.21458
0
0
0
0
0
2.21458
0
0
0
0
0
2.21458
0
0
0
0
2.21458
0
0
0
0
0
2.21458
0
0
0
0
0
2.21458
0
0
0
0
0
2.21458
0
0
0
0
2.21458
0
0
0
0
0
2.21458
0
0
0
0
2.21458
0
0
0
0
0
2.21458
0
0
0
0
0
2.21458
0
0
0
0
0
2.21458
0
0
0
0
0
2.21458
0
0
0
0
0
2.21458
0
0
0
0
0
2.21458
0
0
0
0
0
2.21458
0
0
0
0
0
2.21458
0
0
0
0
0
2.21458
0
0
0
0
0
0
0
0
0
0
0
2.21458
0
0
0
0
0
2.21458
0
0
0
0
2.21458
0
0
0
0
0
2.21458
0
0
0
0
0
2.21458
0
0
0
0
0
2.21458
0
0
0
0
0
2.21458
0
0
0
0
2.21458
0
0
0
0
0
0
2.21458
0
0
0
0
2.21458
0
0
0
0
0
2.21458
0
0
0
0
0
2.21458
0
0
0
0
0
2.21458
0
0
0
0
0
2.21458
0
0
0
0
0
2.21458
0
0
0
0
0
2.21458
0
0
0
0
0
2.21458
0
0
0
0
2.21458
0
0
0
0
0
0
2.21458
0
0
0
0
2.21458
0
0
0
0
0
2.21458
0
0
0
0
0
2.21458
0
0
0
0
2.21458
2.21458
2.21458
0
0
2.21458
2.21458
0
0
0
0
2.21458
0
0
0
0
0
2.21458
0
0
0
0
0
2.21458
0
0
0
0
2.21458
0
0
0
0
0
2.21458
0
0
0
0
0
2.21458
0
0
0
0
0
2.21458
0
0
0
0
2.21458
0
0
0
0
0
0
0
0
0
0
0
2.21458
0
0
0
0
2.21458
0
0
0
0
0
2.21458
0
0
0
0
0
2.21458
0
0
0
0
0
2.21458
0
0
0
0
0
2.21458
0
0
0
0
0
2.21458
0
0
0
0
0
2.21458
0
0
0
0
2.21458
0
0
0
0
0
2.21458
0
0
0
0
0
2.21458
0
0
0
0
0
2.21458
0
0
0
0
0
2.21458
0
0
0
0
0
2.21458
0
0
0
0
2.21458
0
0
0
0
0
2.21458
0
0
0
0
0
0
0
0
0
0
2.21458
0
0
0
0
0
2.21458
0
0
0
0
2.21458
0
0
0
0
0
2.21458
0
0
0
0
0
2.21458
0
0
0
0
2.21458
2.21458
0
0
0
0
0
2.21458
0
0
0
0
0
0
0
0
0
0
0
0
0
0
0
2.21458
2.21458
0
0
0
0
0
2.21458
0
0
0
0
0
2.21458
0
0
0
0
0
2.21458
0
0
0
0
2.21458
0
0
0
0
0
0
0
0
0
0
0
2.21458
2.21458
0
0
0
0
0
0
0
0
0
0
2.21458
2.21458
0
0
0
0
2.21458
2.21458
0
0
0
2.21458
0
0
0
0
0
0
0
0
0
0
0
0
0
0
0
0
0
2.21458
0
0
0
0
2.21458
0
0
0
0
0
0
0
0
0
0
0
2.21458
0
0
0
0
2.21458
2.21458
0
0
0
0
2.21458
2.21458
0
0
0
0
0
2.21458
0
0
0
0
2.21458
0
0
0
0
2.21458
0
0
0
0
0
0
2.21458
0
0
0
0
0
0
0
0
0
0
2.21458
0
0
0
0
2.21458
0
0
0
0
0
0
0
0
0
0
0
0
2.21458
0
0
0
0
2.21458
0
0
0
0
0
2.21458
0
0
0
0
0
2.21458
0
0
0
0
2.21458
0
0
0
0
0
2.21458
0
0
0
0
2.21458
2.21458
0
0
0
0
0
0
0
0
0
0
0
0
0
0
0
2.21458
0
0
0
0
0
2.21458
0
0
0
0
0
0
0
0
0
0
0
0
0
0
0
886.866
854.985
151.145
85.1933
78.8107
78.8107
78.8107
78.8107
76.6831
76.6831
76.6831
76.6831
78.8107
76.6831
78.8107
76.6831
78.8107
76.6831
76.6831
78.8107
76.6831
76.6831
78.8107
78.8107
76.6831
78.8107
78.8107
76.6831
78.8107
78.8107
78.8107
78.8107
78.8107
78.8107
78.8107
76.6831
78.8107
74.5555
78.8107
76.6831
76.6831
76.6831
76.6831
74.5555
76.6831
78.8107
76.6831
76.6831
74.5555
74.5555
78.8107
78.8107
78.8107
76.6831
76.6831
76.6831
76.6831
76.6831
76.6831
76.6831
76.6831
76.6831
76.6831
76.6831
76.6831
76.6831
76.6831
76.6831
76.6831
76.6831
76.6831
76.6831
76.6831
76.6831
76.6831
76.6831
78.8107
76.6831
76.6831
76.6831
76.6831
78.8107
76.6831
76.6831
76.6831
76.6831
78.8107
76.6831
78.8107
76.6831
76.6831
78.8107
78.8107
76.6831
78.8107
76.6831
78.8107
78.8107
78.8107
78.8107
76.6831
78.8107
76.6831
78.8107
76.6831
78.8107
76.6831
76.6831
78.8107
76.6831
76.6831
76.6831
78.8107
76.6831
76.6831
76.6831
76.6831
76.6831
76.6831
76.6831
76.6831
78.8107
76.6831
76.6831
78.8107
76.6831
76.6831
76.6831
76.6831
76.6831
76.6831
76.6831
78.8107
76.6831
76.6831
76.6831
76.6831
76.6831
76.6831
76.6831
76.6831
76.6831
76.6831
76.6831
76.6831
76.6831
76.6831
76.6831
76.6831
76.6831
76.6831
76.6831
76.6831
76.6831
76.6831
74.5555
76.6831
76.6831
76.6831
76.6831
74.5555
76.6831
76.6831
74.5555
76.6831
76.6831
76.6831
74.5555
76.6831
76.6831
76.6831
76.6831
76.6831
74.5555
76.6831
76.6831
76.6831
76.6831
74.5555
76.6831
74.5555
76.6831
74.5555
76.6831
74.5555
76.6831
74.5555
74.5555
74.5555
76.6831
74.5555
74.5555
74.5555
74.5555
74.5555
76.6831
76.6831
74.5555
76.6831
74.5555
74.5555
76.6831
74.5555
74.5555
76.6831
74.5555
74.5555
74.5555
76.6831
74.5555
74.5555
74.5555
76.6831
74.5555
74.5555
74.5555
74.5555
76.6831
74.5555
74.5555
74.5555
76.6831
74.5555
74.5555
74.5555
74.5555
76.6831
74.5555
74.5555
74.5555
76.6831
74.5555
74.5555
74.5555
74.5555
74.5555
74.5555
74.5555
74.5555
74.5555
74.5555
72.428
74.5555
74.5555
74.5555
74.5555
74.5555
74.5555
74.5555
74.5555
74.5555
74.5555
74.5555
74.5555
74.5555
74.5555
72.428
74.5555
74.5555
74.5555
74.5555
72.428
74.5555
74.5555
72.428
74.5555
74.5555
74.5555
72.428
74.5555
72.428
72.428
74.5555
74.5555
72.428
74.5555
74.5555
72.428
74.5555
74.5555
72.428
74.5555
74.5555
72.428
74.5555
74.5555
72.428
74.5555
72.428
74.5555
72.428
74.5555
72.428
74.5555
72.428
74.5555
72.428
74.5555
72.428
74.5555
72.428
72.428
72.428
72.428
72.428
74.5555
74.5555
72.428
72.428
74.5555
72.428
72.428
74.5555
72.428
72.428
74.5555
74.5555
74.5555
74.5555
72.428
72.428
74.5555
72.428
72.428
72.428
74.5555
72.428
72.428
74.5555
72.428
72.428
72.428
74.5555
72.428
72.428
72.428
72.428
72.428
74.5555
72.428
72.428
72.428
72.428
72.428
72.428
72.428
74.5555
72.428
72.428
72.428
72.428
72.428
72.428
72.428
72.428
72.428
72.428
72.428
72.428
72.428
72.428
72.428
72.428
72.428
70.3004
72.428
72.428
72.428
72.428
72.428
72.428
72.428
72.428
72.428
72.428
70.3004
72.428
72.428
72.428
72.428
70.3004
72.428
72.428
72.428
72.428
70.3004
72.428
72.428
72.428
70.3004
72.428
72.428
70.3004
72.428
72.428
70.3004
72.428
70.3004
72.428
72.428
70.3004
72.428
72.428
70.3004
72.428
72.428
70.3004
72.428
70.3004
70.3004
72.428
72.428
70.3004
72.428
72.428
70.3004
70.3004
72.428
72.428
70.3004
70.3004
72.428
70.3004
70.3004
72.428
70.3004
70.3004
72.428
70.3004
72.428
70.3004
70.3004
72.428
70.3004
70.3004
72.428
70.3004
70.3004
70.3004
70.3004
70.3004
70.3004
72.428
70.3004
70.3004
70.3004
72.428
70.3004
70.3004
70.3004
70.3004
72.428
70.3004
70.3004
70.3004
70.3004
72.428
70.3004
70.3004
70.3004
70.3004
72.428
70.3004
70.3004
70.3004
70.3004
70.3004
70.3004
70.3004
70.3004
72.428
70.3004
70.3004
70.3004
70.3004
70.3004
70.3004
70.3004
70.3004
70.3004
70.3004
70.3004
68.1728
70.3004
70.3004
70.3004
70.3004
70.3004
70.3004
68.1728
70.3004
70.3004
70.3004
70.3004
68.1728
70.3004
70.3004
70.3004
70.3004
68.1728
70.3004
70.3004
70.3004
68.1728
70.3004
68.1728
70.3004
70.3004
68.1728
70.3004
70.3004
68.1728
70.3004
68.1728
70.3004
70.3004
68.1728
70.3004
68.1728
70.3004
70.3004
68.1728
70.3004
68.1728
70.3004
68.1728
68.1728
70.3004
68.1728
70.3004
68.1728
70.3004
68.1728
70.3004
68.1728
70.3004
68.1728
70.3004
68.1728
70.3004
68.1728
70.3004
68.1728
70.3004
68.1728
70.3004
68.1728
70.3004
68.1728
68.1728
70.3004
59.6624
0
0
0
0
0
0
0
2.21458
0
0
0
0
0
2.21458
0
0
0
0
2.21458
0
0
0
0
0
0
2.21458
0
0
0
0
2.21458
0
0
0
0
0
2.21458
0
0
0
0
2.21458
0
0
0
0
0
2.21458
2.21458
0
0
0
0
0
2.21458
0
0
0
0
2.21458
2.21458
0
0
0
0
0
0
0
0
0
0
0
0
0
0
0
0
0
0
0
0
0
2.21458
0
0
0
0
0
2.21458
0
0
0
0
2.21458
0
0
0
0
0
2.21458
0
0
0
0
2.21458
0
0
0
0
0
2.21458
0
0
0
0
0
2.21458
0
0
0
0
0
2.21458
0
0
0
0
2.21458
0
0
0
0
0
2.21458
0
0
0
0
2.21458
0
0
0
0
0
0
0
0
0
0
2.21458
0
0
0
0
2.21458
0
0
0
0
0
2.21458
0
0
0
0
0
0
0
0
0
0
2.21458
0
0
0
0
0
2.21458
0
0
0
0
2.21458
2.21458
0
0
0
0
0
2.21458
0
0
0
0
0
0
0
0
0
0
0
2.21458
0
0
0
0
0
2.21458
0
0
0
0
0
0
0
0
0
0
2.21458
0
0
0
0
0
2.21458
0
0
0
0
0
0
0
0
0
0
2.21458
0
0
0
0
0
2.21458
0
0
0
0
0
2.21458
0
0
0
0
0
2.21458
0
0
0
0
0
2.21458
0
0
0
0
0
2.21458
0
0
0
0
2.21458
0
0
0
0
0
2.21458
0
0
0
0
2.21458
0
0
0
0
0
2.21458
0
0
0
0
0
2.21458
0
0
0
0
2.21458
0
0
0
0
0
0
2.21458
0
0
0
0
0
2.21458
0
0
0
0
0
0
0
0
0
0
0
2.21458
0
0
0
0
2.21458
0
0
0
0
0
2.21458
0
0
0
0
2.21458
0
0
0
0
0
0
2.21458
0
0
0
0
0
2.21458
0
0
0
0
0
0
0
0
0
2.21458
2.21458
0
0
0
0
2.21458
0
0
0
0
0
0
2.21458
0
0
0
0
2.21458
0
0
0
0
0
2.21458
0
0
0
0
0
0
0
2.21458
0
0
0
0
0
0
0
0
0
2.21458
0
0
0
0
2.21458
0
0
0
0
0
2.21458
0
0
0
0
0
2.21458
0
0
0
0
0
2.21458
0
0
0
0
0
0
0
0
0
0
2.21458
0
0
0
0
0
2.21458
0
0
0
0
2.21458
0
0
0
0
0
2.21458
0
0
0
0
0
0
0
0
0
0
0
2.21458
0
0
0
0
2.21458
0
0
0
0
0
0
0
0
0
0
2.21458
0
0
0
0
0
2.21458
0
0
0
0
0
2.21458
0
0
0
0
2.21458
0
0
0
0
0
0
2.21458
0
0
0
0
2.21458
0
0
0
0
0
0
0
0
0
0
0
2.21458
0
0
0
0
2.21458
0
0
0
0
0
0
0
0
0
0
0
2.21458
0
0
0
0
0
2.21458
0
0
0
0
0
0
0
0
0
0
2.21458
0
0
0
0
0
2.21458
0
0
0
0
0
2.21458
0
0
0
0
0
2.21458
0
0
0
2.21458
2.21458
0
0
0
0
2.21458
0
0
0
0
0
2.21458
0
0
0
0
0
2.21458
0
0
0
0
0
2.21458
0
0
0
0
0
0
0
0
0
0
2.21458
0
0
0
0
0
0
0
0
0
0
2.21458
0
0
0
0
0
0
2.21458
0
0
0
0
0
0
0
0
0
0
0
2.21458
0
0
0
0
2.21458
0
0
0
0
0
0
0
0
0
0
0
2.21458
0
0
0
0
0
2.21458
0
0
0
0
0
0
0
0
0
0
2.21458
0
0
0
0
2.21458
0
0
0
0
0
0
0
0
0
0
0
2.21458
0
0
0
0
0
0
0
0
0
0
0
2.21458
0
0
0
0
0
0
0
0
0
0
2.21458
2.21458
0
0
0
0
0
0
0
0
0
0
2.21458
0
0
0
0
0
2.21458
0
0
0
2.21458
0
0
0
0
0
0
2.21458
0
0
0
0
0
0
0
0
0
0
2.21458
0
0
0
0
2.21458
0
0
0
0
0
2.21458
0
0
0
0
0
2.21458
0
0
0
0
0
2.21458
0
0
0
0
2.21458
0
0
0
0
0
0
0
0
0
0
0
2.21458
0
0
0
0
0
2.21458
0
0
0
0
2.21458
0
0
0
0
2.21458
0
0
0
0
0
0
2.21458
0
0
0
0
0
2.21458
0
0
0
0
0
0
0
0
0
2.21458
0
0
0
0
2.21458
0
0
0
0
0
0
2.21458
0
0
0
0
0
0
0
0
0
0
2.21458
0
0
0
0
0
0
2.21458
0
0
0
0
2.21458
0
0
0
0
0
0
0
0
0
0
0
2.21458
0
0
0
0
0
0
0
0
0
0
2.21458
0
0
0
0
0
2.21458
0
0
0
0
2.21458
0
0
0
2.21458
0
0
0
0
0
0
2.21458
0
0
0
0
0
2.21458
0
0
0
0
0
0
0
0
0
0
2.21458
0
0
0
0
0
2.21458
0
0
0
0
2.21458
0
0
0
0
0
0
2.21458
0
0
0
0
0
2.21458
0
0
0
0
2.21458
0
0
0
0
0
2.21458
0
0
0
0
0
2.21458
0
0
0
0
2.21458
0
0
0
0
0
0
0
0
0
0
0
2.21458
0
0
0
0
2.21458
0
0
0
0
0
2.21458
0
0
0
0
0
2.21458
0
0
0
0
0
2.21458
0
0
0
0
0
0
0
0
0
0
0
0
0
0
0
0
0
0
0
0
0
0
0
0
0
0
0
2.21458
0
0
0
0
0
2.21458
0
0
0
0
0
0
0
0
0
0
0
0
0
0
0
0
2.21458
0
0
0
0
0
2.21458
0
0
0
0
0
2.21458
0
0
0
0
0
0
0
0
0
0
2.21458
0
0
0
0
0
2.21458
0
0
0
0
0
0
0
0
0
0
0
0
0
0
0
0
0
0
0
0
0
0
2.21458
0
0
0
0
2.21458
0
0
0
0
0
0
0
0
0
0
0
2.21458
0
0
0
0
0
2.21458
0
0
0
0
0
2.21458
0
0
0
0
2.21458
0
0
0
0
0
2.21458
0
0
0
0
0
0
0
2.21458
0
0
0
0
0
0
0
0
2.21458
0
0
0
0
2.21458
0
0
0
0
2.21458
2.21458
0
0
0
0
2.21458
0
0
0
0
0
2.21458
0
0
0
0
2.21458
2.21458
0
0
0
0
2.21458
0
0
0
0
0
2.21458
0
0
0
0
0
2.21458
0
0
0
0
0
2.21458
0
0
0
0
0
0
0
0
0
0
0
0
0
0
0
0
2.21458
0
0
0
0
2.21458
0
0
0
0
2.21458
2.21458
0
0
0
0
2.21458
0
0
0
0
0
0
2.21458
0
0
0
0
0
2.21458
0
0
0
0
0
2.21458
0
0
0
0
2.21458
2.21458
0
0
0
0
2.21458
0
0
0
2.21458
2.21458
0
0
0
0
0
0
0
0
0
0
2.21458
0
0
0
0
0
2.21458
0
0
0
0
2.21458
2.21458
646.663
646.663
312.808
87.3209
78.8107
78.8107
78.8107
74.5555
76.6831
76.6831
74.5555
76.6831
74.5555
74.5555
76.6831
76.6831
74.5555
76.6831
76.6831
76.6831
76.6831
76.6831
76.6831
76.6831
76.6831
76.6831
78.8107
76.6831
78.8107
78.8107
78.8107
78.8107
76.6831
78.8107
76.6831
78.8107
74.5555
76.6831
76.6831
76.6831
76.6831
76.6831
76.6831
76.6831
74.5555
76.6831
74.5555
74.5555
76.6831
76.6831
76.6831
74.5555
76.6831
76.6831
76.6831
76.6831
76.6831
74.5555
76.6831
76.6831
76.6831
74.5555
76.6831
76.6831
76.6831
74.5555
76.6831
76.6831
76.6831
76.6831
76.6831
76.6831
74.5555
76.6831
76.6831
76.6831
76.6831
76.6831
76.6831
76.6831
76.6831
76.6831
76.6831
76.6831
76.6831
76.6831
76.6831
78.8107
74.5555
76.6831
78.8107
76.6831
76.6831
76.6831
78.8107
76.6831
76.6831
78.8107
76.6831
78.8107
76.6831
76.6831
76.6831
78.8107
76.6831
78.8107
76.6831
78.8107
76.6831
76.6831
76.6831
76.6831
76.6831
76.6831
76.6831
74.5555
76.6831
76.6831
76.6831
78.8107
76.6831
76.6831
76.6831
76.6831
76.6831
76.6831
76.6831
76.6831
76.6831
76.6831
74.5555
76.6831
76.6831
76.6831
76.6831
76.6831
76.6831
76.6831
76.6831
76.6831
74.5555
76.6831
76.6831
76.6831
76.6831
76.6831
76.6831
76.6831
76.6831
74.5555
76.6831
76.6831
76.6831
74.5555
76.6831
74.5555
76.6831
76.6831
76.6831
74.5555
76.6831
76.6831
74.5555
76.6831
74.5555
76.6831
74.5555
76.6831
74.5555
76.6831
74.5555
74.5555
76.6831
74.5555
74.5555
76.6831
74.5555
76.6831
74.5555
74.5555
76.6831
74.5555
74.5555
76.6831
76.6831
74.5555
74.5555
74.5555
76.6831
74.5555
74.5555
74.5555
74.5555
76.6831
74.5555
74.5555
74.5555
74.5555
74.5555
74.5555
74.5555
74.5555
76.6831
74.5555
74.5555
74.5555
74.5555
74.5555
74.5555
74.5555
74.5555
74.5555
74.5555
74.5555
74.5555
74.5555
74.5555
74.5555
74.5555
74.5555
74.5555
74.5555
74.5555
74.5555
74.5555
74.5555
74.5555
74.5555
74.5555
74.5555
74.5555
74.5555
74.5555
74.5555
74.5555
74.5555
74.5555
72.428
74.5555
74.5555
74.5555
74.5555
74.5555
74.5555
74.5555
72.428
72.428
74.5555
74.5555
74.5555
72.428
74.5555
74.5555
72.428
74.5555
74.5555
72.428
74.5555
74.5555
72.428
74.5555
72.428
74.5555
72.428
74.5555
74.5555
72.428
74.5555
72.428
74.5555
72.428
72.428
72.428
74.5555
72.428
74.5555
74.5555
72.428
72.428
74.5555
74.5555
72.428
74.5555
72.428
74.5555
74.5555
72.428
74.5555
72.428
72.428
72.428
74.5555
72.428
72.428
74.5555
72.428
72.428
72.428
72.428
74.5555
72.428
72.428
72.428
72.428
72.428
70.3004
72.428
70.3004
72.428
70.3004
72.428
70.3004
72.428
70.3004
70.3004
72.428
70.3004
72.428
70.3004
70.3004
72.428
72.428
70.3004
70.3004
70.3004
72.428
70.3004
72.428
72.428
72.428
70.3004
70.3004
72.428
70.3004
70.3004
72.428
70.3004
70.3004
70.3004
70.3004
70.3004
72.428
70.3004
70.3004
70.3004
70.3004
70.3004
70.3004
70.3004
70.3004
68.1728
68.1728
70.3004
70.3004
70.3004
70.3004
70.3004
70.3004
70.3004
70.3004
70.3004
70.3004
70.3004
70.3004
70.3004
68.1728
68.1728
70.3004
70.3004
70.3004
70.3004
70.3004
68.1728
68.1728
70.3004
70.3004
70.3004
68.1728
70.3004
70.3004
70.3004
70.3004
68.1728
70.3004
70.3004
68.1728
70.3004
70.3004
70.3004
70.3004
70.3004
70.3004
70.3004
68.1728
70.3004
70.3004
68.1728
68.1728
70.3004
68.1728
70.3004
68.1728
68.1728
70.3004
68.1728
70.3004
70.3004
68.1728
70.3004
68.1728
70.3004
68.1728
70.3004
70.3004
68.1728
70.3004
68.1728
68.1728
68.1728
68.1728
70.3004
68.1728
70.3004
68.1728
70.3004
68.1728
70.3004
68.1728
70.3004
68.1728
68.1728
70.3004
68.1728
70.3004
68.1728
68.1728
70.3004
68.1728
68.1728
70.3004
68.1728
68.1728
70.3004
68.1728
68.1728
68.1728
68.1728
68.1728
68.1728
70.3004
68.1728
68.1728
68.1728
70.3004
70.3004
68.1728
68.1728
70.3004
68.1728
68.1728
68.1728
68.1728
68.1728
70.3004
68.1728
68.1728
68.1728
70.3004
68.1728
68.1728
68.1728
68.1728
68.1728
68.1728
68.1728
70.3004
68.1728
68.1728
68.1728
68.1728
68.1728
68.1728
68.1728
68.1728
68.1728
68.1728
68.1728
68.1728
68.1728
68.1728
68.1728
68.1728
68.1728
68.1728
68.1728
68.1728
68.1728
66.0452
68.1728
68.1728
68.1728
68.1728
68.1728
68.1728
68.1728
68.1728
68.1728
66.0452
68.1728
68.1728
68.1728
68.1728
68.1728
68.1728
66.0452
68.1728
68.1728
68.1728
68.1728
68.1728
66.0452
68.1728
68.1728
68.1728
66.0452
68.1728
68.1728
68.1728
66.0452
68.1728
68.1728
68.1728
66.0452
68.1728
68.1728
68.1728
66.0452
68.1728
68.1728
66.0452
68.1728
68.1728
66.0452
68.1728
66.0452
68.1728
68.1728
66.0452
68.1728
66.0452
68.1728
66.0452
68.1728
66.0452
68.1728
66.0452
68.1728
68.1728
66.0452
68.1728
66.0452
68.1728
66.0452
68.1728
14.9811
0
0
0
2.21458
0
0
0
0
0
2.21458
0
0
0
0
2.21458
0
0
0
0
0
2.21458
0
0
0
0
0
0
0
0
0
0
0
0
0
0
0
0
2.21458
0
0
0
0
0
0
0
0
0
0
2.21458
0
0
0
0
0
2.21458
0
0
0
0
0
2.21458
0
0
0
0
0
2.21458
0
0
0
0
2.21458
0
0
0
0
2.21458
2.21458
0
0
0
0
0
0
0
0
0
0
0
0
0
0
0
0
2.21458
0
0
0
0
0
2.21458
0
0
0
2.21458
0
0
0
0
0
2.21458
0
0
0
0
2.21458
2.21458
0
0
0
0
2.21458
0
0
0
0
0
2.21458
0
0
0
0
0
0
0
0
0
0
2.21458
0
0
0
0
0
0
2.21458
0
0
0
0
2.21458
0
0
0
0
0
0
0
0
0
0
0
0
0
0
0
0
0
0
0
0
0
0
2.21458
0
0
0
0
0
2.21458
0
0
0
0
0
2.21458
0
0
0
0
2.21458
0
0
0
0
0
0
2.21458
0
0
0
0
0
2.21458
0
0
0
0
0
2.21458
0
0
0
0
0
2.21458
0
0
0
0
2.21458
0
0
0
0
0
2.21458
0
0
0
0
0
0
0
0
0
2.21458
0
0
0
0
0
0
2.21458
0
0
0
0
0
0
0
0
0
0
0
2.21458
0
0
0
0
0
0
0
0
0
0
0
0
0
0
0
0
2.21458
0
0
0
0
0
2.21458
0
0
0
0
0
2.21458
0
0
0
0
0
2.21458
0
0
0
0
2.21458
0
0
0
0
0
0
0
2.21458
0
0
0
0
0
2.21458
0
0
0
0
0
2.21458
0
0
0
0
0
2.21458
0
0
0
0
0
2.21458
0
0
0
0
0
2.21458
0
0
0
0
0
2.21458
0
0
0
0
0
2.21458
0
0
0
0
0
2.21458
0
0
0
0
0
0
2.21458
0
0
0
0
2.21458
0
0
0
0
0
2.21458
0
0
0
0
0
2.21458
0
0
0
0
0
2.21458
0
0
0
0
0
2.21458
0
0
0
0
0
2.21458
0
0
0
0
0
0
2.21458
0
0
0
0
2.21458
0
0
0
0
0
2.21458
0
0
0
0
0
2.21458
0
0
0
0
0
2.21458
0
0
0
0
0
2.21458
0
0
0
0
0
0
2.21458
0
0
0
0
0
2.21458
0
0
0
0
0
2.21458
0
0
0
0
0
2.21458
0
0
0
0
2.21458
0
0
0
0
0
2.21458
0
0
0
0
0
2.21458
0
0
0
0
0
2.21458
0
0
0
0
0
2.21458
0
0
0
0
2.21458
0
0
0
0
0
2.21458
0
0
0
0
0
2.21458
0
0
0
0
0
2.21458
0
0
0
0
0
2.21458
0
0
0
0
2.21458
0
0
0
0
0
2.21458
0
0
0
0
0
2.21458
0
0
0
0
2.21458
0
0
0
0
0
2.21458
0
0
0
0
0
2.21458
0
0
0
0
0
2.21458
0
0
0
0
2.21458
0
0
0
0
0
2.21458
0
0
0
0
0
2.21458
0
0
0
0
0
2.21458
0
0
0
0
0
2.21458
0
0
0
0
0
2.21458
0
0
0
0
0
2.21458
0
0
0
0
2.21458
0
0
0
0
0
2.21458
0
0
0
0
0
2.21458
0
0
0
0
2.21458
0
0
0
0
0
2.21458
0
0
0
0
2.21458
0
0
0
0
0
2.21458
0
0
0
0
0
2.21458
0
0
0
0
0
2.21458
0
0
0
0
0
2.21458
0
0
0
0
0
2.21458
0
0
0
0
2.21458
0
0
0
0
0
2.21458
0
0
0
0
0
2.21458
0
0
0
0
2.21458
0
0
0
0
0
2.21458
0
0
0
0
0
2.21458
0
0
0
0
2.21458
0
0
0
0
0
2.21458
0
0
0
0
0
2.21458
0
0
0
0
0
2.21458
0
0
0
0
2.21458
0
0
0
0
0
2.21458
0
0
0
0
0
2.21458
0
0
0
0
2.21458
0
0
0
0
0
2.21458
0
0
0
0
0
2.21458
0
0
0
0
0
2.21458
0
0
0
0
0
2.21458
0
0
0
0
0
2.21458
0
0
0
0
2.21458
0
0
0
0
0
2.21458
0
0
0
0
0
2.21458
0
0
0
0
2.21458
0
0
0
0
0
2.21458
0
0
0
0
0
2.21458
0
0
0
0
0
2.21458
0
0
0
0
0
2.21458
0
0
0
0
0
2.21458
0
0
0
0
2.21458
0
0
0
0
0
2.21458
0
0
0
0
2.21458
0
0
0
0
0
2.21458
0
0
0
0
0
2.21458
0
0
0
0
0
2.21458
0
0
0
0
0
2.21458
0
0
0
0
2.21458
0
0
0
0
0
2.21458
0
0
0
0
0
2.21458
0
0
0
0
0
0
0
0
0
0
0
2.21458
0
0
0
0
2.21458
0
0
0
0
0
2.21458
0
0
0
0
0
2.21458
0
0
0
0
0
2.21458
0
0
0
0
0
2.21458
0
0
0
0
0
2.21458
0
0
0
0
0
2.21458
0
0
0
0
2.21458
0
0
0
0
0
2.21458
0
0
0
0
0
2.21458
0
0
0
0
0
2.21458
0
0
0
0
0
2.21458
0
0
0
0
2.21458
0
0
0
0
0
2.21458
0
0
0
0
0
2.21458
0
0
0
0
0
2.21458
0
0
0
0
0
2.21458
0
0
0
0
0
2.21458
0
0
0
0
0
0
0
0
0
0
0
2.21458
0
0
0
0
2.21458
0
0
0
0
0
2.21458
0
0
0
0
0
0
0
0
0
0
0
2.21458
0
0
0
0
2.21458
0
0
0
0
0
0
0
0
0
0
0
2.21458
0
0
0
0
0
2.21458
0
0
0
0
0
2.21458
0
0
0
0
0
2.21458
0
0
0
0
0
2.21458
0
0
0
0
2.21458
0
0
0
0
0
2.21458
0
0
0
0
0
2.21458
0
0
0
0
0
2.21458
0
0
0
0
0
2.21458
0
0
0
0
0
2.21458
0
0
0
0
0
0
0
0
0
0
2.21458
0
0
0
0
0
2.21458
0
0
0
0
2.21458
0
0
0
0
0
0
0
0
0
0
0
0
2.21458
0
0
0
0
2.21458
0
0
0
0
0
2.21458
0
0
0
0
0
2.21458
0
0
0
0
2.21458
0
0
0
0
0
2.21458
0
0
0
0
0
2.21458
0
0
0
0
0
2.21458
0
0
0
0
2.21458
0
0
0
0
0
2.21458
0
0
0
0
0
2.21458
0
0
0
0
2.21458
0
0
0
0
0
2.21458
0
0
0
0
0
2.21458
0
0
0
0
2.21458
0
0
0
0
0
2.21458
0
0
0
0
2.21458
0
0
0
0
0
0
2.21458
0
0
0
0
0
0
0
0
0
0
2.21458
0
0
0
0
0
2.21458
0
0
0
0
0
2.21458
0
0
0
0
0
2.21458
0
0
0
0
2.21458
0
0
0
0
0
2.21458
0
0
0
0
2.21458
0
0
0
0
0
2.21458
0
0
0
0
0
2.21458
0
0
0
0
2.21458
0
0
0
0
0
2.21458
0
0
0
0
0
2.21458
0
0
0
0
0
2.21458
0
0
0
0
2.21458
0
0
810.349
880.49
193.691
85.1933
80.9382
78.8107
78.8107
76.6831
76.6831
76.6831
76.6831
74.5555
76.6831
78.8107
76.6831
76.6831
76.6831
76.6831
78.8107
76.6831
76.6831
76.6831
76.6831
78.8107
76.6831
76.6831
76.6831
76.6831
78.8107
76.6831
76.6831
78.8107
78.8107
78.8107
76.6831
78.8107
76.6831
76.6831
74.5555
74.5555
74.5555
76.6831
74.5555
74.5555
74.5555
76.6831
74.5555
76.6831
74.5555
74.5555
76.6831
76.6831
76.6831
76.6831
74.5555
76.6831
74.5555
76.6831
74.5555
74.5555
76.6831
74.5555
74.5555
74.5555
74.5555
74.5555
74.5555
74.5555
74.5555
74.5555
76.6831
74.5555
74.5555
74.5555
74.5555
74.5555
74.5555
76.6831
74.5555
74.5555
76.6831
74.5555
76.6831
74.5555
74.5555
76.6831
74.5555
76.6831
76.6831
74.5555
76.6831
74.5555
76.6831
76.6831
76.6831
74.5555
76.6831
74.5555
76.6831
74.5555
76.6831
74.5555
76.6831
76.6831
74.5555
76.6831
76.6831
74.5555
76.6831
74.5555
76.6831
74.5555
76.6831
76.6831
74.5555
76.6831
74.5555
76.6831
74.5555
76.6831
74.5555
76.6831
74.5555
76.6831
74.5555
74.5555
76.6831
74.5555
74.5555
76.6831
74.5555
74.5555
74.5555
76.6831
74.5555
76.6831
74.5555
76.6831
74.5555
74.5555
76.6831
74.5555
74.5555
76.6831
74.5555
74.5555
76.6831
74.5555
74.5555
74.5555
76.6831
74.5555
74.5555
74.5555
74.5555
74.5555
76.6831
74.5555
74.5555
74.5555
74.5555
74.5555
74.5555
74.5555
74.5555
74.5555
76.6831
74.5555
74.5555
74.5555
74.5555
74.5555
74.5555
74.5555
74.5555
72.428
74.5555
74.5555
74.5555
74.5555
74.5555
74.5555
74.5555
74.5555
74.5555
74.5555
72.428
74.5555
74.5555
74.5555
72.428
74.5555
74.5555
74.5555
72.428
74.5555
74.5555
74.5555
72.428
74.5555
72.428
74.5555
74.5555
72.428
74.5555
74.5555
72.428
74.5555
72.428
74.5555
74.5555
72.428
74.5555
72.428
74.5555
72.428
74.5555
72.428
74.5555
74.5555
72.428
74.5555
72.428
74.5555
72.428
74.5555
72.428
74.5555
72.428
72.428
74.5555
72.428
74.5555
72.428
72.428
74.5555
72.428
72.428
74.5555
72.428
72.428
74.5555
72.428
72.428
72.428
72.428
72.428
74.5555
72.428
72.428
72.428
72.428
72.428
72.428
72.428
72.428
72.428
74.5555
72.428
72.428
72.428
72.428
72.428
72.428
72.428
72.428
72.428
72.428
72.428
72.428
72.428
72.428
72.428
72.428
72.428
72.428
70.3004
72.428
72.428
72.428
72.428
72.428
72.428
72.428
70.3004
72.428
72.428
72.428
70.3004
72.428
72.428
72.428
70.3004
72.428
72.428
72.428
72.428
70.3004
72.428
72.428
70.3004
72.428
72.428
70.3004
72.428
72.428
70.3004
72.428
72.428
70.3004
72.428
72.428
70.3004
72.428
72.428
70.3004
72.428
70.3004
72.428
70.3004
72.428
70.3004
72.428
70.3004
72.428
70.3004
72.428
70.3004
72.428
70.3004
70.3004
72.428
70.3004
72.428
70.3004
72.428
70.3004
70.3004
72.428
70.3004
70.3004
72.428
70.3004
70.3004
72.428
70.3004
70.3004
72.428
70.3004
70.3004
72.428
70.3004
70.3004
70.3004
72.428
70.3004
70.3004
70.3004
70.3004
72.428
70.3004
70.3004
70.3004
70.3004
70.3004
72.428
70.3004
70.3004
70.3004
70.3004
70.3004
70.3004
70.3004
70.3004
70.3004
70.3004
70.3004
70.3004
70.3004
72.428
70.3004
70.3004
70.3004
68.1728
70.3004
70.3004
70.3004
70.3004
70.3004
70.3004
70.3004
70.3004
70.3004
70.3004
70.3004
70.3004
70.3004
70.3004
70.3004
68.1728
70.3004
70.3004
70.3004
70.3004
68.1728
70.3004
70.3004
70.3004
70.3004
68.1728
68.1728
68.1728
70.3004
70.3004
68.1728
70.3004
70.3004
70.3004
70.3004
70.3004
70.3004
70.3004
70.3004
70.3004
70.3004
68.1728
68.1728
70.3004
70.3004
70.3004
70.3004
70.3004
68.1728
70.3004
70.3004
70.3004
68.1728
68.1728
70.3004
68.1728
68.1728
70.3004
68.1728
70.3004
68.1728
70.3004
68.1728
70.3004
68.1728
70.3004
68.1728
70.3004
68.1728
70.3004
68.1728
70.3004
70.3004
68.1728
70.3004
68.1728
68.1728
70.3004
68.1728
70.3004
68.1728
70.3004
68.1728
68.1728
70.3004
68.1728
68.1728
70.3004
68.1728
68.1728
70.3004
68.1728
68.1728
70.3004
68.1728
68.1728
68.1728
70.3004
68.1728
68.1728
68.1728
70.3004
68.1728
68.1728
68.1728
68.1728
70.3004
68.1728
68.1728
68.1728
68.1728
68.1728
68.1728
70.3004
68.1728
68.1728
68.1728
68.1728
68.1728
68.1728
68.1728
68.1728
68.1728
68.1728
68.1728
68.1728
68.1728
68.1728
68.1728
68.1728
68.1728
68.1728
68.1728
68.1728
68.1728
68.1728
68.1728
68.1728
68.1728
68.1728
68.1728
66.0452
68.1728
68.1728
68.1728
68.1728
66.0452
68.1728
68.1728
68.1728
68.1728
66.0452
68.1728
68.1728
66.0452
68.1728
66.0452
68.1728
68.1728
66.0452
68.1728
66.0452
68.1728
66.0452
68.1728
68.1728
66.0452
68.1728
14.9811
0
0
0
0
0
2.21458
0
0
0
0
2.21458
0
0
0
0
0
0
0
0
0
0
0
2.21458
0
0
0
0
0
2.21458
0
0
0
0
0
2.21458
0
0
0
0
2.21458
0
0
0
0
0
2.21458
0
0
0
0
0
2.21458
0
0
0
0
0
2.21458
0
0
0
0
0
0
0
0
0
0
2.21458
0
0
0
0
0
2.21458
0
0
0
0
0
0
0
0
0
0
2.21458
2.21458
0
0
0
0
2.21458
0
0
0
0
0
2.21458
0
0
0
0
0
2.21458
0
0
0
0
0
0
0
0
0
0
0
0
0
0
0
0
2.21458
0
0
0
0
0
0
0
0
0
0
0
2.21458
0
0
0
0
2.21458
0
0
0
0
0
0
0
0
0
0
0
2.21458
0
0
0
0
2.21458
0
0
0
0
0
0
2.21458
0
0
0
0
2.21458
0
0
0
0
0
0
0
0
0
0
0
2.21458
0
0
0
0
2.21458
0
0
0
0
0
2.21458
0
0
0
0
2.21458
0
0
0
0
0
2.21458
0
0
0
0
2.21458
2.21458
0
0
0
0
0
2.21458
0
0
0
0
0
2.21458
0
0
0
0
2.21458
2.21458
0
0
0
0
0
0
0
0
0
0
2.21458
0
0
0
0
0
2.21458
0
0
0
0
0
2.21458
0
0
0
0
0
2.21458
0
0
0
2.21458
2.21458
0
0
0
0
0
2.21458
0
0
0
0
0
2.21458
0
0
0
0
0
2.21458
0
0
0
0
0
2.21458
0
0
0
0
0
2.21458
0
0
0
0
0
2.21458
0
0
0
0
0
2.21458
0
0
0
0
0
0
0
0
0
0
0
0
0
0
0
0
0
0
0
0
0
0
2.21458
0
0
0
0
0
2.21458
0
0
0
0
2.21458
0
0
0
0
0
0
0
0
0
0
0
0
0
0
0
0
0
2.21458
0
0
0
0
0
0
0
0
0
0
0
0
0
0
0
0
2.21458
0
0
0
0
0
2.21458
0
0
0
0
0
2.21458
0
0
0
0
2.21458
2.21458
0
0
0
0
2.21458
0
0
0
0
0
2.21458
0
0
0
0
0
0
0
0
0
0
0
2.21458
0
0
0
0
2.21458
0
0
0
0
0
2.21458
0
0
0
0
0
0
0
0
0
0
2.21458
0
0
0
0
0
2.21458
0
0
0
0
0
2.21458
0
0
0
0
2.21458
0
0
0
0
0
2.21458
0
0
0
0
0
2.21458
0
0
0
0
2.21458
0
0
0
0
0
2.21458
0
0
0
0
0
2.21458
0
0
0
0
0
2.21458
0
0
0
0
0
2.21458
0
0
0
0
0
2.21458
0
0
0
0
0
2.21458
0
0
0
0
2.21458
0
0
0
0
0
2.21458
0
0
0
0
0
2.21458
0
0
0
0
0
0
0
0
0
0
2.21458
0
0
0
0
0
2.21458
0
0
0
0
0
0
0
0
0
0
2.21458
0
0
0
0
0
2.21458
0
0
0
2.21458
2.21458
0
0
0
0
0
2.21458
0
0
0
0
0
2.21458
0
0
0
0
2.21458
0
0
0
0
0
2.21458
0
0
0
0
0
0
0
0
0
0
0
2.21458
0
0
0
0
0
2.21458
0
0
0
0
2.21458
0
0
0
0
0
2.21458
0
0
0
0
0
0
0
0
0
0
0
2.21458
0
0
0
0
0
2.21458
0
0
0
0
2.21458
0
0
0
0
0
0
0
0
0
0
0
2.21458
0
0
0
0
0
0
0
0
0
0
0
2.21458
0
0
0
0
2.21458
0
0
0
0
2.21458
2.21458
2.21458
0
0
0
0
2.21458
0
0
0
0
0
2.21458
0
0
0
0
2.21458
0
0
0
0
0
2.21458
2.21458
0
0
0
0
2.21458
0
0
0
0
0
2.21458
0
0
0
0
0
2.21458
0
0
0
0
0
0
0
0
0
2.21458
0
0
0
0
0
2.21458
0
0
0
0
0
0
0
0
0
0
0
2.21458
0
0
0
0
0
2.21458
0
0
0
0
0
2.21458
0
0
0
0
0
2.21458
0
0
0
0
2.21458
0
0
0
0
0
2.21458
0
0
0
0
0
2.21458
0
0
0
0
2.21458
0
0
0
0
0
0
0
0
0
0
0
0
0
0
0
0
0
2.21458
0
0
0
0
0
0
0
0
0
0
2.21458
0
0
0
0
0
2.21458
0
0
0
0
0
2.21458
0
0
0
0
0
2.21458
0
0
0
0
2.21458
0
0
0
0
0
2.21458
0
0
0
0
0
2.21458
0
0
0
0
2.21458
0
0
0
0
0
2.21458
0
0
0
0
0
2.21458
0
0
0
0
0
2.21458
0
0
0
0
2.21458
0
0
0
0
2.21458
0
0
0
0
0
0
2.21458
0
0
0
0
2.21458
0
0
0
0
0
2.21458
0
0
0
0
0
2.21458
0
0
0
0
0
2.21458
0
0
0
0
0
2.21458
0
0
0
0
0
2.21458
0
0
0
0
2.21458
0
0
0
0
0
2.21458
0
0
0
0
0
2.21458
0
0
0
0
2.21458
0
0
0
0
0
2.21458
0
0
0
0
0
2.21458
0
0
0
0
0
2.21458
0
0
0
0
2.21458
0
0
0
0
0
0
2.21458
0
0
0
0
0
2.21458
0
0
0
0
2.21458
0
0
0
0
0
2.21458
0
0
0
0
0
2.21458
0
0
0
0
0
2.21458
0
0
0
0
0
2.21458
0
0
0
0
0
2.21458
0
0
0
0
0
2.21458
0
0
0
0
2.21458
0
0
0
0
0
2.21458
0
0
0
0
2.21458
0
0
0
0
0
2.21458
0
0
0
0
0
2.21458
0
0
0
0
0
2.21458
0
0
0
0
0
2.21458
0
0
0
0
0
2.21458
0
0
0
0
2.21458
0
0
0
0
0
2.21458
0
0
0
0
0
2.21458
0
0
0
0
0
2.21458
0
0
0
0
2.21458
0
0
0
0
0
2.21458
0
0
0
0
0
2.21458
0
0
0
0
2.21458
0
0
0
0
0
2.21458
0
0
0
0
0
2.21458
0
0
0
0
0
2.21458
0
0
0
0
2.21458
0
0
0
0
0
2.21458
0
0
0
0
0
2.21458
0
0
0
0
2.21458
0
0
0
0
0
2.21458
0
0
0
0
0
2.21458
0
0
0
0
0
2.21458
2.21458
0
0
0
0
0
0
0
0
0
2.21458
0
0
0
0
0
2.21458
0
0
0
0
2.21458
0
0
0
0
0
0
0
0
0
0
0
2.21458
0
0
0
0
0
2.21458
0
0
0
0
0
2.21458
0
0
0
0
0
2.21458
0
0
0
0
0
0
0
0
0
0
0
2.21458
0
0
0
0
2.21458
0
0
0
0
0
2.21458
0
0
0
0
0
2.21458
0
0
0
0
0
2.21458
0
0
0
0
0
2.21458
0
0
0
0
2.21458
0
0
0
0
0
2.21458
0
0
0
0
0
2.21458
0
0
0
2.21458
0
0
0
0
0
0
2.21458
2.21458
0
0
0
0
2.21458
0
0
0
0
2.21458
0
0
0
0
0
2.21458
0
0
0
0
0
2.21458
0
0
0
0
0
0
0
0
0
0
0
0
0
0
759.334
886.866
234.107
87.3209
80.9382
78.8107
76.6831
76.6831
78.8107
76.6831
74.5555
76.6831
76.6831
76.6831
76.6831
76.6831
76.6831
78.8107
76.6831
74.5555
74.5555
74.5555
76.6831
76.6831
76.6831
76.6831
78.8107
76.6831
76.6831
78.8107
78.8107
76.6831
78.8107
76.6831
76.6831
76.6831
76.6831
74.5555
74.5555
74.5555
74.5555
74.5555
76.6831
74.5555
74.5555
74.5555
74.5555
76.6831
74.5555
74.5555
76.6831
74.5555
74.5555
74.5555
76.6831
76.6831
76.6831
76.6831
74.5555
74.5555
74.5555
74.5555
74.5555
74.5555
74.5555
74.5555
74.5555
74.5555
74.5555
74.5555
74.5555
74.5555
74.5555
74.5555
74.5555
74.5555
74.5555
74.5555
74.5555
76.6831
74.5555
74.5555
76.6831
74.5555
74.5555
74.5555
74.5555
76.6831
74.5555
76.6831
76.6831
74.5555
76.6831
74.5555
74.5555
76.6831
76.6831
76.6831
74.5555
76.6831
76.6831
74.5555
76.6831
74.5555
74.5555
76.6831
74.5555
76.6831
74.5555
76.6831
74.5555
76.6831
74.5555
74.5555
76.6831
74.5555
76.6831
74.5555
76.6831
74.5555
74.5555
76.6831
74.5555
74.5555
76.6831
74.5555
76.6831
74.5555
76.6831
76.6831
76.6831
74.5555
76.6831
74.5555
76.6831
74.5555
76.6831
74.5555
74.5555
76.6831
74.5555
74.5555
76.6831
74.5555
74.5555
76.6831
74.5555
74.5555
76.6831
74.5555
74.5555
74.5555
74.5555
74.5555
74.5555
74.5555
76.6831
74.5555
74.5555
74.5555
74.5555
74.5555
74.5555
76.6831
74.5555
74.5555
74.5555
74.5555
74.5555
74.5555
74.5555
74.5555
74.5555
74.5555
74.5555
74.5555
74.5555
74.5555
74.5555
74.5555
74.5555
72.428
74.5555
74.5555
74.5555
74.5555
74.5555
74.5555
74.5555
74.5555
74.5555
74.5555
72.428
74.5555
74.5555
74.5555
72.428
74.5555
74.5555
72.428
74.5555
74.5555
72.428
72.428
72.428
72.428
74.5555
72.428
74.5555
72.428
72.428
74.5555
74.5555
72.428
74.5555
72.428
72.428
72.428
72.428
74.5555
72.428
74.5555
74.5555
72.428
72.428
74.5555
74.5555
74.5555
72.428
72.428
74.5555
72.428
72.428
72.428
74.5555
74.5555
72.428
74.5555
72.428
72.428
72.428
74.5555
72.428
72.428
72.428
72.428
72.428
74.5555
72.428
72.428
72.428
72.428
72.428
72.428
72.428
72.428
72.428
72.428
72.428
72.428
72.428
72.428
72.428
72.428
72.428
72.428
72.428
72.428
72.428
72.428
72.428
72.428
72.428
72.428
70.3004
70.3004
72.428
72.428
72.428
70.3004
70.3004
72.428
72.428
72.428
70.3004
72.428
70.3004
70.3004
72.428
70.3004
72.428
70.3004
72.428
72.428
70.3004
72.428
70.3004
72.428
70.3004
70.3004
72.428
70.3004
72.428
70.3004
70.3004
72.428
70.3004
70.3004
72.428
70.3004
72.428
70.3004
70.3004
72.428
70.3004
70.3004
70.3004
72.428
70.3004
70.3004
70.3004
72.428
70.3004
70.3004
70.3004
72.428
70.3004
70.3004
70.3004
70.3004
70.3004
70.3004
70.3004
70.3004
70.3004
70.3004
70.3004
72.428
70.3004
70.3004
70.3004
70.3004
70.3004
70.3004
70.3004
70.3004
70.3004
70.3004
70.3004
70.3004
70.3004
70.3004
70.3004
70.3004
70.3004
70.3004
70.3004
70.3004
70.3004
70.3004
70.3004
70.3004
70.3004
70.3004
70.3004
70.3004
70.3004
70.3004
70.3004
68.1728
70.3004
70.3004
70.3004
70.3004
70.3004
70.3004
68.1728
70.3004
70.3004
70.3004
70.3004
70.3004
70.3004
70.3004
68.1728
70.3004
70.3004
70.3004
68.1728
70.3004
70.3004
70.3004
68.1728
70.3004
70.3004
70.3004
70.3004
68.1728
70.3004
70.3004
70.3004
68.1728
70.3004
70.3004
68.1728
70.3004
70.3004
68.1728
70.3004
70.3004
68.1728
70.3004
68.1728
70.3004
70.3004
68.1728
70.3004
68.1728
70.3004
68.1728
70.3004
70.3004
68.1728
70.3004
68.1728
70.3004
68.1728
70.3004
68.1728
70.3004
68.1728
68.1728
70.3004
68.1728
70.3004
68.1728
68.1728
70.3004
68.1728
68.1728
70.3004
68.1728
68.1728
68.1728
68.1728
68.1728
68.1728
68.1728
68.1728
68.1728
68.1728
70.3004
68.1728
68.1728
68.1728
68.1728
70.3004
68.1728
68.1728
68.1728
70.3004
68.1728
68.1728
68.1728
68.1728
70.3004
68.1728
68.1728
68.1728
68.1728
68.1728
68.1728
68.1728
68.1728
70.3004
68.1728
68.1728
68.1728
68.1728
68.1728
68.1728
68.1728
68.1728
68.1728
68.1728
68.1728
68.1728
68.1728
68.1728
68.1728
68.1728
68.1728
68.1728
68.1728
68.1728
68.1728
68.1728
68.1728
68.1728
68.1728
66.0452
68.1728
68.1728
68.1728
68.1728
68.1728
68.1728
66.0452
68.1728
68.1728
68.1728
68.1728
66.0452
68.1728
68.1728
68.1728
68.1728
66.0452
68.1728
68.1728
68.1728
68.1728
66.0452
68.1728
68.1728
68.1728
66.0452
68.1728
68.1728
68.1728
66.0452
68.1728
68.1728
66.0452
68.1728
68.1728
66.0452
66.0452
68.1728
68.1728
68.1728
66.0452
66.0452
66.0452
68.1728
66.0452
66.0452
66.0452
68.1728
66.0452
68.1728
68.1728
10.7256
0
0
0
0
0
0
2.21458
0
0
0
0
0
0
0
0
0
0
0
2.21458
0
0
0
0
0
0
0
0
0
0
2.21458
0
0
0
2.21458
2.21458
0
0
0
0
0
2.21458
0
0
0
0
0
0
2.21458
0
0
0
0
0
2.21458
0
0
0
0
0
0
0
0
0
0
2.21458
0
0
0
0
0
2.21458
0
0
0
0
0
2.21458
0
0
0
0
0
2.21458
0
0
0
0
0
0
0
0
0
0
2.21458
0
0
0
0
0
2.21458
0
0
0
0
0
0
0
0
0
0
0
0
0
0
0
0
0
0
0
0
0
2.21458
0
0
0
0
0
2.21458
0
0
0
0
0
0
0
0
0
0
0
0
0
0
0
0
0
2.21458
0
0
0
0
0
2.21458
0
0
0
0
2.21458
0
0
0
0
0
0
0
0
0
0
0
0
0
0
0
0
0
2.21458
0
0
0
0
0
2.21458
0
0
0
0
0
2.21458
0
0
0
0
0
0
0
0
0
0
0
2.21458
0
0
0
0
0
2.21458
0
0
0
0
0
2.21458
0
0
0
0
2.21458
0
0
0
0
0
2.21458
0
0
0
0
0
2.21458
0
0
0
0
0
0
2.21458
0
0
0
0
2.21458
0
0
0
0
0
2.21458
0
0
0
0
0
2.21458
0
0
0
0
0
2.21458
0
0
0
0
0
2.21458
0
0
0
0
0
0
2.21458
0
0
0
0
2.21458
0
0
0
0
0
0
2.21458
0
0
0
0
0
2.21458
0
0
0
0
2.21458
0
0
0
0
0
2.21458
0
0
0
0
0
2.21458
0
0
0
0
0
2.21458
0
0
0
0
0
2.21458
0
0
0
0
0
2.21458
0
0
0
0
2.21458
0
0
0
0
0
2.21458
0
0
0
0
0
2.21458
0
0
0
0
0
2.21458
0
0
0
0
2.21458
0
0
0
0
0
2.21458
0
0
0
0
0
2.21458
0
0
0
0
0
2.21458
0
0
0
0
0
2.21458
0
0
0
0
0
2.21458
0
0
0
0
0
2.21458
0
0
0
0
0
2.21458
0
0
0
0
0
2.21458
0
0
0
0
0
2.21458
0
0
0
0
0
2.21458
0
0
0
0
0
2.21458
0
0
0
0
2.21458
0
0
0
0
0
2.21458
0
0
0
0
0
2.21458
0
0
0
0
0
0
2.21458
0
0
0
0
0
2.21458
0
0
0
0
0
2.21458
0
0
0
0
0
2.21458
0
0
0
0
0
2.21458
0
0
0
0
0
2.21458
0
0
0
0
0
2.21458
0
0
0
0
0
2.21458
0
0
0
0
0
2.21458
0
0
0
0
0
2.21458
0
0
0
0
0
2.21458
0
0
0
0
0
2.21458
0
0
0
0
0
2.21458
0
0
0
0
0
2.21458
0
0
0
0
0
2.21458
0
0
0
0
0
2.21458
0
0
0
0
0
2.21458
0
0
0
0
0
2.21458
0
0
0
0
2.21458
0
0
0
0
0
2.21458
0
0
0
0
0
2.21458
0
0
0
0
0
2.21458
0
0
0
0
0
2.21458
0
0
0
0
0
2.21458
0
0
0
0
2.21458
0
0
0
0
0
2.21458
0
0
0
0
0
2.21458
0
0
0
0
0
2.21458
0
0
0
0
2.21458
0
0
0
0
0
0
2.21458
0
0
0
0
0
2.21458
0
0
0
0
0
2.21458
0
0
0
0
0
2.21458
0
0
0
0
2.21458
0
0
0
0
0
2.21458
0
0
0
0
2.21458
0
0
0
0
0
2.21458
0
0
0
0
0
2.21458
0
0
0
0
0
2.21458
0
0
0
0
0
2.21458
0
0
0
0
0
2.21458
0
0
0
0
2.21458
0
0
0
0
0
2.21458
0
0
0
0
0
2.21458
0
0
0
0
0
2.21458
0
0
0
0
0
2.21458
0
0
0
0
2.21458
0
0
0
0
0
2.21458
0
0
0
0
0
2.21458
0
0
0
0
0
2.21458
0
0
0
0
0
2.21458
0
0
0
0
2.21458
0
0
0
0
0
2.21458
0
0
0
0
0
2.21458
0
0
0
0
2.21458
0
0
0
0
0
2.21458
0
0
0
0
0
2.21458
0
0
0
0
2.21458
0
0
0
0
0
0
2.21458
0
0
0
0
2.21458
0
0
0
0
0
2.21458
0
0
0
0
2.21458
0
0
0
0
0
2.21458
0
0
0
0
0
2.21458
0
0
0
0
0
2.21458
0
0
0
0
2.21458
0
0
0
0
0
2.21458
0
0
0
0
0
2.21458
0
0
0
0
0
0
0
0
0
0
2.21458
0
0
0
0
0
2.21458
0
0
0
0
0
2.21458
0
0
0
0
2.21458
0
0
0
0
0
2.21458
0
0
0
0
0
0
0
0
0
0
2.21458
0
0
0
0
0
2.21458
0
0
0
0
2.21458
0
0
0
0
0
2.21458
0
0
0
0
0
2.21458
0
0
0
0
0
2.21458
0
0
0
0
0
2.21458
0
0
0
0
0
2.21458
0
0
0
0
2.21458
0
0
0
0
0
2.21458
0
0
0
0
0
2.21458
0
0
0
0
0
2.21458
0
0
0
0
0
2.21458
0
0
0
0
2.21458
0
0
0
0
0
2.21458
2.21458
0
0
0
0
2.21458
0
0
0
0
0
2.21458
0
0
0
0
0
2.21458
0
0
0
0
0
2.21458
0
0
0
0
0
2.21458
0
0
0
0
2.21458
0
0
0
0
0
0
0
0
0
0
0
2.21458
0
0
0
0
0
2.21458
0
0
0
0
2.21458
0
0
0
0
0
2.21458
0
0
0
0
0
2.21458
0
0
0
0
2.21458
0
0
0
0
0
2.21458
0
0
0
0
0
2.21458
0
0
0
0
0
2.21458
0
0
0
0
0
2.21458
0
0
0
0
0
2.21458
0
0
0
0
2.21458
0
0
0
0
0
2.21458
0
0
0
0
0
2.21458
0
0
0
0
2.21458
0
0
0
0
0
2.21458
0
0
0
0
2.21458
0
0
0
0
0
2.21458
0
0
0
0
0
2.21458
0
0
0
0
0
2.21458
0
0
0
0
0
2.21458
0
0
0
0
2.21458
0
0
0
0
0
2.21458
0
0
0
0
0
2.21458
0
0
0
0
2.21458
0
0
0
0
0
2.21458
0
0
0
0
0
2.21458
0
0
0
0
2.21458
0
0
0
0
0
2.21458
0
0
0
0
0
2.21458
0
0
0
0
2.21458
0
0
0
0
0
2.21458
0
0
0
0
0
2.21458
0
0
0
0
0
2.21458
0
0
0
0
0
2.21458
0
0
0
0
2.21458
0
0
0
0
0
2.21458
0
0
0
0
0
2.21458
0
0
0
0
0
2.21458
0
0
0
0
2.21458
0
0
0
0
0
2.21458
0
0
0
0
0
2.21458
0
0
0
0
0
2.21458
0
0
0
0
2.21458
0
0
0
0
0
2.21458
0
0
0
0
0
2.21458
0
0
0
0
2.21458
0
0
0
0
0
2.21458
0
0
0
0
2.21458
0
0
0
0
0
2.21458
0
0
0
0
0
2.21458
0
0
0
0
2.21458
0
0
0
0
0
2.21458
0
0
0
0
0
2.21458
2.21458
0
0
0
0
2.21458
0
0
0
0
2.21458
0
0
631.781
903.869
331.95
87.3209
83.0658
76.6831
76.6831
76.6831
78.8107
74.5555
74.5555
76.6831
76.6831
76.6831
78.8107
76.6831
76.6831
78.8107
76.6831
76.6831
76.6831
76.6831
78.8107
76.6831
76.6831
76.6831
78.8107
76.6831
76.6831
78.8107
76.6831
76.6831
76.6831
78.8107
76.6831
78.8107
76.6831
76.6831
74.5555
76.6831
74.5555
76.6831
74.5555
74.5555
76.6831
74.5555
74.5555
76.6831
74.5555
76.6831
74.5555
76.6831
74.5555
76.6831
76.6831
76.6831
76.6831
76.6831
74.5555
76.6831
74.5555
74.5555
76.6831
74.5555
74.5555
76.6831
74.5555
74.5555
76.6831
74.5555
74.5555
74.5555
74.5555
74.5555
74.5555
74.5555
76.6831
74.5555
74.5555
74.5555
76.6831
74.5555
76.6831
74.5555
76.6831
74.5555
76.6831
74.5555
74.5555
76.6831
74.5555
76.6831
76.6831
76.6831
74.5555
76.6831
76.6831
76.6831
74.5555
76.6831
76.6831
76.6831
74.5555
76.6831
76.6831
74.5555
76.6831
76.6831
74.5555
76.6831
74.5555
76.6831
76.6831
74.5555
76.6831
74.5555
74.5555
76.6831
74.5555
76.6831
76.6831
74.5555
76.6831
76.6831
74.5555
76.6831
74.5555
76.6831
74.5555
76.6831
74.5555
74.5555
76.6831
74.5555
76.6831
74.5555
76.6831
74.5555
74.5555
76.6831
76.6831
76.6831
76.6831
74.5555
76.6831
74.5555
74.5555
76.6831
74.5555
76.6831
74.5555
76.6831
74.5555
74.5555
76.6831
74.5555
74.5555
74.5555
74.5555
74.5555
74.5555
76.6831
74.5555
74.5555
76.6831
76.6831
76.6831
74.5555
76.6831
74.5555
74.5555
76.6831
74.5555
74.5555
74.5555
74.5555
74.5555
74.5555
76.6831
76.6831
74.5555
74.5555
74.5555
74.5555
74.5555
72.428
74.5555
74.5555
74.5555
74.5555
74.5555
76.6831
74.5555
74.5555
74.5555
74.5555
74.5555
72.428
74.5555
74.5555
74.5555
74.5555
72.428
74.5555
74.5555
74.5555
72.428
74.5555
74.5555
72.428
74.5555
74.5555
72.428
74.5555
72.428
74.5555
72.428
74.5555
74.5555
72.428
74.5555
72.428
74.5555
74.5555
72.428
74.5555
72.428
74.5555
72.428
74.5555
72.428
74.5555
72.428
72.428
74.5555
72.428
74.5555
72.428
74.5555
72.428
74.5555
72.428
74.5555
72.428
74.5555
72.428
74.5555
72.428
74.5555
72.428
74.5555
72.428
74.5555
72.428
74.5555
72.428
72.428
74.5555
72.428
72.428
72.428
72.428
74.5555
72.428
72.428
72.428
74.5555
72.428
72.428
74.5555
72.428
72.428
72.428
72.428
74.5555
72.428
72.428
72.428
72.428
72.428
72.428
72.428
72.428
72.428
74.5555
72.428
72.428
72.428
72.428
72.428
72.428
72.428
72.428
72.428
72.428
72.428
72.428
72.428
72.428
72.428
72.428
72.428
72.428
72.428
72.428
70.3004
72.428
72.428
72.428
72.428
72.428
70.3004
72.428
72.428
72.428
72.428
72.428
70.3004
72.428
72.428
72.428
72.428
72.428
70.3004
72.428
72.428
72.428
72.428
70.3004
72.428
72.428
70.3004
72.428
72.428
70.3004
72.428
72.428
72.428
70.3004
72.428
72.428
72.428
70.3004
72.428
72.428
70.3004
72.428
70.3004
72.428
72.428
70.3004
72.428
70.3004
72.428
70.3004
72.428
70.3004
72.428
70.3004
72.428
72.428
70.3004
72.428
70.3004
72.428
70.3004
72.428
70.3004
70.3004
72.428
72.428
70.3004
72.428
70.3004
70.3004
72.428
70.3004
70.3004
72.428
70.3004
72.428
70.3004
70.3004
72.428
70.3004
70.3004
70.3004
72.428
70.3004
72.428
70.3004
70.3004
72.428
70.3004
70.3004
72.428
70.3004
70.3004
70.3004
72.428
70.3004
70.3004
70.3004
72.428
70.3004
70.3004
70.3004
70.3004
70.3004
70.3004
70.3004
72.428
70.3004
70.3004
70.3004
70.3004
70.3004
70.3004
70.3004
70.3004
70.3004
70.3004
70.3004
70.3004
70.3004
70.3004
70.3004
70.3004
70.3004
70.3004
70.3004
70.3004
70.3004
68.1728
70.3004
70.3004
70.3004
70.3004
68.1728
70.3004
70.3004
70.3004
70.3004
70.3004
70.3004
68.1728
70.3004
70.3004
68.1728
70.3004
70.3004
70.3004
68.1728
70.3004
68.1728
70.3004
70.3004
68.1728
70.3004
68.1728
70.3004
70.3004
68.1728
70.3004
68.1728
70.3004
70.3004
68.1728
70.3004
68.1728
70.3004
70.3004
68.1728
70.3004
68.1728
70.3004
68.1728
68.1728
70.3004
68.1728
70.3004
68.1728
70.3004
68.1728
68.1728
70.3004
68.1728
70.3004
68.1728
68.1728
68.1728
70.3004
68.1728
68.1728
68.1728
70.3004
68.1728
68.1728
68.1728
68.1728
68.1728
68.1728
70.3004
68.1728
68.1728
68.1728
68.1728
68.1728
68.1728
68.1728
68.1728
70.3004
68.1728
68.1728
68.1728
68.1728
68.1728
68.1728
68.1728
70.3004
68.1728
68.1728
68.1728
68.1728
68.1728
68.1728
68.1728
68.1728
68.1728
68.1728
68.1728
68.1728
68.1728
68.1728
68.1728
68.1728
68.1728
68.1728
68.1728
68.1728
66.0452
68.1728
68.1728
68.1728
68.1728
66.0452
68.1728
68.1728
32.0028
0
0
0
0
2.21458
0
0
0
0
0
2.21458
0
0
0
0
0
2.21458
0
0
0
0
0
2.21458
0
0
0
0
0
2.21458
0
0
0
0
2.21458
0
0
0
0
0
2.21458
0
0
0
0
0
2.21458
0
0
0
0
0
2.21458
0
0
0
0
0
2.21458
0
0
0
0
2.21458
0
0
0
0
0
0
0
0
0
0
2.21458
0
0
0
0
0
2.21458
0
0
0
0
0
2.21458
0
0
0
0
0
0
0
0
0
0
0
0
0
0
0
2.21458
0
0
0
0
0
2.21458
0
0
0
0
0
2.21458
0
0
0
0
0
2.21458
0
0
0
0
0
2.21458
0
0
0
0
0
2.21458
0
0
0
0
2.21458
0
0
0
0
0
2.21458
0
0
0
0
0
2.21458
0
0
0
0
2.21458
0
0
0
0
0
0
0
0
0
0
2.21458
0
0
0
0
0
2.21458
0
0
0
0
0
2.21458
0
0
0
0
0
2.21458
0
0
0
0
0
2.21458
0
0
0
0
0
0
2.21458
0
0
0
0
0
2.21458
0
0
0
0
0
2.21458
0
0
0
0
2.21458
0
0
0
0
0
2.21458
0
0
0
0
0
0
0
0
0
0
0
0
2.21458
0
0
0
0
0
2.21458
0
0
0
0
0
2.21458
0
0
0
0
0
2.21458
0
0
0
0
0
2.21458
0
0
0
0
0
2.21458
0
0
0
0
0
2.21458
0
0
0
0
0
2.21458
0
0
0
0
0
0
0
0
0
0
2.21458
0
0
0
0
0
2.21458
0
0
0
0
0
2.21458
0
0
0
0
0
0
0
0
0
0
0
0
0
0
0
0
2.21458
0
0
0
0
0
2.21458
0
0
0
0
0
0
0
0
0
0
0
2.21458
0
0
0
0
0
2.21458
0
0
0
0
0
2.21458
0
0
0
0
0
2.21458
0
0
0
0
0
0
0
0
0
0
0
0
0
0
0
0
0
0
2.21458
0
0
0
0
0
2.21458
0
0
0
0
0
0
2.21458
0
0
0
0
0
2.21458
0
0
0
0
2.21458
0
0
0
0
0
2.21458
0
0
0
0
0
2.21458
0
0
0
0
0
2.21458
0
0
0
0
0
2.21458
0
0
0
0
0
2.21458
0
0
0
0
0
0
0
0
0
0
0
2.21458
0
0
0
0
0
2.21458
0
0
0
0
0
2.21458
0
0
0
0
0
2.21458
0
0
0
0
0
2.21458
0
0
0
0
0
0
0
0
0
0
0
2.21458
0
0
0
0
0
2.21458
0
0
0
0
0
2.21458
0
0
0
0
0
2.21458
0
0
0
0
0
2.21458
0
0
0
0
0
0
2.21458
0
0
0
0
2.21458
0
0
0
0
0
0
2.21458
0
0
0
0
0
2.21458
0
0
0
0
0
2.21458
0
0
0
0
0
2.21458
0
0
0
0
0
2.21458
0
0
0
0
0
2.21458
0
0
0
0
0
0
2.21458
0
0
0
0
0
2.21458
0
0
0
0
0
2.21458
0
0
0
0
0
2.21458
0
0
0
0
0
2.21458
2.21458
0
0
0
0
2.21458
10.7256
14.9811
14.9811
14.9811
14.9811
14.9811
14.9811
14.9811
14.9811
14.9811
14.9811
14.9811
14.9811
14.9811
14.9811
14.9811
14.9811
8.59787
0
0
2.21458
2.21458
2.21458
0
0
0
0
0
0
0
0
2.21458
0
0
0
0
0
2.21458
0
0
0
0
0
2.21458
0
0
0
0
0
0
2.21458
0
0
0
0
0
2.21458
0
0
0
0
0
0
0
0
0
0
0
0
0
0
0
0
0
0
0
0
0
0
0
2.21458
0
0
0
0
0
2.21458
0
0
0
0
0
0
0
0
0
0
0
2.21458
0
0
0
0
0
2.21458
0
0
0
0
0
2.21458
0
0
0
0
2.21458
0
0
0
0
0
2.21458
0
0
0
0
0
0
2.21458
0
0
0
0
0
2.21458
0
0
0
0
0
2.21458
0
0
0
0
0
2.21458
0
0
0
0
0
0
2.21458
0
0
0
0
2.21458
0
0
0
0
0
0
0
0
0
0
0
2.21458
0
0
0
0
0
2.21458
0
0
0
0
0
2.21458
0
0
0
0
0
2.21458
0
0
0
0
0
0
0
0
0
0
0
2.21458
0
0
0
0
2.21458
0
0
0
0
0
0
0
0
0
0
0
2.21458
0
0
0
0
0
2.21458
0
0
0
0
0
0
2.21458
0
0
0
0
0
2.21458
2.21458
0
0
0
0
2.21458
2.21458
0
0
0
0
0
0
0
0
0
0
2.21458
0
0
0
0
2.21458
0
0
0
0
0
2.21458
0
0
0
0
0
2.21458
0
0
0
0
0
0
2.21458
0
0
0
0
2.21458
0
0
0
0
0
2.21458
0
0
0
0
0
2.21458
0
0
0
0
2.21458
0
0
0
0
0
2.21458
0
0
0
0
0
2.21458
0
0
0
0
2.21458
0
0
0
0
0
2.21458
0
0
0
0
0
0
0
0
0
0
2.21458
0
0
0
0
0
2.21458
0
0
0
0
2.21458
0
0
0
0
0
2.21458
0
0
0
0
2.21458
0
0
0
0
0
0
2.21458
0
0
0
0
2.21458
0
0
0
0
0
2.21458
0
0
0
0
0
2.21458
0
0
0
0
0
2.21458
0
0
0
0
0
0
0
0
0
0
0
2.21458
0
0
0
0
0
2.21458
0
0
0
0
2.21458
0
0
0
0
0
2.21458
0
0
0
0
0
2.21458
0
0
0
0
0
2.21458
0
0
0
0
0
2.21458
0
0
0
0
0
2.21458
0
0
0
0
0
2.21458
0
0
0
0
0
2.21458
0
0
0
0
0
2.21458
0
0
0
0
0
2.21458
0
0
0
0
0
2.21458
0
0
0
0
0
2.21458
0
0
0
0
0
2.21458
0
0
0
0
0
2.21458
0
0
0
0
0
2.21458
0
0
0
0
0
0
2.21458
0
0
0
0
0
2.21458
2.21458
0
0
0
0
0
0
0
0
0
0
2.21458
0
0
0
0
0
2.21458
0
0
0
0
0
2.21458
0
0
0
0
0
2.21458
0
0
0
0
0
2.21458
0
0
0
0
0
2.21458
0
0
0
0
2.21458
0
0
0
0
0
2.21458
0
0
0
0
0
2.21458
0
0
0
0
0
0
2.21458
0
0
0
0
0
2.21458
0
0
0
0
0
0
0
0
0
0
2.21458
0
0
0
0
0
2.21458
0
0
0
0
0
2.21458
0
0
0
0
0
2.21458
0
0
0
0
0
2.21458
0
0
0
0
0
2.21458
0
0
0
0
0
2.21458
0
0
0
0
0
2.21458
0
0
0
0
0
2.21458
0
0
0
0
0
2.21458
0
0
0
0
0
2.21458
0
0
0
0
338.33
905.994
570.123
95.831
78.8107
76.6831
76.6831
74.5555
74.5555
72.428
72.428
74.5555
76.6831
76.6831
74.5555
74.5555
76.6831
74.5555
76.6831
74.5555
76.6831
74.5555
76.6831
76.6831
74.5555
76.6831
76.6831
76.6831
76.6831
78.8107
76.6831
78.8107
76.6831
78.8107
76.6831
78.8107
76.6831
76.6831
76.6831
74.5555
74.5555
74.5555
76.6831
74.5555
76.6831
74.5555
74.5555
76.6831
74.5555
74.5555
74.5555
74.5555
76.6831
74.5555
76.6831
76.6831
74.5555
76.6831
74.5555
76.6831
76.6831
76.6831
74.5555
76.6831
74.5555
76.6831
74.5555
76.6831
74.5555
76.6831
74.5555
74.5555
74.5555
74.5555
74.5555
74.5555
74.5555
74.5555
74.5555
74.5555
74.5555
74.5555
76.6831
74.5555
74.5555
74.5555
74.5555
74.5555
76.6831
74.5555
74.5555
76.6831
74.5555
74.5555
76.6831
74.5555
76.6831
74.5555
76.6831
76.6831
74.5555
76.6831
74.5555
76.6831
74.5555
76.6831
74.5555
76.6831
74.5555
74.5555
74.5555
74.5555
76.6831
74.5555
74.5555
76.6831
74.5555
74.5555
74.5555
74.5555
74.5555
74.5555
74.5555
76.6831
74.5555
74.5555
74.5555
74.5555
74.5555
76.6831
74.5555
74.5555
74.5555
74.5555
74.5555
74.5555
74.5555
76.6831
74.5555
74.5555
74.5555
74.5555
74.5555
74.5555
74.5555
74.5555
74.5555
74.5555
74.5555
74.5555
74.5555
74.5555
72.428
74.5555
74.5555
74.5555
74.5555
72.428
74.5555
74.5555
74.5555
72.428
74.5555
74.5555
74.5555
72.428
74.5555
72.428
74.5555
74.5555
74.5555
74.5555
74.5555
72.428
74.5555
72.428
74.5555
74.5555
72.428
74.5555
74.5555
74.5555
72.428
74.5555
72.428
74.5555
74.5555
72.428
74.5555
72.428
74.5555
72.428
72.428
74.5555
74.5555
74.5555
74.5555
72.428
74.5555
72.428
72.428
74.5555
72.428
72.428
74.5555
72.428
72.428
72.428
74.5555
72.428
72.428
72.428
74.5555
74.5555
72.428
74.5555
72.428
72.428
72.428
74.5555
72.428
72.428
72.428
74.5555
72.428
72.428
72.428
72.428
72.428
72.428
74.5555
72.428
72.428
72.428
72.428
72.428
72.428
72.428
72.428
72.428
72.428
72.428
72.428
72.428
72.428
72.428
72.428
72.428
72.428
72.428
72.428
72.428
72.428
72.428
72.428
72.428
72.428
72.428
72.428
72.428
72.428
72.428
72.428
70.3004
70.3004
72.428
72.428
72.428
72.428
72.428
70.3004
72.428
72.428
72.428
70.3004
72.428
72.428
72.428
70.3004
72.428
72.428
72.428
72.428
70.3004
72.428
72.428
70.3004
72.428
72.428
70.3004
70.3004
70.3004
72.428
70.3004
72.428
70.3004
72.428
72.428
70.3004
72.428
70.3004
72.428
70.3004
70.3004
70.3004
72.428
70.3004
72.428
70.3004
72.428
72.428
70.3004
70.3004
70.3004
70.3004
72.428
70.3004
72.428
70.3004
70.3004
72.428
70.3004
70.3004
72.428
70.3004
72.428
72.428
70.3004
70.3004
70.3004
72.428
70.3004
70.3004
70.3004
72.428
70.3004
70.3004
70.3004
72.428
70.3004
70.3004
70.3004
70.3004
72.428
70.3004
70.3004
72.428
72.428
70.3004
70.3004
70.3004
72.428
70.3004
70.3004
70.3004
70.3004
72.428
70.3004
70.3004
70.3004
70.3004
70.3004
70.3004
70.3004
70.3004
70.3004
70.3004
72.428
70.3004
70.3004
70.3004
70.3004
70.3004
70.3004
72.428
70.3004
70.3004
70.3004
70.3004
70.3004
70.3004
70.3004
70.3004
70.3004
72.428
70.3004
70.3004
70.3004
70.3004
70.3004
72.428
70.3004
70.3004
70.3004
70.3004
70.3004
70.3004
70.3004
70.3004
70.3004
70.3004
70.3004
70.3004
72.428
70.3004
70.3004
70.3004
70.3004
70.3004
70.3004
70.3004
70.3004
70.3004
70.3004
70.3004
70.3004
70.3004
70.3004
70.3004
70.3004
70.3004
70.3004
70.3004
70.3004
70.3004
70.3004
70.3004
70.3004
68.1728
70.3004
70.3004
70.3004
68.1728
70.3004
70.3004
68.1728
70.3004
70.3004
70.3004
68.1728
70.3004
70.3004
68.1728
70.3004
70.3004
68.1728
68.1728
70.3004
68.1728
70.3004
70.3004
68.1728
70.3004
70.3004
68.1728
70.3004
70.3004
70.3004
70.3004
70.3004
70.3004
68.1728
70.3004
70.3004
68.1728
70.3004
68.1728
70.3004
70.3004
68.1728
70.3004
70.3004
68.1728
70.3004
70.3004
68.1728
70.3004
70.3004
68.1728
70.3004
68.1728
70.3004
68.1728
70.3004
70.3004
68.1728
70.3004
70.3004
70.3004
68.1728
70.3004
68.1728
70.3004
68.1728
70.3004
68.1728
70.3004
70.3004
68.1728
70.3004
68.1728
68.1728
70.3004
68.1728
68.1728
70.3004
68.1728
68.1728
68.1728
70.3004
68.1728
68.1728
68.1728
70.3004
68.1728
68.1728
68.1728
70.3004
68.1728
68.1728
68.1728
70.3004
70.3004
68.1728
68.1728
68.1728
68.1728
68.1728
68.1728
68.1728
68.1728
70.3004
68.1728
68.1728
68.1728
68.1728
68.1728
68.1728
70.3004
68.1728
68.1728
68.1728
68.1728
68.1728
68.1728
68.1728
68.1728
68.1728
68.1728
68.1728
68.1728
68.1728
68.1728
68.1728
68.1728
68.1728
68.1728
68.1728
68.1728
68.1728
68.1728
68.1728
68.1728
68.1728
68.1728
68.1728
66.0452
68.1728
68.1728
68.1728
68.1728
68.1728
68.1728
68.1728
68.1728
66.0452
68.1728
68.1728
68.1728
68.1728
38.3859
0
0
2.21458
0
0
0
0
2.21458
0
0
0
0
0
2.21458
0
0
0
0
2.21458
0
0
0
0
0
0
0
0
0
0
2.21458
0
0
0
0
0
2.21458
0
0
0
0
2.21458
0
0
0
0
0
2.21458
0
0
0
0
0
2.21458
0
0
0
0
2.21458
0
0
0
0
2.21458
0
0
0
0
0
0
2.21458
0
0
0
0
2.21458
0
0
0
0
2.21458
0
0
0
0
0
2.21458
0
0
0
0
0
2.21458
0
0
0
0
2.21458
2.21458
0
0
0
0
2.21458
0
0
0
0
2.21458
0
0
0
0
0
2.21458
0
0
0
0
0
2.21458
0
0
0
0
0
0
0
0
0
0
2.21458
0
0
0
0
2.21458
0
0
0
0
2.21458
2.21458
0
0
0
0
2.21458
0
0
0
0
0
2.21458
0
0
0
0
0
2.21458
0
0
0
0
0
2.21458
0
0
0
0
0
0
0
0
0
2.21458
0
0
0
0
0
2.21458
0
0
0
0
2.21458
0
0
0
0
2.21458
2.21458
0
0
0
0
2.21458
0
0
0
0
2.21458
0
0
0
0
0
2.21458
0
0
0
0
0
2.21458
0
0
0
0
2.21458
0
0
0
0
0
0
0
0
0
0
2.21458
0
0
0
0
0
2.21458
0
0
0
0
2.21458
0
0
0
0
0
2.21458
0
0
0
0
2.21458
2.21458
0
0
0
0
2.21458
2.21458
0
0
0
2.21458
0
0
0
0
2.21458
0
0
0
0
0
2.21458
0
0
0
0
0
2.21458
0
0
0
0
0
0
0
0
0
0
0
0
0
0
0
2.21458
0
0
0
0
2.21458
0
0
0
0
0
2.21458
0
0
0
0
2.21458
0
0
0
0
0
0
0
0
0
0
2.21458
0
0
0
0
0
2.21458
0
0
0
0
2.21458
0
0
0
0
2.21458
0
0
0
0
2.21458
0
0
0
0
0
2.21458
0
0
0
0
2.21458
0
0
0
0
2.21458
0
0
0
0
0
2.21458
0
0
0
0
0
2.21458
0
0
0
0
2.21458
0
0
0
0
0
2.21458
0
0
0
0
2.21458
0
0
0
0
0
2.21458
0
0
0
0
2.21458
0
0
0
0
0
2.21458
0
0
0
0
2.21458
0
0
0
0
0
0
0
0
0
0
0
2.21458
0
0
0
0
0
2.21458
0
0
0
0
2.21458
0
0
0
0
0
2.21458
0
0
0
0
0
2.21458
0
0
0
0
2.21458
0
0
0
0
0
2.21458
0
0
0
0
0
2.21458
0
0
0
0
0
2.21458
0
0
0
0
0
0
0
0
0
0
0
0
0
0
0
0
2.21458
0
0
0
0
0
0
0
0
0
0
0
0
0
0
0
0
2.21458
0
0
0
0
0
2.21458
0
0
0
0
0
2.21458
0
0
0
0
0
2.21458
2.21458
0
0
0
2.21458
0
0
0
0
0
2.21458
0
0
0
0
0
2.21458
0
0
0
0
0
2.21458
2.21458
0
0
0
0
2.21458
0
0
0
0
0
2.21458
0
0
0
0
0
0
0
0
0
0
2.21458
0
0
0
0
0
2.21458
0
0
0
0
0
0
0
0
0
0
0
2.21458
0
0
0
0
0
2.21458
0
0
0
0
0
2.21458
2.21458
0
0
0
0
2.21458
0
0
0
0
0
2.21458
0
0
0
0
0
0
0
0
0
0
0
0
0
0
0
0
0
2.21458
0
0
0
0
0
0
2.21458
0
0
0
0
2.21458
0
0
0
0
0
2.21458
2.21458
0
0
0
0
2.21458
0
0
0
0
0
2.21458
0
0
0
0
0
0
2.21458
0
0
0
0
0
2.21458
0
0
0
0
0
2.21458
0
0
0
0
0
2.21458
0
0
0
0
0
0
0
0
0
0
0
0
0
0
0
0
0
0
0
0
0
0
0
0
2.21458
2.21458
0
0
0
0
2.21458
0
0
0
0
2.21458
0
0
0
0
0
0
0
0
0
0
0
2.21458
2.21458
0
0
0
0
2.21458
0
0
0
0
0
2.21458
0
0
0
0
2.21458
2.21458
0
0
0
0
0
0
0
0
0
0
2.21458
2.21458
0
0
0
0
2.21458
0
0
0
0
0
2.21458
0
0
0
0
0
2.21458
0
0
0
0
0
2.21458
0
0
0
0
0
2.21458
0
0
0
0
0
2.21458
0
0
0
0
0
2.21458
0
0
0
0
0
2.21458
0
0
0
0
0
0
2.21458
0
0
0
0
2.21458
0
0
0
0
0
2.21458
0
0
0
0
0
2.21458
0
0
0
0
0
2.21458
0
0
0
0
0
2.21458
0
0
0
0
0
2.21458
0
0
0
0
2.21458
0
0
0
0
0
2.21458
0
0
0
0
0
2.21458
0
0
0
0
0
2.21458
2.21458
0
0
0
0
2.21458
0
0
0
0
0
0
2.21458
0
0
0
0
0
2.21458
0
0
0
0
0
2.21458
2.21458
0
0
0
2.21458
0
0
0
0
0
0
2.21458
0
0
0
0
2.21458
0
0
0
0
0
2.21458
0
0
0
0
0
2.21458
0
0
0
0
0
2.21458
0
0
0
0
0
2.21458
0
0
0
0
0
2.21458
0
0
0
0
0
2.21458
0
0
0
0
0
2.21458
0
0
0
0
2.21458
0
0
0
0
0
0
2.21458
0
0
0
0
2.21458
0
0
0
0
0
2.21458
0
0
0
0
0
0
0
0
0
0
0
0
0
0
0
0
0
2.21458
0
0
0
0
0
0
0
0
0
0
0
0
0
0
0
0
2.21458
0
0
0
0
2.21458
0
0
0
0
0
2.21458
0
0
0
0
0
2.21458
0
0
0
0
0
2.21458
0
0
0
0
2.21458
0
0
0
0
0
2.21458
0
0
0
0
0
2.21458
0
0
0
0
0
2.21458
0
0
0
0
0
0
0
0
0
0
2.21458
0
0
0
0
0
2.21458
0
0
0
0
0
2.21458
0
0
0
0
2.21458
0
0
0
0
0
0
2.21458
0
0
0
0
0
2.21458
0
0
0
0
0
2.21458
0
0
0
0
2.21458
0
0
0
0
0
2.21458
0
0
0
0
0
2.21458
0
0
0
0
0
0
0
0
0
0
0
2.21458
0
0
0
0
0
2.21458
0
0
0
0
0
2.21458
0
0
0
0
0
2.21458
0
0
0
0
0
2.21458
0
0
0
0
0
0
0
0
0
0
0
2.21458
0
0
0
0
0
2.21458
0
0
0
0
0
0
0
0
0
0
0
2.21458
0
0
0
0
0
2.21458
0
0
0
0
0
0
0
0
0
0
0
0
2.21458
0
0
0
0
2.21458
0
0
0
0
0
0
0
0
0
0
0
2.21458
0
0
0
0
0
2.21458
2.21458
0
0
0
0
2.21458
0
0
0
0
0
0
2.21458
0
0
0
0
0
2.21458
0
0
0
0
0
2.21458
2.21458
0
0
0
0
2.21458
0
0
0
0
0
2.21458
0
0
0
0
0
2.21458
0
0
0
0
0
2.21458
0
0
0
0
0
2.21458
0
0
0
0
0
2.21458
0
0
0
0
0
0
0
0
0
0
0
0
2.21458
0
0
0
0
0
0
0
0
0
0
0
2.21458
0
0
0
0
0
2.21458
999.502
786.968
110.723
83.0658
76.6831
78.8107
78.8107
76.6831
74.5555
76.6831
74.5555
74.5555
74.5555
74.5555
74.5555
74.5555
74.5555
74.5555
74.5555
74.5555
74.5555
74.5555
74.5555
74.5555
74.5555
74.5555
74.5555
91.576
91.576
91.576
93.7035
91.576
95.831
91.576
91.576
91.576
89.4484
76.6831
76.6831
74.5555
76.6831
76.6831
76.6831
76.6831
76.6831
74.5555
74.5555
76.6831
76.6831
76.6831
76.6831
78.8107
76.6831
78.8107
76.6831
76.6831
78.8107
76.6831
76.6831
76.6831
74.5555
76.6831
76.6831
76.6831
76.6831
76.6831
74.5555
76.6831
74.5555
74.5555
74.5555
74.5555
74.5555
76.6831
74.5555
74.5555
76.6831
74.5555
74.5555
74.5555
76.6831
74.5555
74.5555
74.5555
74.5555
76.6831
76.6831
76.6831
76.6831
76.6831
74.5555
76.6831
74.5555
76.6831
76.6831
76.6831
76.6831
76.6831
76.6831
76.6831
76.6831
76.6831
76.6831
76.6831
76.6831
76.6831
74.5555
76.6831
76.6831
74.5555
76.6831
74.5555
74.5555
76.6831
74.5555
76.6831
76.6831
76.6831
76.6831
76.6831
76.6831
76.6831
76.6831
74.5555
76.6831
76.6831
76.6831
74.5555
76.6831
74.5555
76.6831
76.6831
74.5555
76.6831
76.6831
74.5555
74.5555
76.6831
74.5555
76.6831
76.6831
74.5555
76.6831
76.6831
74.5555
76.6831
74.5555
74.5555
76.6831
74.5555
76.6831
74.5555
76.6831
74.5555
76.6831
74.5555
76.6831
74.5555
74.5555
74.5555
74.5555
74.5555
74.5555
74.5555
74.5555
74.5555
74.5555
74.5555
74.5555
76.6831
76.6831
74.5555
74.5555
74.5555
76.6831
74.5555
74.5555
74.5555
74.5555
74.5555
76.6831
74.5555
74.5555
74.5555
74.5555
74.5555
74.5555
74.5555
74.5555
74.5555
74.5555
74.5555
74.5555
74.5555
74.5555
74.5555
74.5555
74.5555
74.5555
74.5555
72.428
74.5555
74.5555
74.5555
74.5555
74.5555
74.5555
72.428
74.5555
74.5555
74.5555
72.428
74.5555
74.5555
72.428
74.5555
74.5555
72.428
74.5555
72.428
74.5555
74.5555
72.428
72.428
74.5555
74.5555
74.5555
74.5555
72.428
74.5555
72.428
74.5555
72.428
74.5555
72.428
74.5555
72.428
74.5555
74.5555
74.5555
74.5555
74.5555
74.5555
74.5555
72.428
74.5555
74.5555
74.5555
74.5555
72.428
74.5555
72.428
74.5555
72.428
72.428
74.5555
72.428
72.428
72.428
72.428
74.5555
72.428
72.428
72.428
74.5555
72.428
72.428
74.5555
72.428
72.428
72.428
72.428
72.428
72.428
72.428
72.428
72.428
72.428
72.428
72.428
72.428
72.428
72.428
72.428
72.428
72.428
72.428
74.5555
72.428
72.428
72.428
72.428
72.428
72.428
72.428
72.428
72.428
72.428
72.428
72.428
72.428
72.428
72.428
72.428
72.428
72.428
72.428
72.428
70.3004
72.428
72.428
72.428
72.428
72.428
72.428
72.428
72.428
72.428
70.3004
72.428
72.428
72.428
72.428
72.428
72.428
72.428
72.428
70.3004
72.428
72.428
72.428
72.428
70.3004
72.428
72.428
72.428
72.428
70.3004
70.3004
72.428
72.428
70.3004
72.428
72.428
70.3004
72.428
72.428
70.3004
72.428
72.428
70.3004
72.428
72.428
70.3004
72.428
72.428
70.3004
70.3004
72.428
72.428
72.428
70.3004
72.428
70.3004
70.3004
72.428
70.3004
72.428
70.3004
72.428
70.3004
70.3004
70.3004
72.428
70.3004
70.3004
72.428
70.3004
70.3004
72.428
70.3004
72.428
70.3004
72.428
70.3004
72.428
72.428
70.3004
72.428
70.3004
70.3004
72.428
70.3004
70.3004
72.428
70.3004
70.3004
70.3004
70.3004
70.3004
72.428
70.3004
70.3004
70.3004
70.3004
70.3004
72.428
70.3004
70.3004
70.3004
70.3004
70.3004
70.3004
70.3004
70.3004
70.3004
70.3004
70.3004
70.3004
70.3004
70.3004
68.1728
70.3004
70.3004
70.3004
70.3004
70.3004
70.3004
70.3004
70.3004
70.3004
70.3004
70.3004
70.3004
70.3004
70.3004
70.3004
68.1728
68.1728
70.3004
70.3004
68.1728
70.3004
70.3004
70.3004
68.1728
70.3004
70.3004
68.1728
70.3004
70.3004
68.1728
70.3004
70.3004
68.1728
68.1728
70.3004
68.1728
70.3004
68.1728
70.3004
68.1728
70.3004
70.3004
68.1728
70.3004
68.1728
70.3004
68.1728
68.1728
68.1728
68.1728
70.3004
70.3004
70.3004
68.1728
70.3004
68.1728
70.3004
70.3004
68.1728
70.3004
68.1728
70.3004
68.1728
70.3004
68.1728
70.3004
68.1728
70.3004
68.1728
68.1728
68.1728
68.1728
70.3004
68.1728
70.3004
68.1728
68.1728
70.3004
68.1728
68.1728
70.3004
68.1728
68.1728
68.1728
70.3004
68.1728
68.1728
68.1728
70.3004
70.3004
68.1728
70.3004
68.1728
68.1728
68.1728
68.1728
70.3004
68.1728
68.1728
68.1728
68.1728
68.1728
68.1728
68.1728
68.1728
68.1728
70.3004
68.1728
68.1728
68.1728
68.1728
68.1728
68.1728
68.1728
68.1728
68.1728
68.1728
68.1728
70.3004
68.1728
68.1728
68.1728
68.1728
68.1728
68.1728
68.1728
68.1728
68.1728
66.0452
68.1728
68.1728
68.1728
68.1728
68.1728
68.1728
68.1728
68.1728
66.0452
66.0452
68.1728
68.1728
68.1728
68.1728
66.0452
68.1728
68.1728
68.1728
68.1728
66.0452
68.1728
68.1728
68.1728
66.0452
68.1728
68.1728
68.1728
66.0452
68.1728
68.1728
68.1728
66.0452
68.1728
25.6197
2.21458
0
0
0
0
0
2.21458
0
0
0
0
0
2.21458
0
0
0
0
0
2.21458
0
0
0
0
0
2.21458
0
0
0
0
0
2.21458
0
0
0
0
2.21458
0
0
0
0
0
2.21458
0
0
0
0
0
2.21458
0
0
0
0
0
2.21458
0
0
0
0
0
2.21458
0
0
0
0
0
2.21458
0
0
0
0
0
2.21458
0
0
0
0
2.21458
0
0
0
0
0
2.21458
0
0
0
0
0
0
2.21458
0
0
0
0
0
2.21458
0
0
0
0
0
2.21458
0
0
0
0
0
2.21458
0
0
0
0
0
2.21458
0
0
0
0
0
2.21458
0
0
0
0
0
2.21458
0
0
0
0
2.21458
0
0
0
0
0
2.21458
0
0
0
0
0
2.21458
0
0
0
0
0
2.21458
0
0
0
0
0
2.21458
0
0
0
0
0
2.21458
0
0
0
0
2.21458
0
0
0
0
0
2.21458
0
0
0
0
0
2.21458
0
0
0
0
0
0
2.21458
0
0
0
0
0
2.21458
0
0
0
0
2.21458
0
0
0
0
0
2.21458
0
0
0
0
0
2.21458
0
0
0
0
0
2.21458
0
0
0
0
2.21458
0
0
0
0
0
2.21458
0
0
0
0
0
0
0
2.21458
0
0
0
2.21458
0
0
0
0
0
2.21458
0
0
0
0
0
2.21458
0
0
0
0
0
2.21458
0
0
0
0
0
2.21458
2.21458
0
0
0
0
2.21458
0
0
0
0
0
2.21458
0
0
0
0
2.21458
0
0
0
0
0
0
2.21458
0
0
0
0
0
0
0
0
0
0
0
2.21458
0
0
0
0
0
2.21458
0
0
0
0
0
2.21458
0
0
0
0
0
0
0
0
0
0
0
2.21458
0
0
0
0
2.21458
0
0
0
0
0
2.21458
0
0
0
0
0
0
0
0
0
0
0
2.21458
0
0
0
0
0
0
0
0
0
0
0
0
0
0
0
0
0
0
0
0
0
0
0
2.21458
0
0
0
0
0
2.21458
0
0
0
0
0
2.21458
0
0
0
0
0
0
0
0
0
0
0
0
0
0
0
0
2.21458
0
0
0
0
0
0
2.21458
0
0
0
0
0
2.21458
0
0
0
0
2.21458
0
0
0
0
0
2.21458
0
0
0
0
0
0
0
0
0
0
0
2.21458
0
0
0
0
0
0
0
0
0
0
0
0
0
0
0
0
0
2.21458
2.21458
0
0
0
0
2.21458
0
0
0
0
0
2.21458
0
0
0
0
0
2.21458
0
0
0
0
0
2.21458
0
0
0
0
2.21458
0
0
0
0
0
2.21458
2.21458
0
0
0
0
2.21458
0
0
0
0
0
2.21458
0
0
0
0
0
2.21458
0
0
0
0
0
2.21458
0
0
0
0
0
2.21458
0
0
0
0
0
2.21458
0
0
0
0
0
0
0
0
0
0
0
2.21458
0
0
0
0
2.21458
0
0
0
0
0
0
0
0
0
0
0
0
0
0
0
0
0
2.21458
2.21458
0
0
0
0
2.21458
0
0
0
0
0
0
0
0
0
0
0
2.21458
0
0
0
0
0
2.21458
0
0
0
0
0
2.21458
0
0
0
0
0
0
0
0
0
0
0
2.21458
0
0
0
0
0
2.21458
0
0
0
0
0
2.21458
0
0
0
0
2.21458
0
0
0
0
0
2.21458
0
0
0
0
0
0
0
0
0
0
0
0
0
0
0
0
0
2.21458
0
0
0
0
0
0
0
0
0
0
0
0
2.21458
0
0
0
0
2.21458
2.21458
0
0
0
0
2.21458
0
0
0
0
0
2.21458
2.21458
0
0
0
0
0
0
0
0
0
2.21458
0
0
0
0
0
2.21458
0
0
0
0
0
2.21458
0
0
0
0
0
2.21458
0
0
0
0
0
2.21458
0
0
0
0
0
2.21458
0
0
0
0
0
0
0
0
0
0
0
2.21458
2.21458
0
0
0
0
2.21458
0
0
0
0
0
2.21458
0
0
0
0
0
2.21458
0
0
0
0
0
0
0
0
0
0
0
0
0
0
0
0
0
2.21458
0
0
0
0
0
0
0
0
0
0
0
0
0
0
0
0
0
2.21458
0
0
0
0
0
2.21458
2.21458
0
0
0
0
2.21458
2.21458
0
0
0
0
0
0
0
0
0
0
2.21458
2.21458
0
0
0
0
2.21458
0
0
0
0
0
0
0
0
0
2.21458
0
0
0
0
2.21458
0
0
0
0
0
2.21458
0
0
0
0
2.21458
0
0
0
0
2.21458
0
0
0
0
0
0
0
0
0
2.21458
0
0
0
0
2.21458
0
0
0
0
2.21458
0
0
0
2.21458
0
0
0
0
0
2.21458
0
0
0
0
0
0
0
0
2.21458
0
0
0
0
0
0
0
0
0
0
0
0
0
0
2.21458
0
0
0
0
2.21458
0
0
0
0
2.21458
0
0
0
0
0
0
0
0
0
0
0
0
0
0
2.21458
0
0
0
0
2.21458
0
0
0
0
2.21458
0
0
0
0
2.21458
0
0
0
0
0
0
0
0
0
2.21458
0
0
0
0
2.21458
0
0
0
0
2.21458
0
0
0
0
2.21458
0
0
0
0
0
0
0
0
0
2.21458
0
0
0
0
2.21458
0
0
0
0
2.21458
0
0
0
0
2.21458
0
0
0
0
0
0
0
0
0
2.21458
2.21458
0
0
0
2.21458
0
0
0
0
0
0
0
0
0
2.21458
0
0
0
0
2.21458
0
0
0
0
0
2.21458
0
0
0
2.21458
0
0
0
0
0
2.21458
0
0
0
0
0
0
0
0
0
2.21458
0
0
0
0
2.21458
0
0
0
0
0
0
0
0
0
2.21458
2.21458
0
0
0
2.21458
0
0
0
0
0
0
0
0
0
2.21458
2.21458
0
0
0
2.21458
0
0
0
0
2.21458
0
0
0
0
0
0
0
0
0
0
2.21458
0
0
0
0
2.21458
0
0
0
0
2.21458
0
0
0
0
2.21458
2.21458
0
0
0
2.21458
0
0
0
0
2.21458
2.21458
0
0
0
0
0
0
0
0
2.21458
0
0
0
0
2.21458
0
0
0
0
0
0
0
0
0
2.21458
0
0
0
0
2.21458
2.21458
0
0
0
0
2.21458
0
0
0
0
2.21458
0
0
0
0
2.21458
0
0
0
0
0
0
0
0
0
2.21458
2.21458
0
0
0
0
0
0
0
0
2.21458
0
0
0
0
0
0
0
0
0
0
0
0
0
0
2.21458
0
0
0
0
2.21458
0
0
0
0
0
2.21458
0
0
0
0
2.21458
0
0
0
0
2.21458
0
0
0
0
2.21458
0
0
0
0
0
2.21458
0
0
0
0
0
0
0
0
0
2.21458
0
0
0
0
2.21458
0
0
0
0
2.21458
0
0
0
0
2.21458
0
0
0
0
0
0
0
0
0
0
2.21458
0
0
0
0
2.21458
0
0
0
0
2.21458
0
0
0
0
2.21458
0
0
0
0
2.21458
0
0
0
0
0
0
0
0
0
2.21458
0
0
0
0
2.21458
0
0
0
0
2.21458
2.21458
0
0
0
0
0
0
0
438.286
956.999
444.666
89.4484
78.8107
76.6831
76.6831
76.6831
74.5555
76.6831
74.5555
74.5555
74.5555
74.5555
74.5555
74.5555
76.6831
74.5555
76.6831
76.6831
76.6831
76.6831
74.5555
78.8107
76.6831
76.6831
76.6831
76.6831
76.6831
78.8107
78.8107
76.6831
78.8107
78.8107
76.6831
78.8107
78.8107
78.8107
76.6831
74.5555
76.6831
76.6831
74.5555
76.6831
76.6831
74.5555
74.5555
76.6831
74.5555
74.5555
76.6831
76.6831
76.6831
76.6831
76.6831
74.5555
76.6831
76.6831
76.6831
76.6831
76.6831
76.6831
74.5555
76.6831
76.6831
76.6831
76.6831
76.6831
74.5555
74.5555
76.6831
76.6831
74.5555
78.8107
74.5555
76.6831
76.6831
76.6831
76.6831
76.6831
76.6831
76.6831
76.6831
76.6831
76.6831
78.8107
76.6831
76.6831
76.6831
76.6831
76.6831
78.8107
76.6831
76.6831
76.6831
76.6831
78.8107
76.6831
78.8107
76.6831
76.6831
78.8107
76.6831
76.6831
78.8107
76.6831
76.6831
78.8107
76.6831
76.6831
78.8107
76.6831
76.6831
76.6831
78.8107
76.6831
76.6831
74.5555
76.6831
76.6831
76.6831
76.6831
76.6831
76.6831
76.6831
76.6831
76.6831
76.6831
78.8107
76.6831
76.6831
78.8107
76.6831
76.6831
76.6831
76.6831
76.6831
76.6831
76.6831
76.6831
76.6831
76.6831
76.6831
78.8107
76.6831
76.6831
76.6831
76.6831
76.6831
76.6831
76.6831
74.5555
76.6831
76.6831
76.6831
76.6831
76.6831
74.5555
74.5555
76.6831
76.6831
74.5555
76.6831
76.6831
74.5555
76.6831
76.6831
74.5555
74.5555
74.5555
76.6831
76.6831
76.6831
76.6831
76.6831
76.6831
76.6831
74.5555
76.6831
74.5555
76.6831
74.5555
76.6831
76.6831
74.5555
76.6831
74.5555
76.6831
74.5555
76.6831
74.5555
76.6831
74.5555
76.6831
74.5555
74.5555
76.6831
74.5555
76.6831
76.6831
74.5555
76.6831
74.5555
74.5555
76.6831
74.5555
74.5555
74.5555
74.5555
74.5555
76.6831
74.5555
74.5555
74.5555
74.5555
74.5555
74.5555
74.5555
74.5555
74.5555
76.6831
74.5555
74.5555
74.5555
74.5555
74.5555
74.5555
74.5555
74.5555
74.5555
74.5555
74.5555
74.5555
74.5555
74.5555
74.5555
74.5555
74.5555
72.428
74.5555
74.5555
74.5555
74.5555
74.5555
74.5555
74.5555
74.5555
74.5555
74.5555
74.5555
74.5555
74.5555
74.5555
74.5555
72.428
74.5555
74.5555
74.5555
74.5555
72.428
74.5555
74.5555
74.5555
72.428
74.5555
74.5555
72.428
74.5555
74.5555
72.428
74.5555
74.5555
72.428
74.5555
74.5555
72.428
74.5555
72.428
74.5555
72.428
74.5555
74.5555
72.428
74.5555
72.428
74.5555
74.5555
72.428
74.5555
74.5555
72.428
74.5555
74.5555
74.5555
72.428
74.5555
72.428
74.5555
72.428
74.5555
72.428
74.5555
72.428
74.5555
72.428
72.428
74.5555
72.428
74.5555
74.5555
72.428
72.428
72.428
72.428
74.5555
72.428
74.5555
72.428
72.428
74.5555
72.428
72.428
74.5555
72.428
72.428
72.428
74.5555
72.428
72.428
72.428
74.5555
72.428
72.428
72.428
72.428
72.428
74.5555
72.428
72.428
72.428
72.428
72.428
72.428
72.428
72.428
72.428
72.428
72.428
72.428
72.428
72.428
74.5555
74.5555
72.428
72.428
72.428
72.428
72.428
72.428
72.428
72.428
72.428
72.428
72.428
72.428
72.428
70.3004
72.428
72.428
72.428
70.3004
72.428
70.3004
72.428
70.3004
70.3004
70.3004
72.428
70.3004
70.3004
70.3004
70.3004
72.428
70.3004
70.3004
70.3004
70.3004
70.3004
70.3004
70.3004
70.3004
72.428
70.3004
70.3004
68.1728
70.3004
70.3004
70.3004
70.3004
70.3004
70.3004
70.3004
70.3004
70.3004
70.3004
70.3004
70.3004
70.3004
70.3004
70.3004
68.1728
70.3004
70.3004
70.3004
70.3004
70.3004
70.3004
70.3004
70.3004
70.3004
70.3004
70.3004
70.3004
70.3004
70.3004
70.3004
68.1728
70.3004
70.3004
70.3004
68.1728
70.3004
70.3004
70.3004
68.1728
70.3004
70.3004
70.3004
70.3004
68.1728
70.3004
70.3004
68.1728
70.3004
70.3004
70.3004
68.1728
70.3004
70.3004
70.3004
68.1728
70.3004
68.1728
70.3004
70.3004
68.1728
70.3004
70.3004
68.1728
70.3004
70.3004
70.3004
70.3004
70.3004
68.1728
70.3004
70.3004
68.1728
70.3004
68.1728
70.3004
68.1728
70.3004
68.1728
70.3004
68.1728
70.3004
68.1728
68.1728
70.3004
70.3004
70.3004
70.3004
68.1728
68.1728
70.3004
68.1728
70.3004
68.1728
68.1728
70.3004
68.1728
68.1728
70.3004
68.1728
68.1728
70.3004
68.1728
68.1728
70.3004
70.3004
68.1728
68.1728
68.1728
68.1728
70.3004
68.1728
68.1728
70.3004
68.1728
68.1728
68.1728
68.1728
70.3004
68.1728
68.1728
68.1728
68.1728
70.3004
70.3004
68.1728
68.1728
68.1728
68.1728
68.1728
68.1728
68.1728
68.1728
66.0452
68.1728
68.1728
68.1728
68.1728
68.1728
68.1728
68.1728
68.1728
66.0452
68.1728
68.1728
68.1728
68.1728
68.1728
68.1728
66.0452
68.1728
68.1728
68.1728
68.1728
66.0452
68.1728
68.1728
68.1728
66.0452
68.1728
68.1728
66.0452
68.1728
68.1728
68.1728
66.0452
68.1728
68.1728
66.0452
57.5347
0
0
0
0
0
0
2.21458
0
0
0
2.21458
0
0
0
2.21458
0
0
0
0
2.21458
0
0
0
0
2.21458
0
0
0
0
2.21458
0
0
0
0
2.21458
0
0
0
0
0
2.21458
0
0
0
0
2.21458
0
0
0
2.21458
2.21458
0
0
0
0
2.21458
0
0
0
0
2.21458
0
0
0
0
0
2.21458
0
0
0
2.21458
2.21458
0
0
0
0
2.21458
0
0
0
0
0
0
0
0
0
2.21458
0
0
0
0
2.21458
0
0
0
0
2.21458
0
0
0
0
2.21458
0
0
0
0
2.21458
0
0
0
0
0
0
0
0
0
2.21458
0
0
0
0
0
0
0
0
0
0
0
0
0
0
0
0
2.21458
0
0
0
0
2.21458
0
0
0
0
0
0
0
0
0
0
0
2.21458
0
0
0
0
2.21458
0
0
0
0
2.21458
0
0
0
0
2.21458
0
0
0
0
2.21458
0
0
0
0
0
2.21458
0
0
0
0
0
2.21458
0
0
0
0
2.21458
0
0
0
0
0
0
0
0
0
2.21458
0
0
0
0
2.21458
0
0
0
0
2.21458
0
0
0
0
0
0
0
0
0
0
2.21458
0
0
0
0
2.21458
0
0
0
0
2.21458
0
0
0
0
0
2.21458
0
0
0
0
0
0
0
0
0
0
2.21458
0
0
0
0
2.21458
0
0
0
0
0
0
0
0
0
2.21458
0
0
0
0
0
2.21458
0
0
0
0
2.21458
0
0
0
0
2.21458
2.21458
0
0
0
0
2.21458
0
0
0
0
2.21458
0
0
0
0
0
2.21458
0
0
0
0
2.21458
2.21458
0
0
0
2.21458
0
0
0
0
0
2.21458
0
0
0
0
2.21458
0
0
0
0
2.21458
0
0
0
0
2.21458
0
0
0
0
0
2.21458
0
0
0
0
2.21458
0
0
0
0
2.21458
0
0
0
0
0
2.21458
0
0
0
0
2.21458
0
0
0
0
2.21458
0
0
0
0
0
2.21458
0
0
0
0
2.21458
0
0
0
0
0
0
0
0
0
0
0
0
0
0
2.21458
0
0
0
0
2.21458
0
0
0
0
0
0
0
0
0
0
2.21458
0
0
0
0
2.21458
0
0
0
0
2.21458
0
0
0
0
2.21458
0
0
0
0
2.21458
0
0
0
0
2.21458
0
0
0
0
0
0
0
0
0
0
2.21458
0
0
0
0
0
0
0
0
0
2.21458
0
0
0
0
0
2.21458
0
0
0
0
0
0
0
0
0
2.21458
0
0
0
0
0
2.21458
0
0
0
0
0
2.21458
0
0
0
0
2.21458
0
0
0
0
0
0
0
0
0
0
0
2.21458
0
0
0
0
2.21458
0
0
0
0
2.21458
2.21458
0
0
0
0
2.21458
0
0
0
0
2.21458
0
0
0
0
0
0
0
0
0
0
0
0
0
0
0
0
2.21458
0
0
0
0
2.21458
0
0
0
0
0
2.21458
0
0
0
0
2.21458
0
0
0
0
2.21458
0
0
0
0
2.21458
2.21458
0
0
2.21458
0
0
0
0
0
2.21458
0
0
0
2.21458
0
0
0
0
0
2.21458
0
0
0
0
2.21458
0
0
0
0
0
0
0
0
0
0
0
0
0
0
0
2.21458
0
0
0
0
2.21458
0
0
0
0
2.21458
0
0
0
0
0
2.21458
0
0
0
0
2.21458
2.21458
0
0
0
2.21458
0
0
0
0
2.21458
0
0
0
0
0
2.21458
0
0
0
2.21458
0
0
0
0
0
2.21458
0
0
0
0
2.21458
2.21458
0
0
0
2.21458
0
0
0
0
2.21458
0
0
0
0
0
2.21458
0
0
0
0
2.21458
0
0
0
0
2.21458
0
0
0
0
2.21458
0
0
0
0
0
0
2.21458
0
0
0
2.21458
0
0
0
0
2.21458
2.21458
0
0
0
0
0
0
0
0
0
2.21458
0
0
0
0
0
0
0
0
0
2.21458
0
0
0
0
2.21458
0
0
0
0
2.21458
0
0
0
0
2.21458
0
0
0
0
2.21458
0
0
0
0
2.21458
0
0
0
0
0
2.21458
0
0
0
0
0
0
0
0
0
2.21458
0
0
0
0
2.21458
0
0
0
0
0
0
0
0
0
0
2.21458
0
0
0
0
2.21458
0
0
0
0
0
2.21458
0
0
0
0
2.21458
0
0
0
0
2.21458
0
0
0
0
2.21458
0
0
0
0
0
2.21458
0
0
0
0
2.21458
0
0
0
0
2.21458
0
0
0
0
0
2.21458
0
0
0
0
2.21458
0
0
0
0
2.21458
0
0
0
2.21458
0
0
0
0
0
0
0
0
0
0
0
0
0
0
0
2.21458
0
0
0
0
2.21458
0
0
0
0
2.21458
0
0
0
0
2.21458
0
0
0
0
0
0
0
0
0
2.21458
0
0
0
0
0
0
0
0
0
0
2.21458
0
0
0
0
0
0
0
0
0
2.21458
0
0
0
0
2.21458
0
0
0
0
0
2.21458
0
0
0
0
2.21458
0
0
0
0
2.21458
0
0
0
0
2.21458
0
0
0
0
0
2.21458
0
0
0
0
2.21458
0
0
0
0
2.21458
0
0
0
0
0
2.21458
0
0
0
0
2.21458
0
0
0
0
2.21458
0
0
0
0
0
2.21458
0
0
0
0
0
2.21458
0
0
0
0
2.21458
0
0
0
0
0
2.21458
0
0
0
0
2.21458
0
0
0
0
2.21458
0
0
0
0
2.21458
0
0
0
0
0
2.21458
0
0
0
0
2.21458
0
0
0
0
2.21458
0
0
0
0
2.21458
0
0
0
0
2.21458
0
0
0
0
2.21458
0
0
0
0
2.21458
0
0
0
0
2.21458
0
0
0
0
0
2.21458
0
0
0
2.21458
0
0
0
0
0
2.21458
0
0
0
0
2.21458
0
0
0
0
2.21458
0
0
0
2.21458
0
0
0
0
0
2.21458
0
0
0
0
2.21458
0
0
0
0
2.21458
0
0
0
2.21458
0
0
0
0
2.21458
0
0
0
0
0
2.21458
0
0
0
0
2.21458
0
0
0
0
2.21458
0
0
0
0
2.21458
0
0
0
0
2.21458
0
0
0
0
0
2.21458
0
0
0
0
2.21458
0
0
0
0
2.21458
0
0
0
0
2.21458
0
0
0
0
2.21458
0
0
0
0
2.21458
0
0
0
0
0
2.21458
2.21458
0
0
0
2.21458
0
0
0
0
2.21458
0
0
0
0
2.21458
0
0
0
0
2.21458
0
0
0
0
2.21458
0
0
0
0
2.21458
0
0
0
0
2.21458
0
0
0
0
2.21458
0
0
0
0
2.21458
0
0
0
0
2.21458
0
0
0
0
2.21458
0
0
0
2.21458
0
0
0
0
2.21458
0
0
0
0
2.21458
0
0
0
0
2.21458
0
0
0
0
0
2.21458
0
0
0
0
2.21458
0
0
0
0
2.21458
0
0
0
0
2.21458
2.21458
0
0
0
2.21458
0
0
0
0
2.21458
0
0
0
0
2.21458
0
0
0
0
0
2.21458
0
0
0
0
2.21458
0
0
0
0
2.21458
0
0
0
0
2.21458
0
0
0
0
2.21458
0
0
0
0
2.21458
0
0
0
0
2.21458
0
0
0
0
0
2.21458
0
0
0
0
2.21458
0
0
0
0
2.21458
0
0
0
0
2.21458
0
0
0
0
2.21458
0
0
0
0
2.21458
0
0
0
0
2.21458
0
0
0
0
2.21458
0
0
0
0
2.21458
229.853
976.126
619.025
97.9585
80.9382
80.9382
78.8107
78.8107
76.6831
76.6831
78.8107
78.8107
76.6831
76.6831
78.8107
76.6831
76.6831
78.8107
76.6831
76.6831
78.8107
76.6831
78.8107
76.6831
78.8107
76.6831
78.8107
78.8107
76.6831
78.8107
80.9382
78.8107
78.8107
78.8107
78.8107
78.8107
78.8107
78.8107
78.8107
76.6831
76.6831
76.6831
76.6831
74.5555
78.8107
74.5555
76.6831
78.8107
74.5555
76.6831
74.5555
74.5555
76.6831
74.5555
76.6831
74.5555
76.6831
74.5555
74.5555
74.5555
74.5555
74.5555
74.5555
74.5555
74.5555
74.5555
74.5555
74.5555
76.6831
74.5555
74.5555
74.5555
74.5555
76.6831
74.5555
76.6831
74.5555
74.5555
76.6831
74.5555
76.6831
74.5555
74.5555
74.5555
74.5555
76.6831
76.6831
74.5555
76.6831
74.5555
76.6831
76.6831
76.6831
76.6831
76.6831
76.6831
74.5555
76.6831
76.6831
76.6831
74.5555
76.6831
76.6831
76.6831
76.6831
74.5555
76.6831
76.6831
74.5555
76.6831
76.6831
76.6831
76.6831
74.5555
76.6831
76.6831
74.5555
74.5555
76.6831
74.5555
76.6831
76.6831
74.5555
76.6831
74.5555
74.5555
76.6831
74.5555
76.6831
74.5555
76.6831
74.5555
76.6831
74.5555
74.5555
74.5555
76.6831
76.6831
74.5555
74.5555
76.6831
74.5555
76.6831
76.6831
76.6831
74.5555
76.6831
74.5555
76.6831
74.5555
74.5555
76.6831
74.5555
76.6831
74.5555
74.5555
76.6831
76.6831
74.5555
74.5555
76.6831
76.6831
74.5555
74.5555
74.5555
74.5555
74.5555
76.6831
74.5555
76.6831
76.6831
74.5555
74.5555
74.5555
74.5555
76.6831
74.5555
74.5555
74.5555
74.5555
74.5555
74.5555
74.5555
74.5555
74.5555
74.5555
74.5555
74.5555
72.428
74.5555
74.5555
74.5555
74.5555
74.5555
74.5555
74.5555
74.5555
76.6831
76.6831
74.5555
74.5555
74.5555
74.5555
74.5555
74.5555
74.5555
74.5555
74.5555
74.5555
74.5555
74.5555
72.428
74.5555
74.5555
74.5555
74.5555
74.5555
74.5555
74.5555
72.428
72.428
74.5555
72.428
74.5555
74.5555
72.428
74.5555
74.5555
72.428
74.5555
74.5555
74.5555
72.428
74.5555
74.5555
72.428
74.5555
74.5555
74.5555
74.5555
74.5555
74.5555
72.428
72.428
72.428
74.5555
76.6831
74.5555
74.5555
72.428
74.5555
72.428
74.5555
72.428
74.5555
74.5555
72.428
74.5555
72.428
74.5555
74.5555
72.428
72.428
72.428
74.5555
72.428
74.5555
72.428
74.5555
72.428
74.5555
72.428
72.428
74.5555
72.428
72.428
74.5555
72.428
72.428
74.5555
74.5555
72.428
72.428
74.5555
72.428
72.428
72.428
72.428
74.5555
72.428
72.428
72.428
72.428
72.428
74.5555
72.428
72.428
72.428
72.428
72.428
72.428
72.428
72.428
72.428
72.428
72.428
72.428
72.428
72.428
70.3004
72.428
72.428
72.428
72.428
72.428
72.428
72.428
72.428
72.428
72.428
72.428
72.428
72.428
72.428
72.428
72.428
72.428
72.428
72.428
72.428
72.428
72.428
72.428
74.5555
74.5555
72.428
74.5555
72.428
72.428
72.428
72.428
72.428
72.428
72.428
72.428
72.428
70.3004
72.428
72.428
70.3004
72.428
72.428
72.428
72.428
72.428
70.3004
72.428
72.428
72.428
70.3004
72.428
72.428
72.428
72.428
70.3004
72.428
72.428
70.3004
72.428
70.3004
72.428
72.428
70.3004
72.428
70.3004
72.428
72.428
70.3004
72.428
72.428
72.428
72.428
72.428
72.428
72.428
70.3004
72.428
72.428
70.3004
72.428
70.3004
72.428
72.428
72.428
72.428
70.3004
72.428
70.3004
70.3004
70.3004
72.428
70.3004
70.3004
72.428
70.3004
70.3004
72.428
72.428
70.3004
70.3004
72.428
70.3004
70.3004
70.3004
72.428
70.3004
70.3004
70.3004
70.3004
70.3004
72.428
70.3004
70.3004
70.3004
70.3004
70.3004
70.3004
70.3004
70.3004
70.3004
70.3004
70.3004
70.3004
70.3004
70.3004
70.3004
70.3004
70.3004
70.3004
70.3004
70.3004
70.3004
70.3004
70.3004
70.3004
70.3004
68.1728
70.3004
70.3004
70.3004
70.3004
68.1728
70.3004
70.3004
70.3004
68.1728
70.3004
70.3004
70.3004
70.3004
68.1728
70.3004
70.3004
70.3004
68.1728
70.3004
70.3004
68.1728
70.3004
70.3004
68.1728
70.3004
70.3004
68.1728
70.3004
70.3004
68.1728
70.3004
68.1728
68.1728
70.3004
70.3004
70.3004
70.3004
68.1728
70.3004
68.1728
70.3004
68.1728
70.3004
68.1728
68.1728
70.3004
68.1728
70.3004
68.1728
68.1728
70.3004
70.3004
68.1728
68.1728
68.1728
68.1728
70.3004
70.3004
68.1728
70.3004
68.1728
68.1728
68.1728
70.3004
68.1728
68.1728
68.1728
70.3004
68.1728
68.1728
68.1728
68.1728
70.3004
68.1728
68.1728
68.1728
68.1728
70.3004
68.1728
68.1728
68.1728
68.1728
68.1728
68.1728
70.3004
68.1728
68.1728
68.1728
68.1728
68.1728
68.1728
68.1728
68.1728
68.1728
68.1728
68.1728
68.1728
68.1728
68.1728
68.1728
68.1728
68.1728
68.1728
68.1728
68.1728
68.1728
68.1728
68.1728
68.1728
57.5347
0
0
0
0
2.21458
0
0
0
0
0
2.21458
0
0
0
0
0
0
0
0
0
2.21458
0
0
0
0
2.21458
0
0
0
0
2.21458
0
0
0
0
2.21458
0
0
0
0
2.21458
0
0
0
0
0
2.21458
0
0
0
0
0
0
0
0
0
0
2.21458
0
0
0
0
0
0
0
0
0
2.21458
0
0
0
0
0
2.21458
0
0
0
0
2.21458
0
0
0
0
2.21458
0
0
0
0
2.21458
0
0
0
0
2.21458
0
0
0
0
2.21458
0
0
0
0
0
0
0
0
0
2.21458
0
0
0
0
2.21458
0
0
0
0
0
2.21458
0
0
0
0
0
0
0
0
0
2.21458
0
0
0
0
2.21458
0
0
0
0
2.21458
0
0
0
0
2.21458
0
0
0
0
2.21458
0
0
0
0
2.21458
0
0
0
0
2.21458
0
0
0
0
2.21458
0
0
0
0
2.21458
0
0
0
0
2.21458
0
0
0
0
0
0
0
0
0
2.21458
0
0
0
0
2.21458
0
0
0
0
2.21458
0
0
0
0
2.21458
0
0
0
0
2.21458
0
0
0
0
2.21458
0
0
0
0
2.21458
0
0
0
0
2.21458
2.21458
0
0
0
2.21458
0
0
0
0
2.21458
0
0
0
0
2.21458
0
0
0
0
0
2.21458
0
0
0
0
2.21458
0
0
0
0
2.21458
0
0
0
0
0
2.21458
0
0
0
0
2.21458
0
0
0
0
2.21458
2.21458
0
0
0
2.21458
2.21458
0
0
0
2.21458
0
0
0
0
0
2.21458
0
0
0
0
0
0
0
0
0
2.21458
0
0
0
0
2.21458
0
0
0
0
2.21458
0
0
0
0
2.21458
0
0
0
0
2.21458
0
0
0
0
2.21458
0
0
0
0
2.21458
0
0
0
0
2.21458
0
0
0
0
2.21458
2.21458
0
0
0
0
2.21458
0
0
0
0
2.21458
0
0
0
0
2.21458
0
0
0
0
0
0
0
0
0
2.21458
0
0
0
0
2.21458
0
0
0
0
0
0
0
0
0
2.21458
0
0
0
0
2.21458
0
0
0
0
2.21458
0
0
0
0
2.21458
0
0
0
0
2.21458
0
0
0
0
0
0
0
0
0
2.21458
0
0
0
0
0
0
0
0
0
2.21458
0
0
0
0
2.21458
0
0
0
0
0
0
0
0
0
0
2.21458
0
0
0
0
0
0
0
0
0
0
0
0
0
0
2.21458
0
0
0
0
0
2.21458
0
0
0
0
2.21458
0
0
0
0
2.21458
0
0
0
0
0
2.21458
0
0
0
0
2.21458
0
0
0
0
2.21458
0
0
0
0
2.21458
0
0
0
0
2.21458
0
0
0
0
2.21458
0
0
0
0
2.21458
0
0
0
0
0
2.21458
0
0
0
0
2.21458
0
0
0
0
2.21458
0
0
0
0
2.21458
0
0
0
0
2.21458
0
0
0
0
2.21458
0
0
0
0
2.21458
0
0
0
0
2.21458
0
0
0
0
0
0
0
0
0
2.21458
2.21458
0
0
0
0
0
0
0
0
2.21458
0
0
0
0
2.21458
0
0
0
0
2.21458
0
0
0
0
2.21458
2.21458
0
0
0
2.21458
0
0
0
0
2.21458
0
0
0
0
0
0
0
0
0
2.21458
0
0
0
0
0
0
0
0
2.21458
0
0
0
0
0
0
0
0
2.21458
0
0
0
0
2.21458
0
0
0
0
0
0
0
0
0
2.21458
0
0
0
0
2.21458
0
0
0
0
2.21458
2.21458
0
0
0
2.21458
0
0
0
2.21458
0
0
0
0
2.21458
0
0
0
0
0
2.21458
0
0
0
2.21458
0
0
0
0
0
0
0
0
0
0
0
0
0
0
0
2.21458
0
0
0
0
2.21458
0
0
0
0
2.21458
0
0
0
0
2.21458
0
0
0
0
2.21458
0
0
0
0
2.21458
2.21458
0
0
0
0
2.21458
0
0
0
0
2.21458
0
0
0
0
2.21458
0
0
0
0
2.21458
0
0
0
0
2.21458
0
0
0
0
0
2.21458
2.21458
0
0
2.21458
0
0
0
0
0
0
0
0
0
0
0
0
0
0
2.21458
0
0
0
0
0
0
0
0
0
0
0
0
0
0
2.21458
0
0
0
0
2.21458
0
0
0
0
2.21458
0
0
0
0
0
2.21458
0
0
0
2.21458
0
0
0
0
0
0
0
0
0
2.21458
0
8.59787
17.1089
14.9811
17.1089
14.9811
17.1089
14.9811
14.9811
17.1089
14.9811
17.1089
14.9811
2.21458
0
0
0
0
2.21458
0
0
0
0
0
0
0
0
0
0
2.21458
0
0
0
2.21458
0
0
0
0
2.21458
0
0
0
0
2.21458
0
0
0
0
2.21458
0
0
0
0
2.21458
0
0
0
0
2.21458
0
0
0
0
0
2.21458
0
0
0
0
2.21458
2.21458
0
0
0
2.21458
0
0
0
0
2.21458
0
0
0
0
0
0
0
0
0
2.21458
0
0
0
0
2.21458
0
0
0
0
2.21458
2.21458
0
0
0
0
2.21458
0
0
0
0
2.21458
0
0
0
0
2.21458
0
0
0
0
2.21458
0
0
0
0
0
2.21458
0
0
0
0
2.21458
0
0
0
0
2.21458
0
0
0
0
0
0
0
0
0
2.21458
0
0
0
0
2.21458
0
0
0
0
0
2.21458
0
0
0
0
0
0
0
0
0
2.21458
0
0
0
0
2.21458
0
0
0
0
0
2.21458
2.21458
0
0
0
2.21458
0
0
0
0
0
0
0
0
0
0
2.21458
2.21458
0
0
0
0
2.21458
0
0
0
0
0
0
0
0
0
2.21458
0
0
0
0
2.21458
0
0
0
0
0
2.21458
0
0
0
0
2.21458
0
0
0
0
0
2.21458
0
0
0
0
0
0
0
0
0
2.21458
0
0
0
0
0
0
0
0
0
0
2.21458
0
0
0
0
0
0
0
0
0
0
0
0
0
0
0
2.21458
0
0
0
0
2.21458
0
0
0
0
0
0
0
0
0
0
2.21458
0
0
0
0
0
2.21458
0
0
0
0
2.21458
0
0
0
0
0
0
0
0
0
2.21458
0
0
0
0
2.21458
2.21458
0
0
0
2.21458
0
0
0
0
0
2.21458
0
0
0
0
0
0
0
0
2.21458
0
0
0
0
0
0
0
0
0
2.21458
0
0
0
0
2.21458
0
0
0
0
0
0
0
0
0
0
0
0
0
0
2.21458
0
0
0
0
0
2.21458
0
0
0
0
2.21458
0
0
0
0
2.21458
0
0
0
0
2.21458
0
0
0
0
2.21458
0
0
0
0
2.21458
0
0
0
0
2.21458
2.21458
0
0
0
2.21458
0
0
0
0
0
2.21458
0
0
0
0
0
0
0
0
0
2.21458
0
0
0
0
2.21458
0
0
0
0
2.21458
2.21458
0
0
0
0
2.21458
0
0
0
0
2.21458
0
0
0
0
2.21458
0
0
0
0
0
2.21458
0
0
0
0
2.21458
2.21458
0
0
0
2.21458
0
0
0
0
2.21458
0
0
0
0
2.21458
0
0
0
0
2.21458
0
0
0
0
2.21458
0
0
0
0
2.21458
29.8751
1029.25
731.699
100.086
80.9382
76.6831
76.6831
76.6831
74.5555
74.5555
74.5555
72.428
74.5555
76.6831
74.5555
72.428
76.6831
74.5555
74.5555
74.5555
76.6831
74.5555
76.6831
76.6831
76.6831
76.6831
76.6831
76.6831
76.6831
74.5555
76.6831
78.8107
76.6831
76.6831
78.8107
78.8107
76.6831
78.8107
76.6831
76.6831
76.6831
74.5555
74.5555
76.6831
74.5555
76.6831
74.5555
74.5555
76.6831
74.5555
74.5555
76.6831
76.6831
74.5555
76.6831
76.6831
76.6831
76.6831
74.5555
76.6831
74.5555
76.6831
74.5555
76.6831
76.6831
74.5555
76.6831
76.6831
74.5555
76.6831
74.5555
76.6831
74.5555
76.6831
76.6831
74.5555
74.5555
74.5555
74.5555
74.5555
74.5555
74.5555
74.5555
76.6831
74.5555
74.5555
76.6831
74.5555
76.6831
74.5555
74.5555
76.6831
74.5555
76.6831
74.5555
76.6831
74.5555
76.6831
76.6831
74.5555
76.6831
74.5555
76.6831
74.5555
76.6831
74.5555
74.5555
74.5555
74.5555
76.6831
74.5555
74.5555
76.6831
74.5555
74.5555
74.5555
74.5555
74.5555
74.5555
74.5555
76.6831
74.5555
74.5555
74.5555
74.5555
74.5555
74.5555
74.5555
74.5555
74.5555
74.5555
74.5555
74.5555
74.5555
74.5555
74.5555
74.5555
74.5555
74.5555
76.6831
74.5555
74.5555
74.5555
74.5555
74.5555
74.5555
76.6831
76.6831
74.5555
74.5555
74.5555
74.5555
74.5555
72.428
74.5555
74.5555
74.5555
74.5555
74.5555
74.5555
74.5555
74.5555
74.5555
74.5555
74.5555
74.5555
74.5555
74.5555
74.5555
74.5555
74.5555
74.5555
76.6831
74.5555
74.5555
72.428
74.5555
74.5555
74.5555
74.5555
74.5555
74.5555
72.428
74.5555
74.5555
74.5555
74.5555
72.428
74.5555
74.5555
74.5555
74.5555
72.428
74.5555
74.5555
74.5555
74.5555
74.5555
74.5555
74.5555
74.5555
72.428
72.428
74.5555
74.5555
72.428
72.428
72.428
72.428
72.428
72.428
74.5555
74.5555
74.5555
74.5555
74.5555
74.5555
74.5555
74.5555
74.5555
72.428
72.428
74.5555
72.428
72.428
74.5555
72.428
72.428
74.5555
72.428
74.5555
72.428
72.428
74.5555
72.428
72.428
72.428
72.428
72.428
72.428
74.5555
72.428
72.428
72.428
72.428
72.428
72.428
72.428
72.428
72.428
72.428
72.428
72.428
72.428
72.428
72.428
72.428
72.428
72.428
72.428
72.428
72.428
72.428
72.428
72.428
72.428
70.3004
72.428
72.428
72.428
72.428
72.428
72.428
72.428
70.3004
72.428
72.428
72.428
72.428
72.428
70.3004
72.428
72.428
72.428
72.428
70.3004
72.428
72.428
72.428
72.428
70.3004
72.428
72.428
72.428
70.3004
70.3004
72.428
72.428
72.428
72.428
72.428
70.3004
72.428
72.428
70.3004
72.428
70.3004
72.428
70.3004
72.428
72.428
70.3004
72.428
72.428
72.428
70.3004
70.3004
70.3004
72.428
72.428
70.3004
70.3004
70.3004
72.428
70.3004
72.428
70.3004
70.3004
72.428
70.3004
72.428
70.3004
72.428
70.3004
70.3004
72.428
72.428
70.3004
70.3004
72.428
70.3004
70.3004
72.428
70.3004
72.428
70.3004
70.3004
72.428
70.3004
72.428
70.3004
72.428
70.3004
70.3004
70.3004
70.3004
70.3004
70.3004
72.428
70.3004
72.428
70.3004
70.3004
70.3004
72.428
70.3004
70.3004
70.3004
70.3004
72.428
70.3004
70.3004
72.428
72.428
70.3004
70.3004
70.3004
70.3004
70.3004
70.3004
70.3004
70.3004
70.3004
70.3004
70.3004
70.3004
70.3004
70.3004
70.3004
70.3004
70.3004
70.3004
70.3004
70.3004
70.3004
70.3004
70.3004
70.3004
70.3004
70.3004
70.3004
70.3004
70.3004
70.3004
68.1728
70.3004
70.3004
70.3004
70.3004
70.3004
70.3004
70.3004
70.3004
70.3004
68.1728
70.3004
70.3004
70.3004
70.3004
68.1728
70.3004
70.3004
70.3004
68.1728
70.3004
70.3004
70.3004
70.3004
70.3004
70.3004
70.3004
70.3004
68.1728
70.3004
70.3004
68.1728
70.3004
70.3004
70.3004
70.3004
68.1728
70.3004
70.3004
68.1728
70.3004
68.1728
70.3004
70.3004
68.1728
70.3004
70.3004
68.1728
70.3004
68.1728
70.3004
68.1728
70.3004
70.3004
68.1728
70.3004
70.3004
68.1728
70.3004
68.1728
70.3004
68.1728
70.3004
68.1728
68.1728
70.3004
70.3004
68.1728
68.1728
70.3004
68.1728
70.3004
68.1728
70.3004
68.1728
68.1728
70.3004
68.1728
70.3004
70.3004
68.1728
68.1728
68.1728
68.1728
70.3004
68.1728
70.3004
68.1728
68.1728
68.1728
70.3004
68.1728
68.1728
70.3004
68.1728
68.1728
68.1728
70.3004
68.1728
68.1728
68.1728
68.1728
68.1728
68.1728
68.1728
70.3004
68.1728
68.1728
68.1728
68.1728
70.3004
68.1728
68.1728
68.1728
68.1728
68.1728
70.3004
68.1728
68.1728
68.1728
68.1728
68.1728
68.1728
68.1728
70.3004
68.1728
68.1728
68.1728
68.1728
68.1728
68.1728
68.1728
68.1728
68.1728
68.1728
68.1728
68.1728
68.1728
68.1728
68.1728
68.1728
68.1728
68.1728
68.1728
68.1728
68.1728
68.1728
68.1728
68.1728
68.1728
68.1728
66.0452
68.1728
68.1728
68.1728
68.1728
68.1728
68.1728
68.1728
68.1728
68.1728
68.1728
66.0452
68.1728
68.1728
68.1728
68.1728
68.1728
68.1728
66.0452
68.1728
68.1728
68.1728
68.1728
68.1728
66.0452
68.1728
68.1728
68.1728
68.1728
66.0452
68.1728
68.1728
66.0452
68.1728
68.1728
66.0452
68.1728
44.7689
0
0
0
2.21458
0
0
0
0
0
0
2.21458
0
0
0
0
0
0
0
0
0
2.21458
0
0
0
0
0
0
2.21458
0
0
0
0
0
2.21458
0
0
0
0
0
2.21458
0
0
0
0
0
0
0
0
0
0
0
0
0
0
0
0
0
0
0
0
0
0
0
2.21458
2.21458
0
0
0
0
2.21458
0
0
0
0
0
0
0
0
0
0
0
0
0
0
0
0
0
0
2.21458
0
0
0
0
0
2.21458
0
0
0
0
0
2.21458
2.21458
0
0
0
0
2.21458
0
0
0
0
0
2.21458
0
0
0
0
0
2.21458
0
0
0
0
0
0
0
0
0
0
0
2.21458
2.21458
0
0
0
0
2.21458
0
0
0
0
0
2.21458
0
0
0
0
0
0
0
0
0
0
0
0
2.21458
0
0
0
0
0
2.21458
0
0
0
0
0
0
2.21458
0
0
0
0
2.21458
2.21458
0
0
0
0
2.21458
0
0
0
0
0
0
0
0
0
0
2.21458
0
0
0
0
0
2.21458
0
0
0
0
0
2.21458
0
0
0
0
0
2.21458
0
0
0
0
0
2.21458
0
0
0
0
0
2.21458
0
0
0
0
0
0
0
0
0
0
2.21458
0
0
0
0
0
2.21458
0
0
0
0
0
2.21458
0
0
0
0
0
2.21458
0
0
0
0
0
2.21458
0
0
0
0
0
2.21458
0
0
0
0
0
2.21458
0
0
0
0
0
0
2.21458
0
0
0
0
2.21458
0
0
0
0
2.21458
0
0
0
0
0
0
2.21458
0
0
0
0
0
2.21458
0
0
0
0
2.21458
0
0
0
0
0
2.21458
0
0
0
0
0
2.21458
0
0
0
0
0
2.21458
0
0
0
0
0
0
2.21458
0
0
0
0
0
2.21458
0
0
0
0
0
0
2.21458
0
0
0
0
2.21458
0
0
0
0
0
2.21458
0
0
0
0
0
0
0
0
0
0
2.21458
0
0
0
0
0
2.21458
0
0
0
0
0
2.21458
0
0
0
0
0
0
0
0
0
0
0
0
2.21458
0
0
0
0
0
2.21458
0
0
0
0
0
0
0
0
0
0
0
0
2.21458
0
0
0
0
2.21458
0
0
0
0
0
2.21458
0
0
0
0
0
2.21458
0
0
0
0
0
2.21458
0
0
0
0
0
2.21458
0
0
0
0
0
2.21458
0
0
0
0
0
2.21458
0
0
0
0
2.21458
0
0
0
0
0
0
0
0
0
0
0
2.21458
0
0
0
0
0
2.21458
0
0
0
0
0
2.21458
2.21458
0
0
0
0
2.21458
0
0
0
0
0
0
0
0
0
0
0
2.21458
0
0
0
0
2.21458
0
0
0
0
0
0
2.21458
0
0
0
0
0
0
0
0
0
0
0
2.21458
0
0
0
0
0
0
2.21458
0
0
0
0
2.21458
0
0
0
0
0
0
2.21458
2.21458
0
0
0
0
0
0
0
0
0
0
2.21458
0
0
0
0
0
0
2.21458
0
0
0
0
0
2.21458
0
0
0
0
0
2.21458
0
0
0
0
2.21458
0
0
0
0
0
0
2.21458
0
0
0
0
2.21458
0
0
0
0
0
0
0
2.21458
0
0
0
0
0
2.21458
0
0
0
0
2.21458
0
0
0
0
2.21458
2.21458
0
0
0
0
2.21458
0
0
0
0
0
2.21458
0
0
0
0
0
2.21458
0
0
0
0
0
2.21458
0
0
0
0
2.21458
0
0
0
0
0
2.21458
0
0
0
0
0
2.21458
0
0
0
0
0
2.21458
0
0
0
0
0
0
2.21458
0
0
0
0
2.21458
0
0
0
0
0
2.21458
0
0
0
0
0
2.21458
0
0
0
0
0
2.21458
0
0
0
0
0
2.21458
0
0
0
0
0
2.21458
0
0
0
0
0
2.21458
0
0
0
0
0
0
0
0
0
0
0
2.21458
0
0
0
0
0
2.21458
0
0
0
0
0
2.21458
0
0
0
0
0
2.21458
0
0
0
0
0
0
2.21458
0
0
0
0
2.21458
0
0
0
0
0
0
2.21458
2.21458
0
0
0
2.21458
0
0
0
0
0
0
2.21458
0
0
0
0
0
2.21458
0
0
0
2.21458
0
0
0
0
0
2.21458
2.21458
0
0
0
2.21458
2.21458
0
0
0
0
2.21458
0
0
0
0
0
2.21458
0
0
0
0
0
0
2.21458
0
0
0
0
0
0
0
0
0
2.21458
0
0
0
0
0
0
0
0
0
0
0
0
2.21458
0
0
0
0
2.21458
0
0
0
0
0
2.21458
0
0
0
0
0
2.21458
0
0
0
0
0
2.21458
2.21458
0
0
0
0
2.21458
0
0
0
0
2.21458
0
0
0
0
0
0
2.21458
0
0
0
0
0
0
0
0
0
0
0
0
2.21458
0
0
0
0
2.21458
0
0
0
0
0
2.21458
0
0
0
0
0
0
0
0
0
0
0
0
0
0
0
0
0
2.21458
0
0
0
0
2.21458
0
0
0
0
0
2.21458
0
0
0
0
0
2.21458
0
0
0
0
0
0
0
0
0
0
0
2.21458
0
0
0
0
2.21458
0
0
0
0
0
0
0
2.21458
0
0
0
2.21458
0
0
0
0
0
2.21458
0
0
0
0
0
0
0
0
0
0
0
2.21458
0
0
0
0
0
0
0
0
0
0
0
2.21458
0
0
0
0
0
2.21458
0
0
0
0
0
2.21458
0
0
0
0
0
2.21458
0
0
0
0
0
2.21458
0
0
0
0
0
2.21458
0
0
0
0
0
0
0
0
0
0
2.21458
2.21458
0
0
0
0
2.21458
0
0
0
0
0
0
2.21458
0
0
0
0
0
2.21458
0
0
0
0
2.21458
0
0
0
0
0
2.21458
0
0
0
0
0
2.21458
0
0
0
0
0
0
0
0
0
0
0
0
2.21458
0
0
0
0
0
2.21458
0
0
0
0
0
0
0
0
0
0
0
2.21458
2.21458
0
0
0
0
2.21458
0
0
0
0
0
2.21458
0
0
0
0
0
0
0
0
0
0
0
2.21458
0
0
0
0
0
2.21458
0
0
0
0
0
0
2.21458
0
0
0
0
2.21458
0
0
0
0
0
0
0
0
0
0
0
0
2.21458
0
0
0
0
2.21458
0
0
0
0
0
2.21458
0
0
0
0
0
2.21458
0
0
0
0
2.21458
0
0
0
0
0
2.21458
0
0
0
0
0
2.21458
0
0
0
0
0
0
0
0
0
0
0
2.21458
2.21458
0
0
0
0
2.21458
0
0
0
0
0
2.21458
0
0
0
0
0
0
0
0
0
0
0
2.21458
2.21458
0
0
0
0
2.21458
0
0
0
0
0
0
2.21458
0
0
0
0
0
0
0
0
0
0
2.21458
0
0
0
0
0
2.21458
0
0
0
0
0
2.21458
0
0
0
0
0
2.21458
2.21458
0
0
0
0
2.21458
0
0
0
0
0
2.21458
0
0
0
0
0
2.21458
0
0
0
0
2.21458
0
0
0
0
0
2.21458
0
0
0
0
0
0
0
0
0
0
0
0
2.21458
0
0
0
2.21458
0
0
0
0
0
2.21458
0
0
0
0
0
0
0
2.21458
0
0
0
2.21458
0
0
0
0
0
0
2.21458
0
0
0
0
0
0
0
0
0
0
2.21458
0
0
0
0
0
0
1001.63
786.968
110.723
110.723
80.9382
78.8107
76.6831
76.6831
76.6831
76.6831
74.5555
76.6831
76.6831
74.5555
76.6831
76.6831
76.6831
76.6831
78.8107
76.6831
76.6831
76.6831
76.6831
76.6831
78.8107
76.6831
78.8107
76.6831
76.6831
78.8107
76.6831
78.8107
76.6831
78.8107
78.8107
78.8107
78.8107
78.8107
76.6831
76.6831
76.6831
74.5555
74.5555
76.6831
76.6831
76.6831
76.6831
76.6831
76.6831
76.6831
76.6831
76.6831
76.6831
76.6831
76.6831
76.6831
76.6831
76.6831
74.5555
76.6831
76.6831
76.6831
74.5555
76.6831
74.5555
74.5555
76.6831
74.5555
74.5555
74.5555
76.6831
74.5555
74.5555
74.5555
74.5555
74.5555
74.5555
74.5555
76.6831
74.5555
74.5555
76.6831
74.5555
74.5555
74.5555
76.6831
76.6831
76.6831
76.6831
76.6831
76.6831
74.5555
76.6831
74.5555
76.6831
76.6831
76.6831
76.6831
76.6831
74.5555
76.6831
76.6831
76.6831
76.6831
74.5555
76.6831
76.6831
74.5555
76.6831
76.6831
74.5555
76.6831
74.5555
76.6831
76.6831
76.6831
76.6831
74.5555
74.5555
74.5555
76.6831
76.6831
74.5555
74.5555
76.6831
74.5555
74.5555
76.6831
74.5555
74.5555
74.5555
74.5555
74.5555
74.5555
74.5555
74.5555
74.5555
76.6831
74.5555
76.6831
76.6831
74.5555
74.5555
74.5555
76.6831
76.6831
74.5555
74.5555
76.6831
74.5555
74.5555
74.5555
74.5555
76.6831
74.5555
74.5555
74.5555
74.5555
74.5555
74.5555
74.5555
74.5555
74.5555
74.5555
74.5555
74.5555
74.5555
74.5555
74.5555
74.5555
74.5555
72.428
74.5555
74.5555
72.428
74.5555
74.5555
74.5555
72.428
74.5555
74.5555
74.5555
72.428
74.5555
72.428
74.5555
74.5555
74.5555
74.5555
74.5555
74.5555
74.5555
72.428
74.5555
74.5555
72.428
74.5555
74.5555
74.5555
72.428
74.5555
74.5555
74.5555
72.428
72.428
74.5555
74.5555
72.428
74.5555
72.428
74.5555
72.428
74.5555
74.5555
72.428
72.428
72.428
72.428
72.428
74.5555
74.5555
72.428
74.5555
72.428
72.428
72.428
74.5555
72.428
72.428
72.428
74.5555
74.5555
72.428
74.5555
72.428
72.428
72.428
72.428
74.5555
72.428
72.428
72.428
72.428
72.428
72.428
72.428
72.428
72.428
72.428
72.428
72.428
72.428
74.5555
72.428
72.428
72.428
72.428
72.428
72.428
72.428
72.428
72.428
72.428
72.428
70.3004
70.3004
72.428
72.428
72.428
72.428
72.428
70.3004
72.428
72.428
72.428
72.428
70.3004
72.428
72.428
72.428
70.3004
72.428
72.428
72.428
72.428
72.428
72.428
70.3004
72.428
70.3004
72.428
72.428
70.3004
72.428
72.428
70.3004
72.428
70.3004
72.428
70.3004
72.428
72.428
72.428
70.3004
72.428
70.3004
72.428
70.3004
72.428
70.3004
72.428
70.3004
72.428
70.3004
72.428
70.3004
70.3004
72.428
70.3004
70.3004
70.3004
72.428
70.3004
70.3004
72.428
70.3004
72.428
70.3004
70.3004
72.428
70.3004
70.3004
70.3004
72.428
70.3004
70.3004
70.3004
72.428
70.3004
70.3004
72.428
70.3004
70.3004
70.3004
72.428
70.3004
70.3004
72.428
70.3004
70.3004
72.428
70.3004
70.3004
70.3004
70.3004
72.428
70.3004
70.3004
70.3004
72.428
70.3004
70.3004
70.3004
72.428
70.3004
70.3004
70.3004
70.3004
70.3004
70.3004
72.428
70.3004
70.3004
70.3004
70.3004
70.3004
70.3004
70.3004
70.3004
70.3004
70.3004
68.1728
72.428
70.3004
70.3004
70.3004
68.1728
72.428
68.1728
70.3004
70.3004
70.3004
70.3004
70.3004
70.3004
70.3004
70.3004
70.3004
70.3004
68.1728
70.3004
70.3004
70.3004
70.3004
70.3004
70.3004
70.3004
70.3004
68.1728
70.3004
70.3004
70.3004
68.1728
70.3004
70.3004
70.3004
70.3004
68.1728
70.3004
70.3004
70.3004
68.1728
70.3004
70.3004
68.1728
68.1728
70.3004
70.3004
70.3004
70.3004
70.3004
68.1728
70.3004
70.3004
68.1728
70.3004
70.3004
68.1728
70.3004
70.3004
68.1728
70.3004
70.3004
68.1728
70.3004
68.1728
70.3004
70.3004
68.1728
68.1728
70.3004
68.1728
70.3004
68.1728
70.3004
68.1728
70.3004
68.1728
70.3004
68.1728
70.3004
68.1728
70.3004
68.1728
70.3004
70.3004
68.1728
70.3004
68.1728
68.1728
70.3004
70.3004
68.1728
70.3004
68.1728
68.1728
70.3004
68.1728
68.1728
70.3004
68.1728
68.1728
68.1728
70.3004
68.1728
68.1728
70.3004
68.1728
68.1728
68.1728
68.1728
70.3004
68.1728
68.1728
68.1728
68.1728
68.1728
70.3004
68.1728
68.1728
68.1728
70.3004
68.1728
68.1728
68.1728
68.1728
68.1728
68.1728
68.1728
70.3004
68.1728
68.1728
68.1728
68.1728
68.1728
68.1728
68.1728
68.1728
68.1728
68.1728
68.1728
68.1728
68.1728
68.1728
68.1728
68.1728
68.1728
68.1728
68.1728
68.1728
68.1728
68.1728
68.1728
68.1728
68.1728
68.1728
68.1728
68.1728
68.1728
68.1728
68.1728
68.1728
68.1728
68.1728
68.1728
68.1728
68.1728
68.1728
68.1728
68.1728
68.1728
66.0452
68.1728
68.1728
68.1728
68.1728
66.0452
66.0452
68.1728
68.1728
66.0452
68.1728
66.0452
68.1728
2.21458
0
2.21458
0
0
0
0
0
2.21458
0
0
0
0
0
2.21458
0
0
0
0
0
0
2.21458
0
0
0
0
2.21458
0
0
0
0
0
2.21458
0
0
0
0
0
2.21458
0
0
0
0
0
2.21458
0
0
0
0
0
0
2.21458
0
0
0
0
2.21458
0
0
0
0
0
2.21458
2.21458
0
0
0
0
2.21458
0
0
0
0
0
2.21458
0
0
0
0
0
2.21458
0
0
0
0
0
0
2.21458
0
0
0
0
0
0
0
0
0
0
2.21458
0
0
0
0
0
2.21458
0
0
0
0
0
2.21458
0
0
0
0
0
0
2.21458
0
0
0
0
2.21458
0
0
0
0
0
2.21458
0
0
0
0
0
2.21458
0
0
0
0
0
2.21458
0
0
0
0
0
2.21458
0
0
0
0
0
0
0
0
0
0
0
2.21458
0
0
0
0
0
2.21458
0
0
0
0
0
2.21458
0
0
0
0
0
0
2.21458
0
0
0
0
0
2.21458
0
0
0
0
2.21458
0
0
0
0
0
0
0
0
0
0
0
2.21458
0
0
0
0
0
2.21458
0
0
0
0
0
2.21458
0
0
0
0
0
2.21458
0
0
0
0
2.21458
0
0
0
0
0
2.21458
0
0
0
0
0
2.21458
0
0
0
0
0
0
2.21458
0
0
0
0
0
2.21458
0
0
0
0
0
2.21458
0
0
0
0
0
2.21458
0
0
0
0
0
2.21458
0
0
0
0
0
2.21458
0
0
0
0
0
2.21458
0
0
0
0
0
2.21458
0
0
0
0
0
2.21458
0
0
0
0
0
2.21458
0
0
0
0
0
0
2.21458
0
0
0
0
0
2.21458
0
0
0
0
0
2.21458
0
0
0
0
0
2.21458
0
0
0
0
0
2.21458
2.21458
2.21458
0
0
0
2.21458
0
0
0
0
0
2.21458
2.21458
0
0
0
0
0
0
0
0
0
0
2.21458
0
0
0
0
0
2.21458
0
0
0
0
0
2.21458
0
0
0
0
0
2.21458
0
0
0
0
0
2.21458
0
0
0
0
0
0
2.21458
0
0
0
2.21458
0
0
0
0
0
2.21458
0
0
0
0
0
2.21458
0
0
0
0
0
2.21458
0
0
0
0
0
2.21458
0
0
0
0
0
0
2.21458
0
0
0
0
2.21458
0
0
0
0
0
2.21458
0
0
0
0
0
2.21458
0
0
0
0
0
0
0
0
0
0
0
2.21458
0
0
0
0
0
2.21458
0
0
0
0
0
2.21458
0
0
0
0
0
0
2.21458
0
0
0
0
2.21458
0
0
0
0
0
2.21458
0
0
0
0
0
2.21458
0
0
0
0
0
0
0
0
0
0
0
0
0
0
0
0
0
0
2.21458
0
0
0
0
2.21458
0
0
0
0
0
0
2.21458
0
0
0
0
0
2.21458
0
0
0
0
0
0
0
0
0
0
0
0
0
0
0
0
0
2.21458
0
0
0
0
0
0
2.21458
0
0
0
0
2.21458
0
0
0
0
0
0
2.21458
0
0
0
0
0
2.21458
0
0
0
0
0
2.21458
0
0
0
0
0
2.21458
2.21458
0
0
0
0
2.21458
0
0
0
0
0
2.21458
0
0
0
0
0
0
0
0
0
0
0
2.21458
2.21458
0
0
0
0
2.21458
0
0
0
0
2.21458
0
0
0
0
0
2.21458
0
0
0
0
0
2.21458
0
0
0
0
0
0
2.21458
0
0
0
0
0
0
0
0
0
0
2.21458
0
0
0
0
0
2.21458
0
0
0
0
0
2.21458
0
0
0
0
0
0
2.21458
2.21458
0
0
0
0
2.21458
0
0
0
0
0
2.21458
0
0
0
0
0
0
0
0
0
0
0
0
2.21458
0
0
0
0
2.21458
0
0
0
0
0
0
0
0
0
0
0
2.21458
0
0
0
0
0
0
0
0
0
0
0
2.21458
0
0
0
0
2.21458
0
0
0
0
0
0
2.21458
0
0
0
0
2.21458
0
0
0
0
0
0
2.21458
0
0
0
0
0
0
0
0
0
0
0
2.21458
0
0
0
0
0
2.21458
0
0
0
0
0
0
0
0
0
0
0
0
0
0
0
0
0
0
2.21458
0
0
0
0
0
2.21458
0
0
0
0
0
2.21458
0
0
0
0
0
2.21458
2.21458
0
0
0
2.21458
0
0
0
0
0
2.21458
0
0
0
0
0
2.21458
0
0
0
0
0
0
2.21458
0
0
0
0
0
2.21458
0
0
0
0
0
2.21458
0
0
0
0
0
2.21458
0
0
0
0
0
2.21458
0
0
0
0
0
2.21458
0
0
0
0
0
2.21458
0
0
0
0
0
2.21458
0
0
0
0
0
2.21458
0
0
0
0
0
2.21458
0
0
0
0
0
0
0
0
0
0
0
0
0
0
0
0
0
2.21458
0
0
0
0
0
2.21458
0
0
0
0
0
2.21458
0
0
0
0
0
2.21458
0
0
0
0
0
0
0
0
0
0
0
0
2.21458
0
0
0
0
2.21458
0
0
0
0
0
2.21458
0
0
0
0
0
2.21458
0
0
0
0
0
2.21458
0
0
0
0
0
2.21458
0
0
0
0
0
0
2.21458
0
0
0
0
0
2.21458
0
0
0
0
0
2.21458
0
0
0
0
0
2.21458
0
0
0
0
0
2.21458
0
0
0
0
0
2.21458
0
0
0
0
0
2.21458
0
0
0
0
0
2.21458
0
0
0
0
0
2.21458
0
0
0
0
0
2.21458
0
0
0
0
2.21458
0
0
0
0
0
2.21458
0
0
0
0
0
0
0
0
0
0
0
0
0
0
0
0
0
0
0
2.21458
0
0
0
0
2.21458
0
0
0
0
0
2.21458
0
0
0
0
0
2.21458
0
0
0
0
0
0
0
0
0
0
0
0
0
0
0
0
2.21458
0
0
0
0
0
2.21458
0
0
0
0
0
2.21458
0
0
0
0
0
2.21458
0
0
0
0
0
2.21458
0
0
0
0
0
2.21458
0
0
0
0
0
2.21458
0
0
0
0
0
2.21458
0
0
0
0
0
2.21458
2.21458
0
0
0
0
0
2.21458
0
0
0
2.21458
0
0
0
0
0
2.21458
0
0
0
0
0
2.21458
0
0
0
0
0
2.21458
0
0
0
0
0
2.21458
0
0
0
0
0
2.21458
0
0
0
0
0
2.21458
0
0
0
0
0
0
2.21458
0
0
0
0
2.21458
0
0
0
0
0
2.21458
0
0
0
0
0
2.21458
0
0
0
0
0
0
0
0
0
0
0
0
0
0
0
0
0
2.21458
0
0
0
0
0
0
2.21458
0
0
0
0
0
2.21458
0
0
0
0
0
2.21458
0
0
0
0
0
2.21458
0
0
0
0
0
2.21458
0
0
0
0
0
2.21458
0
0
0
0
0
0
0
0
0
0
2.21458
0
0
0
0
0
2.21458
0
0
0
0
0
2.21458
0
0
0
0
0
2.21458
0
0
0
0
0
0
0
0
0
0
0
0
0
0
0
0
0
0
0
0
0
0
0
0
0
0
0
0
0
2.21458
0
0
0
0
2.21458
0
0
0
0
0
0
2.21458
0
0
0
0
0
0
2.21458
0
0
0
0
2.21458
0
0
0
0
2.21458
0
0
0
0
0
0
0
0
0
0
0
2.21458
2.21458
0
0
0
2.21458
0
0
0
0
0
0
0
0
0
0
0
0
0
0
453.172
937.873
461.678
93.7035
80.9382
78.8107
78.8107
78.8107
74.5555
78.8107
76.6831
76.6831
76.6831
76.6831
76.6831
76.6831
76.6831
76.6831
76.6831
76.6831
76.6831
78.8107
76.6831
78.8107
76.6831
76.6831
78.8107
76.6831
78.8107
76.6831
78.8107
76.6831
78.8107
76.6831
78.8107
78.8107
78.8107
78.8107
78.8107
74.5555
76.6831
74.5555
74.5555
74.5555
76.6831
74.5555
76.6831
76.6831
74.5555
76.6831
74.5555
76.6831
76.6831
76.6831
76.6831
76.6831
74.5555
76.6831
76.6831
76.6831
76.6831
76.6831
76.6831
76.6831
74.5555
76.6831
74.5555
76.6831
74.5555
74.5555
74.5555
76.6831
76.6831
76.6831
74.5555
74.5555
74.5555
76.6831
74.5555
74.5555
74.5555
76.6831
74.5555
74.5555
74.5555
76.6831
76.6831
74.5555
76.6831
74.5555
76.6831
76.6831
76.6831
74.5555
76.6831
76.6831
74.5555
76.6831
76.6831
74.5555
76.6831
76.6831
76.6831
76.6831
74.5555
76.6831
74.5555
76.6831
74.5555
76.6831
76.6831
76.6831
74.5555
76.6831
76.6831
74.5555
76.6831
74.5555
76.6831
74.5555
76.6831
74.5555
76.6831
76.6831
74.5555
76.6831
74.5555
74.5555
76.6831
74.5555
74.5555
76.6831
74.5555
76.6831
76.6831
74.5555
76.6831
74.5555
74.5555
76.6831
74.5555
76.6831
74.5555
76.6831
74.5555
74.5555
76.6831
74.5555
74.5555
76.6831
74.5555
74.5555
76.6831
74.5555
74.5555
76.6831
74.5555
74.5555
74.5555
74.5555
76.6831
74.5555
74.5555
74.5555
76.6831
74.5555
74.5555
74.5555
76.6831
74.5555
74.5555
74.5555
74.5555
74.5555
76.6831
74.5555
74.5555
74.5555
74.5555
74.5555
74.5555
74.5555
74.5555
74.5555
74.5555
74.5555
74.5555
74.5555
74.5555
74.5555
74.5555
72.428
74.5555
74.5555
74.5555
74.5555
72.428
74.5555
74.5555
74.5555
74.5555
74.5555
74.5555
74.5555
72.428
74.5555
74.5555
74.5555
74.5555
72.428
74.5555
74.5555
72.428
74.5555
74.5555
72.428
74.5555
72.428
74.5555
74.5555
72.428
74.5555
74.5555
72.428
74.5555
72.428
74.5555
72.428
74.5555
72.428
74.5555
72.428
74.5555
74.5555
74.5555
74.5555
72.428
74.5555
74.5555
74.5555
72.428
74.5555
74.5555
74.5555
72.428
74.5555
74.5555
72.428
74.5555
72.428
74.5555
74.5555
72.428
74.5555
72.428
72.428
74.5555
72.428
72.428
74.5555
72.428
72.428
72.428
72.428
74.5555
72.428
72.428
74.5555
72.428
72.428
74.5555
72.428
72.428
72.428
72.428
72.428
72.428
72.428
72.428
72.428
72.428
72.428
72.428
74.5555
72.428
72.428
72.428
72.428
74.5555
72.428
72.428
72.428
72.428
72.428
74.5555
74.5555
74.5555
72.428
74.5555
72.428
74.5555
72.428
72.428
72.428
72.428
72.428
74.5555
72.428
72.428
72.428
72.428
72.428
72.428
72.428
72.428
72.428
72.428
72.428
72.428
72.428
72.428
72.428
72.428
72.428
72.428
72.428
72.428
70.3004
72.428
72.428
72.428
72.428
70.3004
70.3004
72.428
72.428
72.428
72.428
70.3004
72.428
72.428
70.3004
72.428
72.428
70.3004
72.428
72.428
72.428
70.3004
72.428
70.3004
72.428
72.428
70.3004
72.428
70.3004
72.428
70.3004
72.428
70.3004
70.3004
72.428
70.3004
72.428
70.3004
72.428
70.3004
72.428
70.3004
70.3004
72.428
70.3004
70.3004
72.428
70.3004
70.3004
70.3004
72.428
70.3004
70.3004
72.428
70.3004
70.3004
72.428
70.3004
70.3004
70.3004
72.428
70.3004
70.3004
70.3004
70.3004
70.3004
70.3004
70.3004
70.3004
70.3004
70.3004
70.3004
70.3004
70.3004
70.3004
72.428
70.3004
70.3004
70.3004
70.3004
70.3004
70.3004
70.3004
70.3004
70.3004
70.3004
70.3004
70.3004
70.3004
70.3004
70.3004
70.3004
70.3004
70.3004
70.3004
70.3004
70.3004
70.3004
70.3004
70.3004
70.3004
70.3004
70.3004
70.3004
70.3004
68.1728
70.3004
70.3004
70.3004
70.3004
70.3004
68.1728
68.1728
70.3004
70.3004
70.3004
68.1728
70.3004
68.1728
70.3004
68.1728
70.3004
70.3004
68.1728
70.3004
68.1728
70.3004
70.3004
68.1728
70.3004
70.3004
70.3004
70.3004
70.3004
68.1728
68.1728
68.1728
70.3004
68.1728
68.1728
70.3004
68.1728
68.1728
70.3004
68.1728
68.1728
70.3004
68.1728
68.1728
70.3004
68.1728
68.1728
70.3004
70.3004
68.1728
68.1728
70.3004
68.1728
68.1728
68.1728
68.1728
68.1728
68.1728
70.3004
68.1728
68.1728
68.1728
70.3004
68.1728
68.1728
70.3004
68.1728
68.1728
68.1728
70.3004
68.1728
68.1728
68.1728
68.1728
68.1728
68.1728
68.1728
70.3004
68.1728
68.1728
68.1728
68.1728
68.1728
68.1728
68.1728
70.3004
68.1728
68.1728
68.1728
68.1728
68.1728
68.1728
68.1728
68.1728
68.1728
68.1728
68.1728
68.1728
68.1728
68.1728
68.1728
66.0452
68.1728
68.1728
68.1728
68.1728
68.1728
68.1728
68.1728
68.1728
68.1728
68.1728
68.1728
68.1728
68.1728
68.1728
66.0452
68.1728
68.1728
68.1728
42.6412
0
0
0
0
0
0
0
0
0
0
0
2.21458
0
0
0
0
0
2.21458
0
0
0
0
2.21458
0
0
0
0
0
2.21458
0
0
0
0
0
2.21458
0
0
0
0
0
0
2.21458
0
0
0
0
0
2.21458
0
0
0
0
2.21458
0
0
0
0
0
2.21458
0
0
0
0
0
0
0
0
0
0
0
2.21458
0
0
0
0
0
2.21458
0
0
0
0
0
0
0
0
0
0
0
2.21458
0
0
0
0
0
2.21458
0
0
0
0
0
0
2.21458
0
0
0
0
2.21458
2.21458
0
0
0
0
0
0
0
0
0
0
2.21458
0
0
0
0
0
2.21458
0
0
0
0
0
2.21458
0
0
0
0
0
2.21458
0
0
0
0
0
2.21458
0
0
0
0
0
0
0
0
0
0
2.21458
0
0
0
0
0
2.21458
0
0
0
0
0
0
2.21458
2.21458
0
0
0
0
2.21458
2.21458
0
0
0
0
2.21458
0
0
0
0
0
2.21458
0
0
0
0
0
0
0
0
0
0
0
2.21458
0
0
0
0
0
2.21458
0
0
0
0
0
2.21458
0
0
0
0
0
0
2.21458
0
0
0
0
2.21458
0
0
0
0
0
2.21458
0
0
0
0
0
0
2.21458
0
0
0
0
2.21458
0
0
0
0
0
2.21458
0
0
0
0
2.21458
0
0
0
0
0
0
2.21458
0
0
0
0
0
2.21458
0
0
0
0
0
0
2.21458
0
0
0
0
0
0
0
0
0
0
2.21458
0
0
0
0
0
2.21458
0
0
0
0
0
0
0
0
0
0
0
2.21458
0
0
0
0
0
2.21458
0
0
0
0
0
2.21458
0
0
0
0
2.21458
0
0
0
0
0
2.21458
0
0
0
0
0
0
2.21458
0
0
0
0
2.21458
2.21458
0
0
0
0
2.21458
0
0
0
0
0
2.21458
0
0
0
0
0
0
2.21458
0
0
0
0
0
0
0
0
0
0
2.21458
0
0
0
0
0
2.21458
0
0
0
0
0
2.21458
0
0
0
0
0
0
0
0
0
0
0
0
2.21458
0
0
0
0
0
2.21458
0
0
0
0
0
2.21458
0
0
0
0
0
0
2.21458
0
0
0
0
0
2.21458
0
0
0
0
0
0
0
0
0
0
0
2.21458
0
0
0
0
0
2.21458
0
0
0
0
0
0
0
0
0
0
0
2.21458
0
0
0
0
2.21458
0
0
0
0
0
2.21458
0
0
0
0
0
0
0
0
0
0
0
2.21458
0
0
0
0
0
2.21458
0
0
0
0
0
2.21458
0
0
0
0
0
0
0
0
0
0
0
0
2.21458
0
0
0
0
0
2.21458
2.21458
0
0
0
2.21458
0
0
0
0
0
2.21458
0
0
0
0
2.21458
0
0
0
0
0
0
0
0
0
0
0
0
2.21458
0
0
0
0
2.21458
0
0
0
0
0
2.21458
0
0
0
0
0
2.21458
0
0
0
0
2.21458
0
0
0
0
0
2.21458
0
0
0
0
0
0
2.21458
0
0
0
0
2.21458
0
0
0
0
0
0
0
0
0
0
0
0
2.21458
0
0
0
0
0
0
0
0
0
0
0
0
0
0
0
0
2.21458
0
0
0
0
0
2.21458
0
0
0
0
0
2.21458
0
0
0
0
0
0
0
0
0
0
0
2.21458
2.21458
0
0
0
2.21458
0
0
0
0
0
0
2.21458
0
0
0
0
0
0
0
0
0
0
0
0
0
0
0
0
2.21458
0
0
0
0
0
2.21458
0
0
0
0
0
0
0
0
0
0
0
0
0
0
0
0
0
0
2.21458
0
0
0
0
0
0
0
0
0
0
2.21458
0
0
0
0
0
0
2.21458
0
0
0
0
0
2.21458
2.21458
0
0
0
2.21458
0
0
0
0
0
2.21458
0
0
0
0
0
0
0
0
0
0
0
0
0
0
0
0
0
0
0
0
0
0
0
0
0
0
0
0
0
2.21458
2.21458
0
0
0
0
0
2.21458
0
0
0
0
0
2.21458
0
0
0
0
0
2.21458
0
0
0
0
0
2.21458
0
0
0
0
0
2.21458
2.21458
0
0
0
0
0
0
0
0
0
0
0
0
0
0
0
0
0
0
0
0
0
0
2.21458
2.21458
0
0
0
0
2.21458
0
0
0
0
0
0
2.21458
0
0
0
0
2.21458
0
0
0
0
0
0
0
0
0
0
0
0
2.21458
0
0
0
0
2.21458
0
0
0
0
0
2.21458
0
0
0
0
0
0
0
0
0
0
0
0
0
0
0
0
0
0
0
0
0
0
0
2.21458
0
0
0
0
0
0
2.21458
0
0
0
0
0
2.21458
0
0
0
0
0
2.21458
0
0
0
0
0
2.21458
0
0
0
0
0
0
0
0
0
0
0
2.21458
0
0
0
0
0
2.21458
2.21458
0
0
0
0
2.21458
0
0
0
0
0
2.21458
0
0
0
0
0
0
0
0
0
0
0
2.21458
0
0
0
0
0
0
0
0
0
0
0
2.21458
0
0
0
0
0
0
0
0
0
0
0
2.21458
0
0
0
0
0
2.21458
0
0
0
0
2.21458
0
0
0
0
0
0
0
0
0
0
0
2.21458
0
0
0
0
0
2.21458
0
0
0
0
0
0
0
0
0
0
0
2.21458
0
0
0
0
0
2.21458
2.21458
0
0
0
0
0
0
0
0
0
2.21458
0
0
0
0
0
0
0
0
0
0
0
2.21458
0
0
0
0
0
0
2.21458
0
0
0
0
0
0
2.21458
0
0
0
0
2.21458
0
0
0
0
0
2.21458
0
0
0
0
0
2.21458
0
0
0
0
2.21458
0
0
0
0
0
2.21458
0
0
0
0
0
2.21458
0
0
0
0
0
2.21458
2.21458
0
0
0
0
0
0
0
0
0
2.21458
0
0
0
0
0
0
2.21458
0
0
0
0
0
2.21458
0
0
0
0
0
2.21458
0
0
0
0
2.21458
0
0
0
0
0
2.21458
0
0
0
0
0
0
0
0
0
0
0
0
0
0
0
0
2.21458
2.21458
0
0
0
2.21458
0
0
0
0
0
0
2.21458
0
0
0
0
2.21458
0
0
0
0
0
2.21458
2.21458
0
0
0
0
0
0
0
0
0
0
0
2.21458
0
0
0
0
0
2.21458
0
0
0
0
2.21458
0
0
0
0
0
0
2.21458
2.21458
0
0
0
2.21458
0
0
0
0
0
0
2.21458
0
0
0
0
0
2.21458
0
0
0
0
0
2.21458
2.21458
0
0
0
0
2.21458
0
0
0
0
0
0
0
0
0
0
0
0
2.21458
2.21458
0
0
0
0
2.21458
2.21458
0
0
0
0
2.21458
0
0
0
0
0
2.21458
0
0
0
0
0
0
2.21458
0
0
0
0
0
2.21458
0
0
0
0
0
2.21458
0
0
0
0
0
0
0
0
0
0
0
2.21458
0
0
0
0
0
2.21458
0
0
0
0
0
2.21458
0
0
0
0
0
2.21458
0
0
0
0
0
2.21458
0
0
0
0
0
2.21458
2.21458
0
0
0
0
0
0
0
0
0
2.21458
0
0
0
0
0
0
0
0
0
0
0
2.21458
2.21458
0
0
0
0
2.21458
0
0
0
0
0
0
2.21458
0
0
0
0
2.21458
0
0
0
0
2.21458
0
0
0
0
0
0
0
2.21458
614.773
927.247
323.442
80.9382
80.9382
76.6831
76.6831
76.6831
74.5555
74.5555
74.5555
74.5555
74.5555
76.6831
76.6831
76.6831
76.6831
76.6831
76.6831
76.6831
76.6831
76.6831
76.6831
76.6831
76.6831
78.8107
78.8107
76.6831
76.6831
76.6831
78.8107
76.6831
78.8107
76.6831
78.8107
78.8107
78.8107
78.8107
78.8107
78.8107
78.8107
78.8107
78.8107
78.8107
78.8107
78.8107
78.8107
78.8107
78.8107
74.5555
76.6831
76.6831
76.6831
76.6831
76.6831
74.5555
74.5555
76.6831
74.5555
74.5555
76.6831
76.6831
74.5555
74.5555
74.5555
74.5555
74.5555
74.5555
74.5555
74.5555
74.5555
74.5555
74.5555
74.5555
74.5555
74.5555
74.5555
76.6831
76.6831
74.5555
74.5555
74.5555
74.5555
74.5555
74.5555
74.5555
74.5555
74.5555
76.6831
74.5555
76.6831
76.6831
76.6831
76.6831
74.5555
76.6831
76.6831
74.5555
74.5555
76.6831
76.6831
74.5555
76.6831
76.6831
76.6831
74.5555
76.6831
76.6831
74.5555
76.6831
74.5555
76.6831
74.5555
74.5555
76.6831
74.5555
74.5555
74.5555
74.5555
74.5555
76.6831
74.5555
76.6831
76.6831
74.5555
74.5555
76.6831
74.5555
74.5555
74.5555
74.5555
76.6831
74.5555
74.5555
74.5555
74.5555
74.5555
74.5555
74.5555
74.5555
74.5555
74.5555
74.5555
74.5555
74.5555
74.5555
74.5555
74.5555
74.5555
74.5555
74.5555
74.5555
76.6831
74.5555
74.5555
72.428
74.5555
76.6831
74.5555
74.5555
74.5555
76.6831
74.5555
74.5555
74.5555
76.6831
74.5555
74.5555
76.6831
74.5555
76.6831
74.5555
74.5555
74.5555
74.5555
74.5555
74.5555
74.5555
74.5555
74.5555
76.6831
74.5555
74.5555
72.428
74.5555
74.5555
74.5555
74.5555
72.428
74.5555
76.6831
74.5555
74.5555
74.5555
72.428
74.5555
74.5555
72.428
72.428
74.5555
74.5555
74.5555
74.5555
74.5555
74.5555
72.428
74.5555
74.5555
72.428
74.5555
72.428
74.5555
74.5555
74.5555
72.428
72.428
72.428
74.5555
72.428
74.5555
72.428
74.5555
72.428
74.5555
72.428
72.428
74.5555
72.428
74.5555
74.5555
72.428
74.5555
72.428
72.428
74.5555
72.428
72.428
72.428
74.5555
72.428
74.5555
72.428
72.428
72.428
72.428
72.428
72.428
72.428
72.428
72.428
72.428
74.5555
72.428
72.428
72.428
72.428
72.428
74.5555
72.428
72.428
72.428
72.428
74.5555
72.428
72.428
72.428
72.428
74.5555
72.428
72.428
72.428
72.428
72.428
72.428
72.428
72.428
72.428
74.5555
74.5555
72.428
74.5555
74.5555
72.428
72.428
72.428
72.428
72.428
72.428
72.428
72.428
72.428
74.5555
72.428
74.5555
72.428
72.428
72.428
72.428
70.3004
72.428
72.428
72.428
72.428
72.428
72.428
72.428
72.428
72.428
72.428
72.428
72.428
72.428
72.428
72.428
72.428
72.428
72.428
72.428
72.428
72.428
70.3004
72.428
72.428
72.428
70.3004
72.428
72.428
72.428
70.3004
72.428
72.428
72.428
72.428
72.428
74.5555
70.3004
72.428
72.428
70.3004
72.428
72.428
70.3004
72.428
70.3004
72.428
70.3004
72.428
70.3004
72.428
72.428
70.3004
70.3004
72.428
72.428
70.3004
72.428
70.3004
70.3004
72.428
70.3004
72.428
70.3004
72.428
70.3004
72.428
70.3004
72.428
70.3004
72.428
70.3004
72.428
70.3004
70.3004
72.428
70.3004
72.428
70.3004
72.428
72.428
70.3004
72.428
70.3004
72.428
72.428
70.3004
70.3004
70.3004
72.428
70.3004
70.3004
72.428
70.3004
70.3004
70.3004
70.3004
70.3004
70.3004
70.3004
72.428
70.3004
70.3004
70.3004
70.3004
72.428
70.3004
70.3004
70.3004
70.3004
70.3004
70.3004
70.3004
72.428
70.3004
70.3004
70.3004
70.3004
70.3004
70.3004
70.3004
70.3004
70.3004
68.1728
68.1728
70.3004
70.3004
70.3004
70.3004
70.3004
70.3004
68.1728
70.3004
70.3004
70.3004
70.3004
70.3004
70.3004
68.1728
70.3004
70.3004
70.3004
68.1728
70.3004
70.3004
68.1728
68.1728
70.3004
70.3004
68.1728
70.3004
70.3004
70.3004
68.1728
70.3004
68.1728
70.3004
70.3004
70.3004
70.3004
70.3004
68.1728
70.3004
70.3004
68.1728
70.3004
70.3004
68.1728
68.1728
68.1728
70.3004
68.1728
70.3004
68.1728
70.3004
68.1728
68.1728
70.3004
68.1728
68.1728
70.3004
68.1728
68.1728
70.3004
68.1728
70.3004
70.3004
68.1728
68.1728
70.3004
68.1728
68.1728
70.3004
68.1728
68.1728
70.3004
68.1728
68.1728
68.1728
70.3004
68.1728
68.1728
70.3004
68.1728
68.1728
68.1728
68.1728
70.3004
68.1728
68.1728
68.1728
70.3004
68.1728
68.1728
68.1728
68.1728
68.1728
68.1728
68.1728
70.3004
68.1728
68.1728
68.1728
68.1728
68.1728
68.1728
68.1728
68.1728
68.1728
68.1728
68.1728
68.1728
68.1728
68.1728
68.1728
68.1728
68.1728
66.0452
68.1728
68.1728
68.1728
68.1728
68.1728
68.1728
68.1728
68.1728
68.1728
66.0452
68.1728
68.1728
68.1728
68.1728
68.1728
68.1728
66.0452
68.1728
68.1728
68.1728
68.1728
66.0452
68.1728
68.1728
68.1728
66.0452
68.1728
68.1728
68.1728
66.0452
66.0452
68.1728
68.1728
68.1728
66.0452
68.1728
0
0
0
0
0
2.21458
0
0
0
0
0
2.21458
0
0
0
0
0
2.21458
0
0
0
0
0
2.21458
0
0
0
0
0
2.21458
0
0
0
0
0
0
0
0
0
0
0
2.21458
0
0
0
0
0
2.21458
0
0
0
0
0
2.21458
0
0
0
0
2.21458
0
0
0
0
0
0
2.21458
0
0
0
0
0
0
0
0
0
0
2.21458
2.21458
0
0
0
0
2.21458
0
0
0
0
0
2.21458
0
0
0
0
0
0
2.21458
0
0
0
0
2.21458
0
0
0
0
0
2.21458
0
0
0
0
0
0
2.21458
0
0
0
0
0
2.21458
0
0
0
0
0
2.21458
0
0
0
0
0
2.21458
0
0
0
0
0
2.21458
0
0
0
0
0
2.21458
0
0
0
0
2.21458
2.21458
0
0
0
0
2.21458
0
0
0
0
0
2.21458
0
0
0
0
0
2.21458
0
0
0
0
0
2.21458
0
0
0
0
0
2.21458
0
0
0
0
0
2.21458
0
0
0
0
0
2.21458
0
0
0
0
0
2.21458
0
0
0
0
0
2.21458
0
0
0
0
0
2.21458
0
0
0
0
0
2.21458
0
0
0
0
0
2.21458
0
0
0
0
0
2.21458
0
0
0
0
0
2.21458
0
0
0
0
0
2.21458
0
0
0
0
0
0
0
0
0
0
0
2.21458
0
0
0
0
0
2.21458
0
0
0
0
2.21458
0
0
0
0
0
2.21458
0
0
0
0
0
2.21458
0
0
0
0
0
2.21458
0
0
0
0
0
2.21458
0
0
0
0
0
2.21458
0
0
0
0
0
2.21458
0
0
0
0
0
2.21458
0
0
0
0
0
2.21458
0
0
0
0
0
2.21458
0
0
0
0
0
2.21458
0
0
0
0
2.21458
0
0
0
0
0
2.21458
2.21458
0
0
0
0
2.21458
0
0
0
0
0
2.21458
0
0
0
0
2.21458
0
0
0
0
0
0
2.21458
0
0
0
0
0
2.21458
0
0
0
0
0
2.21458
0
0
0
0
0
2.21458
0
0
0
0
0
2.21458
0
0
0
0
0
2.21458
0
0
0
0
0
2.21458
0
0
0
0
0
2.21458
0
0
0
0
0
2.21458
0
0
0
0
0
2.21458
0
0
0
0
0
2.21458
0
0
0
0
0
2.21458
0
0
0
0
2.21458
0
0
0
0
0
2.21458
0
0
0
0
0
2.21458
0
0
0
0
0
2.21458
0
0
0
0
0
0
0
0
0
0
0
2.21458
0
0
0
0
0
2.21458
0
0
0
0
0
0
2.21458
0
0
0
2.21458
0
0
0
0
0
0
2.21458
0
0
0
0
0
2.21458
0
0
0
0
0
2.21458
0
0
0
0
0
0
0
0
0
0
2.21458
0
0
0
0
0
2.21458
0
0
0
0
0
0
2.21458
0
0
0
0
0
0
0
0
0
0
0
0
0
0
0
0
0
2.21458
0
0
0
0
0
2.21458
0
0
0
0
0
0
0
0
0
0
0
2.21458
0
0
0
0
0
2.21458
0
0
0
0
0
2.21458
0
0
0
0
0
0
2.21458
0
0
0
0
2.21458
0
0
0
0
0
2.21458
0
0
0
0
0
0
0
0
0
0
0
2.21458
0
0
0
0
0
2.21458
0
0
0
0
0
2.21458
0
0
0
0
0
2.21458
0
0
0
0
0
2.21458
0
0
0
0
0
2.21458
0
0
0
0
2.21458
0
0
0
0
0
2.21458
0
0
0
0
0
2.21458
0
0
0
0
0
2.21458
0
0
0
0
2.21458
0
0
0
0
0
0
2.21458
0
0
0
0
0
0
0
0
0
0
0
0
0
0
0
0
0
0
2.21458
0
0
0
0
2.21458
0
0
0
0
0
0
2.21458
0
0
0
0
0
2.21458
0
0
0
0
2.21458
0
0
0
0
0
2.21458
0
0
0
0
0
2.21458
0
0
0
0
0
2.21458
0
0
0
0
2.21458
0
0
0
0
0
0
0
2.21458
0
0
0
0
0
2.21458
0
0
0
0
2.21458
0
0
0
0
0
0
2.21458
0
0
0
0
2.21458
0
0
0
0
0
2.21458
0
0
0
0
0
2.21458
0
0
0
0
0
2.21458
0
0
0
0
0
2.21458
0
0
0
0
0
2.21458
0
0
0
0
0
2.21458
0
0
0
0
0
2.21458
0
0
0
0
2.21458
0
0
0
0
0
2.21458
0
0
0
0
0
2.21458
0
0
0
0
0
2.21458
0
0
0
0
0
2.21458
0
0
0
0
0
2.21458
0
0
0
0
0
2.21458
0
0
0
0
2.21458
0
0
0
0
0
2.21458
0
0
0
0
0
2.21458
0
0
0
0
0
2.21458
0
0
0
0
0
2.21458
0
0
0
0
0
2.21458
0
0
0
0
0
2.21458
0
0
0
0
2.21458
0
0
0
0
0
2.21458
0
0
0
0
0
2.21458
0
0
0
0
0
2.21458
0
0
0
0
0
2.21458
0
0
0
0
0
2.21458
2.21458
0
0
0
0
2.21458
0
0
0
0
0
2.21458
0
0
0
0
0
0
0
0
0
0
0
2.21458
0
0
0
0
2.21458
0
0
0
0
0
0
0
0
0
0
0
2.21458
0
0
0
0
0
2.21458
0
0
0
0
0
2.21458
0
0
0
0
0
2.21458
0
0
0
0
2.21458
0
0
0
0
0
2.21458
0
0
0
0
0
0
0
0
0
0
2.21458
0
0
0
0
2.21458
0
0
0
0
0
0
0
0
0
0
0
0
0
0
0
0
2.21458
0
0
0
0
0
2.21458
0
0
0
0
0
0
2.21458
0
0
0
0
0
0
0
0
0
0
0
2.21458
0
0
0
0
2.21458
0
0
0
0
0
2.21458
0
0
0
0
2.21458
2.21458
2.21458
0
0
0
0
2.21458
0
0
0
0
2.21458
0
0
0
0
0
0
0
0
0
0
0
0
0
0
0
0
0
0
0
0
0
0
0
2.21458
0
0
0
0
2.21458
2.21458
0
0
0
0
2.21458
0
0
0
0
0
2.21458
2.21458
0
0
0
0
2.21458
2.21458
0
0
0
0
2.21458
0
0
0
0
0
0
2.21458
0
0
0
0
0
2.21458
0
0
0
0
0
2.21458
0
0
0
0
0
2.21458
0
0
0
0
0
2.21458
2.21458
0
0
0
0
0
0
0
0
0
0
2.21458
2.21458
0
0
0
0
2.21458
0
0
0
0
2.21458
2.21458
0
0
0
0
2.21458
2.21458
0
0
0
0
2.21458
0
0
0
0
0
0
2.21458
0
0
0
2.21458
0
0
0
0
0
2.21458
0
0
0
0
0
0
2.21458
0
0
0
0
0
0
0
0
0
0
2.21458
0
0
0
0
2.21458
0
0
0
0
0
0
0
0
0
0
0
0
0
0
0
0
0
0
0
2.21458
0
0
0
0
2.21458
2.21458
0
0
0
0
2.21458
0
0
0
0
0
0
0
0
0
0
0
2.21458
2.21458
0
0
0
0
0
0
0
0
0
0
2.21458
0
0
0
0
2.21458
0
0
0
0
0
0
2.21458
0
0
0
0
2.21458
0
0
0
0
0
2.21458
0
0
0
0
0
0
0
0
0
0
0
2.21458
0
0
0
0
0
2.21458
0
0
0
0
0
2.21458
2.21458
0
0
0
0
2.21458
0
0
0
0
0
2.21458
0
0
0
0
0
2.21458
0
0
0
0
0
2.21458
0
0
0
0
2.21458
2.21458
0
0
0
0
2.21458
0
0
0
0
0
0
0
2.21458
0
0
0
0
984.626
112.851
112.851
83.0658
78.8107
76.6831
76.6831
76.6831
76.6831
76.6831
76.6831
74.5555
76.6831
74.5555
74.5555
74.5555
76.6831
76.6831
74.5555
76.6831
76.6831
76.6831
74.5555
76.6831
76.6831
78.8107
76.6831
76.6831
78.8107
76.6831
78.8107
78.8107
78.8107
78.8107
76.6831
78.8107
76.6831
74.5555
76.6831
76.6831
74.5555
76.6831
74.5555
76.6831
76.6831
74.5555
76.6831
76.6831
76.6831
76.6831
76.6831
76.6831
76.6831
76.6831
76.6831
76.6831
78.8107
74.5555
76.6831
76.6831
76.6831
76.6831
76.6831
76.6831
76.6831
76.6831
76.6831
76.6831
74.5555
74.5555
76.6831
74.5555
74.5555
74.5555
74.5555
74.5555
76.6831
74.5555
76.6831
74.5555
74.5555
74.5555
74.5555
76.6831
74.5555
76.6831
74.5555
76.6831
76.6831
76.6831
74.5555
76.6831
76.6831
76.6831
74.5555
76.6831
74.5555
76.6831
76.6831
76.6831
76.6831
76.6831
76.6831
76.6831
74.5555
76.6831
74.5555
74.5555
76.6831
76.6831
74.5555
76.6831
76.6831
76.6831
74.5555
74.5555
76.6831
74.5555
76.6831
74.5555
74.5555
74.5555
74.5555
76.6831
74.5555
74.5555
74.5555
74.5555
74.5555
74.5555
74.5555
74.5555
74.5555
74.5555
76.6831
74.5555
74.5555
74.5555
76.6831
74.5555
74.5555
74.5555
76.6831
74.5555
74.5555
74.5555
74.5555
74.5555
74.5555
74.5555
74.5555
76.6831
74.5555
74.5555
74.5555
74.5555
74.5555
74.5555
74.5555
74.5555
74.5555
74.5555
74.5555
74.5555
74.5555
74.5555
72.428
72.428
74.5555
74.5555
76.6831
74.5555
74.5555
74.5555
74.5555
74.5555
74.5555
74.5555
74.5555
74.5555
74.5555
74.5555
76.6831
76.6831
74.5555
74.5555
74.5555
74.5555
74.5555
74.5555
74.5555
74.5555
74.5555
74.5555
74.5555
74.5555
74.5555
74.5555
74.5555
74.5555
74.5555
72.428
74.5555
74.5555
74.5555
74.5555
74.5555
74.5555
74.5555
74.5555
74.5555
74.5555
74.5555
72.428
74.5555
72.428
74.5555
74.5555
74.5555
74.5555
74.5555
74.5555
72.428
74.5555
72.428
72.428
74.5555
72.428
74.5555
72.428
72.428
74.5555
72.428
72.428
74.5555
72.428
74.5555
72.428
72.428
72.428
74.5555
72.428
72.428
72.428
74.5555
72.428
72.428
72.428
72.428
72.428
72.428
72.428
72.428
72.428
72.428
72.428
72.428
72.428
72.428
72.428
72.428
72.428
72.428
72.428
72.428
72.428
70.3004
72.428
72.428
72.428
72.428
72.428
72.428
70.3004
72.428
72.428
72.428
72.428
72.428
72.428
72.428
72.428
72.428
72.428
72.428
72.428
72.428
72.428
72.428
70.3004
72.428
72.428
70.3004
70.3004
72.428
72.428
70.3004
72.428
72.428
70.3004
70.3004
72.428
70.3004
72.428
72.428
72.428
70.3004
72.428
72.428
72.428
70.3004
72.428
72.428
72.428
72.428
72.428
72.428
72.428
70.3004
72.428
70.3004
70.3004
72.428
70.3004
72.428
72.428
70.3004
70.3004
72.428
70.3004
72.428
72.428
72.428
70.3004
70.3004
70.3004
72.428
70.3004
70.3004
72.428
72.428
70.3004
70.3004
72.428
70.3004
72.428
70.3004
72.428
72.428
70.3004
70.3004
70.3004
72.428
70.3004
70.3004
72.428
72.428
70.3004
70.3004
70.3004
70.3004
70.3004
72.428
70.3004
70.3004
70.3004
72.428
70.3004
70.3004
72.428
70.3004
70.3004
70.3004
72.428
70.3004
70.3004
70.3004
70.3004
70.3004
70.3004
70.3004
70.3004
70.3004
72.428
70.3004
70.3004
70.3004
72.428
70.3004
70.3004
70.3004
72.428
72.428
70.3004
70.3004
70.3004
72.428
70.3004
70.3004
70.3004
70.3004
70.3004
72.428
70.3004
70.3004
70.3004
70.3004
70.3004
70.3004
70.3004
70.3004
70.3004
70.3004
70.3004
70.3004
70.3004
70.3004
70.3004
70.3004
70.3004
70.3004
70.3004
70.3004
70.3004
70.3004
70.3004
70.3004
70.3004
70.3004
70.3004
70.3004
70.3004
70.3004
70.3004
70.3004
70.3004
70.3004
70.3004
70.3004
70.3004
68.1728
70.3004
70.3004
70.3004
70.3004
70.3004
70.3004
70.3004
70.3004
68.1728
70.3004
70.3004
70.3004
70.3004
70.3004
68.1728
70.3004
70.3004
70.3004
68.1728
70.3004
70.3004
68.1728
70.3004
70.3004
70.3004
70.3004
68.1728
70.3004
70.3004
68.1728
70.3004
70.3004
68.1728
70.3004
70.3004
68.1728
68.1728
70.3004
70.3004
70.3004
68.1728
70.3004
70.3004
70.3004
68.1728
68.1728
70.3004
70.3004
68.1728
68.1728
70.3004
68.1728
70.3004
68.1728
70.3004
68.1728
70.3004
68.1728
68.1728
70.3004
68.1728
68.1728
70.3004
68.1728
68.1728
70.3004
68.1728
68.1728
70.3004
68.1728
68.1728
68.1728
70.3004
68.1728
68.1728
68.1728
70.3004
68.1728
68.1728
68.1728
70.3004
68.1728
68.1728
68.1728
68.1728
68.1728
68.1728
70.3004
68.1728
68.1728
68.1728
68.1728
68.1728
68.1728
68.1728
68.1728
68.1728
68.1728
68.1728
70.3004
68.1728
68.1728
68.1728
68.1728
66.0452
68.1728
68.1728
68.1728
68.1728
68.1728
68.1728
68.1728
68.1728
68.1728
68.1728
68.1728
68.1728
68.1728
68.1728
68.1728
68.1728
68.1728
68.1728
68.1728
68.1728
68.1728
68.1728
68.1728
66.0452
68.1728
68.1728
68.1728
68.1728
68.1728
68.1728
4.34235
2.21458
0
0
0
0
0
2.21458
0
0
0
0
0
2.21458
0
0
0
0
0
2.21458
0
0
0
0
0
0
2.21458
0
0
0
0
0
2.21458
0
0
0
0
0
0
0
0
0
0
0
2.21458
0
0
0
0
0
2.21458
0
0
0
0
0
2.21458
0
0
0
0
0
2.21458
0
0
0
0
0
2.21458
0
0
0
0
0
2.21458
0
0
0
0
0
2.21458
2.21458
0
0
0
0
0
0
0
0
0
0
0
2.21458
0
0
0
0
0
2.21458
0
0
0
0
2.21458
0
0
0
0
0
2.21458
0
0
0
0
0
2.21458
0
0
0
0
0
2.21458
0
0
0
0
0
2.21458
0
0
0
0
0
0
0
0
0
0
0
2.21458
0
0
0
0
0
2.21458
0
0
0
0
0
2.21458
0
0
0
0
0
0
0
0
0
0
0
2.21458
0
0
0
0
0
2.21458
0
0
0
0
0
2.21458
0
0
0
0
0
2.21458
0
0
0
0
0
2.21458
0
0
0
0
0
2.21458
0
0
0
0
0
2.21458
0
0
0
0
0
2.21458
0
0
0
0
0
2.21458
0
0
0
0
0
2.21458
0
0
0
0
0
2.21458
0
0
0
0
0
2.21458
0
0
0
0
0
0
2.21458
0
0
0
0
0
2.21458
0
0
0
0
0
2.21458
0
0
0
0
0
2.21458
0
0
0
0
0
2.21458
0
0
0
0
0
0
0
0
0
0
0
0
2.21458
0
0
0
0
0
2.21458
0
0
0
0
0
2.21458
0
0
0
0
0
2.21458
0
0
0
0
0
2.21458
0
0
0
0
0
2.21458
0
0
0
0
0
2.21458
0
0
0
0
0
0
2.21458
0
0
0
0
0
2.21458
0
0
0
0
0
2.21458
0
0
0
0
2.21458
0
0
0
0
0
2.21458
0
0
0
0
0
2.21458
0
0
0
0
0
2.21458
0
0
0
0
0
2.21458
0
0
0
0
0
0
2.21458
0
0
0
0
0
2.21458
0
0
0
0
0
2.21458
0
0
0
0
0
2.21458
0
0
0
0
0
2.21458
0
0
0
0
0
2.21458
0
0
0
0
0
2.21458
0
0
0
0
0
2.21458
0
0
0
0
0
2.21458
0
0
0
0
0
2.21458
0
0
0
0
0
2.21458
0
0
0
0
0
2.21458
0
0
0
0
0
2.21458
0
0
0
0
0
2.21458
0
0
0
0
0
2.21458
0
0
0
0
0
2.21458
0
0
0
0
0
2.21458
0
0
0
0
0
2.21458
0
0
0
0
0
2.21458
0
0
0
0
0
2.21458
0
0
0
0
0
2.21458
0
0
0
0
0
2.21458
0
0
0
0
0
2.21458
0
0
0
0
0
0
2.21458
0
0
0
0
0
2.21458
0
0
0
0
0
2.21458
0
0
0
0
2.21458
0
0
0
0
0
0
2.21458
0
0
0
0
0
2.21458
0
0
0
0
2.21458
0
0
0
0
0
2.21458
0
0
0
0
0
2.21458
0
0
0
0
0
2.21458
0
0
0
0
2.21458
0
0
0
0
0
0
2.21458
0
0
0
0
2.21458
0
0
0
0
0
2.21458
0
0
0
0
0
2.21458
0
0
0
0
0
2.21458
0
0
0
0
0
2.21458
0
0
0
0
0
2.21458
0
0
0
0
2.21458
0
0
0
0
0
2.21458
0
0
0
0
0
2.21458
0
0
0
0
2.21458
0
0
0
0
0
2.21458
0
0
0
0
0
0
0
0
0
0
0
0
0
0
0
0
0
2.21458
0
0
0
0
0
2.21458
0
0
0
0
0
2.21458
0
0
0
0
0
2.21458
0
0
0
0
0
0
2.21458
0
0
0
2.21458
0
0
0
0
0
2.21458
0
0
0
0
0
0
0
0
0
0
0
0
2.21458
2.21458
0
0
0
0
2.21458
0
0
0
0
0
2.21458
0
0
0
0
2.21458
0
0
0
0
0
2.21458
0
0
0
0
0
2.21458
0
0
0
0
0
2.21458
0
0
0
0
2.21458
0
0
0
0
0
2.21458
0
0
0
0
0
2.21458
0
0
0
0
0
2.21458
0
0
0
0
0
2.21458
0
0
0
0
2.21458
0
0
0
0
0
2.21458
0
0
0
0
0
2.21458
0
0
0
0
0
2.21458
0
0
0
0
0
2.21458
0
0
0
0
2.21458
0
0
0
0
0
0
0
0
0
0
0
2.21458
0
0
0
0
0
2.21458
0
0
0
0
0
0
0
0
0
0
0
2.21458
0
0
0
0
0
2.21458
0
0
0
0
0
0
0
0
0
0
2.21458
0
0
0
0
0
2.21458
0
0
0
0
0
2.21458
0
0
0
0
2.21458
0
0
0
0
0
2.21458
0
0
0
0
0
2.21458
0
0
0
0
0
2.21458
0
0
0
0
2.21458
0
0
0
0
0
0
0
0
0
0
0
2.21458
0
0
0
0
0
2.21458
0
0
0
0
0
2.21458
0
0
0
0
0
2.21458
2.21458
0
0
0
0
2.21458
0
0
0
0
0
2.21458
0
0
0
0
2.21458
2.21458
0
0
0
0
0
2.21458
0
0
0
0
0
2.21458
0
0
0
0
0
2.21458
0
0
0
0
2.21458
0
0
0
0
0
2.21458
0
0
0
0
0
2.21458
0
0
0
0
0
2.21458
0
0
0
0
0
2.21458
0
0
0
0
0
2.21458
0
0
0
0
0
2.21458
0
0
0
0
0
2.21458
0
0
0
0
2.21458
0
0
0
0
0
2.21458
0
0
0
0
0
2.21458
0
0
0
0
0
0
0
0
0
0
0
2.21458
0
0
0
0
0
2.21458
0
0
0
0
0
0
0
0
0
0
2.21458
0
0
0
0
0
2.21458
0
0
0
0
0
0
0
0
0
0
0
2.21458
0
0
0
0
0
2.21458
0
0
0
0
0
2.21458
0
0
0
0
0
2.21458
0
0
0
0
0
2.21458
0
0
0
0
0
2.21458
0
0
0
0
0
0
0
0
0
0
2.21458
0
0
0
0
0
2.21458
0
0
0
0
0
2.21458
0
0
0
0
0
0
0
0
0
0
0
2.21458
0
0
0
0
2.21458
2.21458
0
0
0
0
0
0
0
0
0
0
2.21458
0
0
0
0
0
0
2.21458
0
0
0
0
0
0
0
0
0
0
2.21458
0
0
0
0
0
2.21458
0
0
0
0
0
2.21458
0
0
0
0
2.21458
0
0
0
0
0
0
0
0
0
0
0
2.21458
0
0
0
0
0
2.21458
0
0
0
0
0
2.21458
0
0
0
0
0
2.21458
0
0
0
0
0
2.21458
0
0
0
0
0
0
0
0
0
0
2.21458
0
0
0
0
0
2.21458
0
0
0
0
0
0
2.21458
0
0
0
0
2.21458
0
0
0
0
2.21458
0
0
0
0
0
0
2.21458
0
0
0
0
2.21458
0
0
0
0
0
2.21458
0
0
0
0
0
2.21458
0
0
0
0
0
0
2.21458
0
0
0
0
2.21458
0
0
0
0
0
2.21458
0
0
0
0
2.21458
0
0
0
0
0
0
2.21458
0
0
0
0
0
2.21458
0
0
0
0
0
2.21458
2.21458
0
0
0
2.21458
0
0
0
0
0
2.21458
0
0
0
0
0
2.21458
2.21458
0
0
0
0
2.21458
0
0
0
0
2.21458
0
0
0
0
0
0
2.21458
0
0
0
0
2.21458
0
0
0
0
0
0
0
0
0
0
2.21458
0
0
0
0
0
2.21458
0
0
0
0
0
2.21458
0
0
0
0
2.21458
34.1305
34.1305
748.705
748.705
102.214
80.9382
76.6831
76.6831
74.5555
72.428
72.428
74.5555
74.5555
74.5555
74.5555
74.5555
74.5555
74.5555
74.5555
74.5555
76.6831
74.5555
76.6831
76.6831
74.5555
76.6831
76.6831
76.6831
76.6831
76.6831
76.6831
76.6831
78.8107
76.6831
78.8107
78.8107
78.8107
76.6831
78.8107
78.8107
74.5555
76.6831
74.5555
76.6831
74.5555
76.6831
74.5555
74.5555
76.6831
76.6831
74.5555
76.6831
76.6831
76.6831
76.6831
74.5555
74.5555
74.5555
74.5555
74.5555
74.5555
74.5555
76.6831
74.5555
74.5555
74.5555
74.5555
74.5555
74.5555
74.5555
72.428
72.428
74.5555
74.5555
74.5555
74.5555
74.5555
74.5555
74.5555
76.6831
76.6831
74.5555
74.5555
74.5555
74.5555
74.5555
76.6831
74.5555
76.6831
74.5555
74.5555
76.6831
74.5555
74.5555
76.6831
74.5555
76.6831
74.5555
76.6831
76.6831
76.6831
76.6831
76.6831
74.5555
76.6831
76.6831
74.5555
76.6831
74.5555
76.6831
76.6831
74.5555
76.6831
74.5555
74.5555
76.6831
74.5555
74.5555
74.5555
76.6831
76.6831
74.5555
74.5555
74.5555
74.5555
76.6831
76.6831
76.6831
76.6831
74.5555
74.5555
76.6831
74.5555
74.5555
74.5555
74.5555
74.5555
74.5555
74.5555
74.5555
74.5555
74.5555
74.5555
74.5555
74.5555
74.5555
74.5555
74.5555
74.5555
74.5555
74.5555
74.5555
74.5555
74.5555
74.5555
74.5555
74.5555
74.5555
74.5555
76.6831
72.428
74.5555
74.5555
74.5555
74.5555
74.5555
74.5555
74.5555
74.5555
74.5555
74.5555
74.5555
74.5555
74.5555
74.5555
74.5555
74.5555
74.5555
74.5555
74.5555
72.428
74.5555
74.5555
72.428
72.428
74.5555
74.5555
72.428
74.5555
74.5555
72.428
74.5555
72.428
72.428
74.5555
74.5555
74.5555
72.428
74.5555
74.5555
72.428
74.5555
72.428
74.5555
72.428
72.428
74.5555
72.428
74.5555
72.428
72.428
74.5555
72.428
72.428
72.428
72.428
72.428
74.5555
72.428
72.428
72.428
72.428
74.5555
72.428
72.428
72.428
72.428
74.5555
72.428
72.428
74.5555
72.428
72.428
72.428
72.428
72.428
72.428
72.428
72.428
72.428
72.428
72.428
72.428
72.428
72.428
72.428
72.428
72.428
72.428
72.428
72.428
70.3004
72.428
72.428
72.428
72.428
72.428
72.428
72.428
72.428
70.3004
72.428
72.428
72.428
72.428
72.428
70.3004
72.428
72.428
70.3004
72.428
72.428
70.3004
72.428
72.428
72.428
70.3004
72.428
72.428
70.3004
72.428
72.428
72.428
70.3004
72.428
72.428
70.3004
72.428
70.3004
72.428
70.3004
72.428
70.3004
70.3004
72.428
70.3004
72.428
70.3004
72.428
72.428
70.3004
72.428
72.428
70.3004
70.3004
72.428
70.3004
72.428
70.3004
70.3004
70.3004
72.428
72.428
70.3004
70.3004
70.3004
72.428
70.3004
70.3004
72.428
70.3004
70.3004
72.428
70.3004
70.3004
72.428
72.428
70.3004
70.3004
70.3004
70.3004
72.428
70.3004
70.3004
72.428
70.3004
70.3004
70.3004
70.3004
70.3004
70.3004
72.428
70.3004
70.3004
70.3004
72.428
70.3004
70.3004
70.3004
70.3004
70.3004
72.428
70.3004
70.3004
70.3004
70.3004
70.3004
70.3004
72.428
70.3004
70.3004
70.3004
70.3004
70.3004
70.3004
70.3004
70.3004
70.3004
72.428
70.3004
70.3004
70.3004
70.3004
70.3004
70.3004
70.3004
70.3004
70.3004
70.3004
70.3004
70.3004
70.3004
70.3004
70.3004
70.3004
70.3004
70.3004
70.3004
70.3004
70.3004
70.3004
70.3004
70.3004
70.3004
70.3004
70.3004
70.3004
70.3004
70.3004
70.3004
68.1728
70.3004
70.3004
70.3004
70.3004
70.3004
70.3004
68.1728
70.3004
70.3004
70.3004
70.3004
70.3004
70.3004
70.3004
68.1728
70.3004
70.3004
70.3004
70.3004
68.1728
70.3004
70.3004
70.3004
68.1728
70.3004
70.3004
70.3004
68.1728
70.3004
70.3004
70.3004
68.1728
70.3004
70.3004
70.3004
68.1728
70.3004
70.3004
68.1728
70.3004
70.3004
70.3004
68.1728
70.3004
68.1728
70.3004
70.3004
68.1728
70.3004
68.1728
70.3004
70.3004
68.1728
70.3004
70.3004
68.1728
70.3004
68.1728
70.3004
70.3004
68.1728
70.3004
68.1728
70.3004
70.3004
68.1728
70.3004
68.1728
70.3004
68.1728
70.3004
68.1728
70.3004
68.1728
70.3004
68.1728
70.3004
68.1728
68.1728
70.3004
68.1728
70.3004
68.1728
70.3004
68.1728
70.3004
68.1728
68.1728
70.3004
68.1728
70.3004
68.1728
70.3004
68.1728
68.1728
70.3004
68.1728
68.1728
68.1728
70.3004
68.1728
70.3004
68.1728
68.1728
68.1728
70.3004
68.1728
68.1728
68.1728
70.3004
68.1728
68.1728
68.1728
70.3004
68.1728
68.1728
68.1728
68.1728
70.3004
68.1728
68.1728
68.1728
68.1728
70.3004
68.1728
68.1728
68.1728
68.1728
68.1728
68.1728
68.1728
70.3004
68.1728
68.1728
68.1728
68.1728
68.1728
68.1728
68.1728
68.1728
68.1728
68.1728
68.1728
68.1728
68.1728
66.0452
68.1728
68.1728
68.1728
66.0452
68.1728
68.1728
68.1728
66.0452
68.1728
68.1728
66.0452
68.1728
68.1728
68.1728
66.0452
68.1728
68.1728
66.0452
68.1728
68.1728
66.0452
68.1728
68.1728
66.0452
68.1728
68.1728
66.0452
68.1728
68.1728
66.0452
68.1728
68.1728
66.0452
68.1728
68.1728
66.0452
68.1728
66.0452
68.1728
66.0452
68.1728
57.5347
0
2.21458
0
0
0
0
0
0
2.21458
0
0
0
0
0
0
0
0
0
0
2.21458
0
0
0
0
0
0
0
0
0
0
2.21458
0
0
0
0
0
2.21458
0
0
0
0
0
2.21458
0
0
0
0
2.21458
0
0
0
0
0
2.21458
0
0
0
0
0
2.21458
0
0
0
0
2.21458
0
0
0
0
0
2.21458
0
0
0
0
0
2.21458
0
0
0
0
0
2.21458
0
0
0
0
0
0
2.21458
0
0
0
0
0
2.21458
0
0
0
0
0
2.21458
0
0
0
0
0
2.21458
0
0
0
0
0
0
2.21458
0
0
0
0
2.21458
0
0
0
0
0
2.21458
0
0
0
0
0
2.21458
0
0
0
0
0
2.21458
0
0
0
0
2.21458
0
0
0
0
0
0
2.21458
2.21458
0
0
0
0
2.21458
0
0
0
0
0
2.21458
0
0
0
0
0
0
2.21458
0
0
0
0
0
2.21458
0
0
0
0
2.21458
0
0
0
0
0
0
0
0
0
0
2.21458
0
0
0
0
2.21458
0
0
0
0
0
0
2.21458
0
0
0
0
0
2.21458
0
0
0
0
2.21458
0
0
0
0
0
0
2.21458
0
0
0
0
2.21458
0
0
0
0
0
0
2.21458
0
0
0
0
2.21458
0
0
0
0
0
2.21458
0
0
0
0
2.21458
0
0
0
0
0
2.21458
0
0
0
0
0
2.21458
0
0
0
0
0
0
0
2.21458
0
0
0
0
2.21458
0
0
0
0
0
0
2.21458
0
0
0
0
0
0
0
0
0
0
2.21458
0
0
0
0
0
2.21458
0
0
0
0
0
2.21458
0
0
0
0
0
0
0
0
0
0
2.21458
0
0
0
0
0
2.21458
0
0
0
0
0
2.21458
0
0
0
0
0
2.21458
0
0
0
0
0
2.21458
0
0
0
0
0
2.21458
0
0
0
0
0
0
2.21458
0
0
0
0
0
2.21458
0
0
0
0
0
2.21458
0
0
0
0
2.21458
0
0
0
0
0
2.21458
0
0
0
0
0
2.21458
0
0
0
0
0
0
0
0
0
0
2.21458
0
0
0
0
0
2.21458
0
0
0
0
0
2.21458
0
0
0
0
0
2.21458
0
0
0
0
0
2.21458
0
0
0
0
0
2.21458
0
0
0
0
0
2.21458
0
0
0
0
0
2.21458
0
0
0
0
0
2.21458
0
0
0
0
0
0
0
0
0
0
0
2.21458
0
0
0
0
0
2.21458
0
0
0
0
0
0
2.21458
0
0
0
0
2.21458
0
0
0
0
0
2.21458
0
0
0
0
0
2.21458
0
0
0
0
0
0
0
0
0
0
0
2.21458
0
0
0
0
0
0
0
0
0
0
2.21458
0
0
0
0
0
2.21458
2.21458
0
0
0
0
0
2.21458
0
0
0
0
0
0
0
0
0
0
0
0
0
0
2.21458
0
0
0
0
0
2.21458
0
0
0
0
0
2.21458
0
0
0
0
0
2.21458
0
0
0
0
2.21458
0
0
0
0
0
2.21458
0
0
0
0
0
0
2.21458
0
0
0
0
2.21458
2.21458
0
0
0
0
0
0
0
0
0
2.21458
0
0
0
0
0
0
0
0
0
0
0
0
2.21458
0
0
0
0
2.21458
2.21458
0
0
0
0
0
2.21458
0
0
0
0
0
2.21458
0
0
0
0
2.21458
0
0
0
0
0
0
0
0
0
0
0
2.21458
0
0
0
0
2.21458
0
0
0
0
0
2.21458
0
0
0
0
2.21458
0
0
0
0
0
2.21458
0
0
0
0
0
0
0
0
0
2.21458
0
0
0
0
0
2.21458
0
0
0
0
0
2.21458
0
0
0
0
2.21458
0
0
0
0
0
2.21458
0
0
0
0
0
2.21458
0
0
0
0
2.21458
0
0
0
0
0
0
2.21458
0
0
0
0
0
0
0
0
0
0
2.21458
0
0
0
0
2.21458
0
0
0
0
0
2.21458
0
0
0
0
0
2.21458
0
0
0
0
0
2.21458
0
0
0
0
2.21458
0
0
0
0
0
2.21458
0
0
0
0
0
2.21458
0
0
0
0
0
2.21458
0
0
0
0
0
2.21458
0
0
0
0
2.21458
0
0
0
0
0
0
0
0
0
0
0
2.21458
0
0
0
0
2.21458
0
0
0
0
0
2.21458
0
0
0
0
2.21458
0
0
0
0
0
2.21458
0
0
0
0
0
0
0
0
0
0
2.21458
0
0
0
0
0
2.21458
0
0
0
0
0
2.21458
0
0
0
0
2.21458
0
0
0
0
0
2.21458
0
0
0
0
0
2.21458
0
0
0
0
0
2.21458
0
0
0
0
0
2.21458
0
0
0
0
0
2.21458
0
0
0
0
0
2.21458
0
0
0
0
0
2.21458
0
0
0
0
0
2.21458
0
0
0
0
2.21458
0
0
0
0
0
2.21458
0
0
0
0
0
2.21458
0
0
0
0
0
2.21458
0
0
0
0
0
0
0
0
0
0
0
2.21458
0
0
0
0
2.21458
0
0
0
0
0
2.21458
0
0
0
0
0
0
2.21458
0
0
0
0
2.21458
0
0
0
0
0
2.21458
0
0
0
0
2.21458
0
0
0
0
0
2.21458
0
0
0
0
2.21458
0
0
0
0
0
0
0
0
0
0
0
0
0
0
0
0
0
0
0
0
0
0
0
0
2.21458
0
0
0
2.21458
2.21458
2.21458
0
0
0
0
0
0
0
0
2.21458
0
0
0
0
0
2.21458
0
0
0
0
0
2.21458
2.21458
0
0
0
0
0
2.21458
0
0
0
0
0
2.21458
0
0
0
0
0
0
2.21458
0
0
0
0
2.21458
0
0
0
0
0
0
0
0
0
0
0
2.21458
0
0
0
0
2.21458
0
0
0
0
0
2.21458
0
0
0
0
0
0
2.21458
0
0
0
0
2.21458
0
0
0
0
0
0
0
0
0
0
2.21458
0
0
0
0
0
0
0
0
0
0
0
0
0
0
0
2.21458
0
0
0
0
0
2.21458
0
0
0
0
0
2.21458
2.21458
0
0
0
2.21458
0
0
0
0
0
0
2.21458
0
0
0
2.21458
0
0
0
0
0
0
2.21458
0
0
0
0
0
2.21458
0
0
0
0
2.21458
2.21458
0
0
0
2.21458
0
0
0
0
0
0
0
0
0
2.21458
0
0
0
0
2.21458
0
0
0
0
0
2.21458
0
0
0
0
2.21458
0
0
0
0
0
2.21458
2.21458
0
0
0
2.21458
0
0
0
0
0
0
0
0
0
0
2.21458
0
0
0
2.21458
0
0
0
0
0
0
0
0
0
0
2.21458
2.21458
0
0
0
0
0
0
0
0
0
0
2.21458
0
0
0
2.21458
0
0
0
0
0
0
2.21458
0
0
0
2.21458
0
0
0
0
0
0
0
0
0
0
0
0
0
0
0
0
0
0
0
0
0
0
2.21458
0
0
0
0
2.21458
0
0
0
0
2.21458
0
0
0
0
0
2.21458
0
0
0
0
0
2.21458
2.21458
0
0
0
0
2.21458
0
0
0
0
2.21458
2.21458
0
0
0
0
2.21458
0
0
0
0
0
2.21458
0
0
0
2.21458
0
0
0
0
0
2.21458
0
0
0
0
0
2.21458
0
0
0
0
0
0
0
0
0
0
2.21458
0
0
0
0
0
0
0
0
0
0
0
0
0
0
0
2.21458
0
0
0
0
2.21458
0
0
0
0
0
2.21458
0
0
0
2.21458
2.21458
0
0
0
0
2.21458
0
0
0
0
2.21458
0
0
0
0
2.21458
0
0
0
0
0
2.21458
0
0
0
0
0
0
0
10.7256
1031.38
765.711
106.469
85.1933
78.8107
78.8107
76.6831
76.6831
78.8107
76.6831
76.6831
76.6831
76.6831
76.6831
78.8107
76.6831
76.6831
76.6831
78.8107
76.6831
76.6831
76.6831
78.8107
76.6831
76.6831
76.6831
76.6831
78.8107
76.6831
78.8107
78.8107
78.8107
78.8107
76.6831
78.8107
78.8107
76.6831
78.8107
74.5555
76.6831
74.5555
76.6831
74.5555
76.6831
74.5555
74.5555
76.6831
74.5555
74.5555
76.6831
74.5555
76.6831
76.6831
74.5555
76.6831
74.5555
76.6831
74.5555
74.5555
76.6831
74.5555
74.5555
74.5555
74.5555
76.6831
74.5555
74.5555
74.5555
74.5555
74.5555
74.5555
74.5555
76.6831
74.5555
74.5555
74.5555
74.5555
74.5555
76.6831
74.5555
74.5555
76.6831
74.5555
74.5555
74.5555
76.6831
76.6831
74.5555
76.6831
74.5555
74.5555
76.6831
76.6831
74.5555
76.6831
76.6831
76.6831
74.5555
76.6831
76.6831
76.6831
74.5555
76.6831
74.5555
76.6831
74.5555
76.6831
74.5555
76.6831
76.6831
74.5555
76.6831
74.5555
76.6831
76.6831
76.6831
76.6831
74.5555
76.6831
76.6831
74.5555
76.6831
74.5555
76.6831
76.6831
74.5555
76.6831
74.5555
74.5555
76.6831
74.5555
76.6831
74.5555
76.6831
74.5555
76.6831
74.5555
76.6831
76.6831
76.6831
76.6831
76.6831
76.6831
76.6831
74.5555
76.6831
74.5555
76.6831
76.6831
74.5555
76.6831
76.6831
74.5555
76.6831
74.5555
76.6831
76.6831
76.6831
74.5555
76.6831
74.5555
74.5555
76.6831
74.5555
74.5555
74.5555
76.6831
74.5555
74.5555
76.6831
74.5555
74.5555
74.5555
76.6831
74.5555
74.5555
74.5555
74.5555
74.5555
74.5555
74.5555
74.5555
76.6831
74.5555
74.5555
76.6831
74.5555
74.5555
74.5555
74.5555
74.5555
74.5555
74.5555
74.5555
74.5555
74.5555
74.5555
74.5555
74.5555
74.5555
74.5555
74.5555
74.5555
74.5555
74.5555
74.5555
72.428
74.5555
74.5555
74.5555
72.428
74.5555
74.5555
74.5555
74.5555
74.5555
74.5555
74.5555
74.5555
74.5555
72.428
72.428
74.5555
74.5555
74.5555
74.5555
74.5555
74.5555
74.5555
74.5555
72.428
74.5555
74.5555
72.428
74.5555
72.428
74.5555
72.428
72.428
74.5555
72.428
72.428
72.428
74.5555
72.428
74.5555
72.428
74.5555
74.5555
72.428
74.5555
72.428
74.5555
72.428
72.428
74.5555
72.428
72.428
74.5555
74.5555
74.5555
72.428
72.428
72.428
72.428
72.428
72.428
74.5555
72.428
72.428
72.428
72.428
74.5555
72.428
72.428
72.428
72.428
74.5555
72.428
72.428
72.428
74.5555
72.428
72.428
72.428
72.428
72.428
72.428
72.428
74.5555
72.428
74.5555
74.5555
74.5555
72.428
72.428
72.428
72.428
72.428
72.428
72.428
70.3004
72.428
72.428
72.428
72.428
72.428
72.428
72.428
70.3004
72.428
72.428
72.428
72.428
72.428
72.428
72.428
72.428
70.3004
72.428
72.428
72.428
72.428
72.428
70.3004
72.428
72.428
72.428
72.428
72.428
70.3004
70.3004
72.428
72.428
72.428
72.428
70.3004
72.428
72.428
72.428
70.3004
72.428
72.428
72.428
72.428
70.3004
72.428
70.3004
72.428
72.428
70.3004
72.428
72.428
70.3004
72.428
70.3004
72.428
72.428
72.428
70.3004
72.428
70.3004
72.428
70.3004
72.428
70.3004
70.3004
70.3004
70.3004
70.3004
72.428
72.428
70.3004
70.3004
70.3004
70.3004
72.428
70.3004
70.3004
70.3004
72.428
70.3004
72.428
70.3004
70.3004
70.3004
70.3004
72.428
72.428
70.3004
70.3004
70.3004
72.428
70.3004
72.428
70.3004
70.3004
70.3004
72.428
70.3004
70.3004
70.3004
72.428
70.3004
70.3004
70.3004
72.428
72.428
70.3004
70.3004
70.3004
72.428
70.3004
70.3004
70.3004
70.3004
72.428
70.3004
70.3004
70.3004
70.3004
70.3004
70.3004
70.3004
70.3004
70.3004
70.3004
70.3004
70.3004
70.3004
70.3004
70.3004
70.3004
70.3004
70.3004
70.3004
72.428
70.3004
70.3004
70.3004
70.3004
68.1728
70.3004
70.3004
70.3004
70.3004
70.3004
70.3004
70.3004
70.3004
70.3004
70.3004
68.1728
70.3004
70.3004
70.3004
70.3004
70.3004
70.3004
70.3004
70.3004
68.1728
70.3004
70.3004
70.3004
68.1728
70.3004
70.3004
70.3004
70.3004
70.3004
70.3004
68.1728
70.3004
70.3004
68.1728
68.1728
70.3004
70.3004
68.1728
70.3004
68.1728
70.3004
70.3004
70.3004
70.3004
70.3004
68.1728
70.3004
70.3004
70.3004
70.3004
68.1728
70.3004
70.3004
68.1728
70.3004
68.1728
70.3004
68.1728
70.3004
68.1728
70.3004
68.1728
70.3004
68.1728
70.3004
68.1728
68.1728
70.3004
68.1728
70.3004
68.1728
68.1728
70.3004
68.1728
68.1728
70.3004
68.1728
68.1728
68.1728
70.3004
68.1728
68.1728
70.3004
68.1728
68.1728
70.3004
68.1728
68.1728
68.1728
70.3004
68.1728
68.1728
68.1728
68.1728
68.1728
70.3004
68.1728
68.1728
68.1728
68.1728
68.1728
68.1728
68.1728
70.3004
68.1728
68.1728
68.1728
68.1728
68.1728
68.1728
68.1728
68.1728
68.1728
61.79
2.21458
0
0
0
0
0
2.21458
0
0
0
0
2.21458
0
0
0
0
0
2.21458
0
0
0
0
0
2.21458
0
0
0
0
0
0
0
0
0
0
0
2.21458
0
0
0
0
0
0
0
0
0
0
0
0
0
0
0
0
0
2.21458
0
0
0
0
0
2.21458
2.21458
0
0
0
0
0
0
0
0
0
0
0
0
0
0
0
0
0
0
0
0
0
0
0
0
0
0
0
2.21458
0
0
0
0
0
2.21458
0
0
0
0
0
2.21458
0
0
0
0
0
2.21458
0
0
0
0
0
2.21458
0
0
0
0
0
2.21458
0
0
0
0
0
2.21458
0
0
0
0
0
0
2.21458
0
0
0
0
0
0
0
0
0
2.21458
0
0
0
0
0
0
2.21458
0
0
0
0
0
0
0
0
0
0
2.21458
0
0
0
0
0
0
0
0
0
0
0
0
0
0
0
0
0
0
2.21458
0
0
0
0
0
0
0
0
0
0
0
2.21458
0
0
0
0
2.21458
0
0
0
0
0
2.21458
0
0
0
0
0
0
0
0
0
0
0
2.21458
0
0
0
0
0
0
2.21458
0
0
0
0
0
0
0
0
0
0
2.21458
0
0
0
0
0
2.21458
2.21458
0
0
0
0
0
2.21458
0
0
0
0
0
0
0
0
0
0
2.21458
0
0
0
0
2.21458
0
0
0
0
0
0
0
0
0
0
0
0
2.21458
0
0
0
0
0
2.21458
0
0
0
0
0
2.21458
0
0
0
0
0
0
0
0
0
0
2.21458
0
0
0
0
0
0
2.21458
0
0
0
0
0
0
0
0
0
0
0
2.21458
0
0
0
0
2.21458
0
0
0
0
0
0
2.21458
0
0
0
0
0
0
0
0
0
0
0
0
0
0
0
0
0
0
0
0
0
2.21458
0
0
0
0
0
0
0
0
0
0
0
2.21458
0
0
0
0
0
2.21458
0
0
0
0
0
2.21458
0
0
0
0
0
2.21458
0
0
0
0
0
2.21458
0
0
0
0
0
2.21458
0
0
0
0
0
0
2.21458
0
0
0
0
0
2.21458
0
0
0
0
0
0
2.21458
0
0
0
0
0
0
0
0
0
0
2.21458
0
0
0
0
2.21458
0
0
0
0
0
2.21458
0
0
0
0
0
2.21458
0
0
0
0
0
2.21458
0
0
0
0
0
0
0
0
0
0
0
2.21458
0
0
0
0
0
2.21458
0
0
0
0
0
2.21458
2.21458
0
0
0
0
0
2.21458
0
0
0
0
0
0
0
0
0
0
2.21458
0
0
0
0
0
2.21458
0
0
0
0
2.21458
0
0
0
0
0
2.21458
0
0
0
0
0
2.21458
0
0
0
0
0
2.21458
0
0
0
0
0
2.21458
0
0
0
0
0
2.21458
0
0
0
0
0
2.21458
0
0
0
0
0
2.21458
0
0
0
0
0
2.21458
0
0
0
0
0
0
0
0
0
0
0
2.21458
0
0
0
0
0
2.21458
2.21458
0
0
0
0
0
0
0
0
0
0
2.21458
0
0
0
0
0
0
0
0
0
0
0
2.21458
0
0
0
0
0
2.21458
0
0
0
0
0
0
2.21458
0
0
0
0
2.21458
0
0
0
0
0
2.21458
0
0
0
0
0
0
2.21458
0
0
0
0
0
2.21458
0
0
0
0
2.21458
0
0
0
0
0
0
2.21458
0
0
0
0
0
2.21458
0
0
0
0
0
2.21458
0
0
0
0
0
2.21458
0
0
0
0
0
2.21458
0
0
0
0
2.21458
2.21458
0
0
0
0
2.21458
0
0
0
0
0
2.21458
0
0
0
0
0
2.21458
0
0
0
0
0
2.21458
0
0
0
0
0
2.21458
2.21458
0
0
0
0
2.21458
0
0
0
0
0
2.21458
0
0
0
0
0
0
2.21458
0
0
0
0
0
2.21458
2.21458
0
0
0
0
2.21458
2.21458
0
0
0
0
2.21458
2.21458
0
0
0
0
2.21458
0
0
0
0
0
0
0
0
0
0
0
0
0
0
0
0
0
0
2.21458
0
0
0
0
0
0
0
0
0
0
0
2.21458
0
0
0
0
0
2.21458
0
0
0
0
0
2.21458
0
0
0
0
0
2.21458
0
0
0
0
0
2.21458
0
0
0
0
0
2.21458
2.21458
0
0
0
2.21458
0
0
0
0
0
2.21458
0
0
0
0
0
2.21458
0
0
0
0
0
2.21458
0
0
0
0
2.21458
0
0
0
0
0
0
0
0
0
0
0
0
2.21458
0
0
0
0
2.21458
0
0
0
0
0
2.21458
0
0
0
0
0
2.21458
0
0
0
0
0
2.21458
0
0
0
0
0
2.21458
0
0
0
0
0
2.21458
0
0
0
0
0
2.21458
0
0
0
0
0
2.21458
0
0
0
0
2.21458
0
0
0
0
0
2.21458
0
0
0
0
0
0
0
0
0
0
0
0
2.21458
0
0
0
0
2.21458
0
0
0
0
0
2.21458
0
0
0
0
0
2.21458
0
0
0
0
0
2.21458
0
0
0
0
0
0
2.21458
0
0
0
0
0
2.21458
0
0
0
0
0
0
2.21458
0
0
0
0
2.21458
0
0
0
0
0
2.21458
0
0
0
0
0
2.21458
0
0
0
0
0
2.21458
0
0
0
0
0
0
2.21458
0
0
0
0
0
2.21458
0
0
0
0
0
2.21458
0
0
0
0
0
0
0
0
0
0
2.21458
0
0
0
0
0
0
2.21458
0
0
0
0
2.21458
2.21458
0
0
0
0
0
2.21458
0
0
0
0
2.21458
0
0
0
0
0
2.21458
0
0
0
0
0
2.21458
0
0
0
0
0
0
2.21458
0
0
0
0
2.21458
0
0
0
0
0
2.21458
0
0
0
0
0
2.21458
0
0
0
0
0
2.21458
0
0
0
0
0
2.21458
0
0
0
0
0
2.21458
0
0
0
0
0
2.21458
0
0
0
0
0
2.21458
0
0
0
0
0
2.21458
0
0
0
0
0
0
0
0
0
0
2.21458
0
0
0
0
0
0
0
0
0
0
0
2.21458
0
0
0
0
0
2.21458
0
0
0
0
0
2.21458
0
0
0
0
0
0
0
0
0
0
0
0
2.21458
0
0
0
0
2.21458
0
0
0
0
0
0
2.21458
0
0
0
2.21458
0
0
0
0
0
2.21458
0
0
0
0
0
0
0
0
0
0
0
0
0
0
0
0
0
0
2.21458
0
0
0
0
0
2.21458
0
0
0
0
0
2.21458
0
0
0
0
0
0
0
0
0
0
2.21458
0
0
0
0
0
2.21458
2.21458
0
0
0
0
2.21458
0
0
0
0
0
0
0
0
0
0
0
0
0
0
0
0
0
2.21458
2.21458
0
0
0
0
0
0
0
0
0
0
2.21458
0
0
0
0
0
0
0
0
0
0
0
2.21458
0
0
0
0
0
0
0
0
0
0
0
0
0
0
0
0
2.21458
2.21458
0
0
0
0
2.21458
2.21458
0
0
0
0
0
2.21458
0
0
0
0
0
0
2.21458
0
0
0
2.21458
0
0
0
0
0
2.21458
0
0
0
0
0
2.21458
0
0
0
0
0
0
0
0
0
0
0
2.21458
0
0
0
0
0
0
2.21458
0
0
0
0
0
2.21458
0
0
0
0
2.21458
0
0
0
0
0
2.21458
0
0
0
0
0
0
2.21458
0
0
0
0
0
2.21458
2.21458
0
0
0
0
2.21458
0
0
0
0
0
2.21458
0
0
0
0
0
2.21458
746.58
905.994
229.853
83.0658
76.6831
76.6831
76.6831
74.5555
72.428
74.5555
74.5555
74.5555
74.5555
74.5555
74.5555
74.5555
72.428
74.5555
76.6831
74.5555
74.5555
76.6831
76.6831
76.6831
76.6831
76.6831
76.6831
76.6831
76.6831
76.6831
76.6831
76.6831
76.6831
76.6831
78.8107
78.8107
76.6831
78.8107
76.6831
74.5555
76.6831
74.5555
76.6831
74.5555
74.5555
74.5555
76.6831
74.5555
74.5555
76.6831
74.5555
76.6831
76.6831
76.6831
78.8107
76.6831
74.5555
76.6831
76.6831
76.6831
76.6831
76.6831
74.5555
76.6831
76.6831
76.6831
76.6831
74.5555
76.6831
76.6831
76.6831
74.5555
74.5555
76.6831
74.5555
74.5555
76.6831
76.6831
74.5555
76.6831
74.5555
74.5555
76.6831
76.6831
74.5555
76.6831
74.5555
76.6831
76.6831
74.5555
76.6831
74.5555
76.6831
74.5555
74.5555
76.6831
76.6831
74.5555
76.6831
76.6831
74.5555
74.5555
76.6831
74.5555
76.6831
74.5555
74.5555
76.6831
74.5555
74.5555
76.6831
74.5555
74.5555
74.5555
74.5555
74.5555
74.5555
76.6831
74.5555
74.5555
74.5555
74.5555
74.5555
74.5555
74.5555
74.5555
74.5555
74.5555
74.5555
74.5555
74.5555
74.5555
74.5555
74.5555
74.5555
74.5555
74.5555
74.5555
74.5555
74.5555
74.5555
74.5555
74.5555
74.5555
74.5555
74.5555
74.5555
74.5555
74.5555
76.6831
74.5555
74.5555
74.5555
74.5555
76.6831
72.428
74.5555
74.5555
74.5555
74.5555
74.5555
74.5555
74.5555
74.5555
74.5555
74.5555
74.5555
72.428
74.5555
74.5555
74.5555
74.5555
72.428
74.5555
74.5555
74.5555
74.5555
74.5555
74.5555
74.5555
74.5555
74.5555
74.5555
72.428
74.5555
74.5555
74.5555
74.5555
74.5555
74.5555
74.5555
74.5555
72.428
74.5555
74.5555
72.428
74.5555
72.428
74.5555
74.5555
72.428
74.5555
72.428
74.5555
72.428
74.5555
72.428
74.5555
72.428
72.428
74.5555
72.428
72.428
74.5555
72.428
74.5555
74.5555
72.428
74.5555
72.428
74.5555
72.428
74.5555
72.428
74.5555
72.428
72.428
74.5555
72.428
72.428
72.428
72.428
74.5555
72.428
72.428
72.428
72.428
74.5555
74.5555
74.5555
72.428
74.5555
74.5555
76.6831
76.6831
74.5555
72.428
72.428
74.5555
72.428
72.428
72.428
72.428
72.428
72.428
72.428
72.428
72.428
72.428
72.428
72.428
72.428
72.428
72.428
72.428
72.428
74.5555
72.428
72.428
72.428
72.428
72.428
72.428
72.428
72.428
72.428
72.428
72.428
72.428
72.428
72.428
72.428
72.428
72.428
72.428
70.3004
72.428
72.428
72.428
70.3004
72.428
72.428
74.5555
74.5555
72.428
72.428
70.3004
72.428
72.428
72.428
72.428
70.3004
72.428
72.428
72.428
72.428
70.3004
72.428
72.428
70.3004
72.428
70.3004
72.428
70.3004
72.428
72.428
72.428
72.428
72.428
70.3004
72.428
70.3004
72.428
70.3004
70.3004
72.428
70.3004
72.428
70.3004
72.428
72.428
70.3004
72.428
72.428
70.3004
72.428
72.428
70.3004
72.428
72.428
70.3004
72.428
70.3004
70.3004
72.428
72.428
72.428
72.428
70.3004
72.428
70.3004
70.3004
72.428
72.428
70.3004
70.3004
70.3004
70.3004
72.428
70.3004
70.3004
72.428
70.3004
70.3004
70.3004
72.428
70.3004
70.3004
72.428
70.3004
70.3004
70.3004
70.3004
70.3004
70.3004
70.3004
72.428
70.3004
70.3004
70.3004
70.3004
70.3004
70.3004
70.3004
70.3004
70.3004
70.3004
70.3004
70.3004
70.3004
70.3004
70.3004
70.3004
70.3004
70.3004
70.3004
70.3004
70.3004
68.1728
70.3004
70.3004
70.3004
70.3004
70.3004
68.1728
70.3004
70.3004
70.3004
70.3004
70.3004
68.1728
70.3004
70.3004
68.1728
70.3004
70.3004
70.3004
70.3004
70.3004
68.1728
70.3004
70.3004
70.3004
68.1728
68.1728
70.3004
70.3004
68.1728
68.1728
70.3004
70.3004
70.3004
68.1728
70.3004
68.1728
70.3004
68.1728
70.3004
70.3004
68.1728
70.3004
70.3004
68.1728
70.3004
68.1728
70.3004
68.1728
70.3004
68.1728
70.3004
68.1728
70.3004
68.1728
70.3004
68.1728
70.3004
68.1728
68.1728
70.3004
68.1728
70.3004
68.1728
70.3004
68.1728
70.3004
68.1728
68.1728
70.3004
68.1728
68.1728
70.3004
68.1728
68.1728
70.3004
68.1728
68.1728
70.3004
68.1728
68.1728
68.1728
70.3004
68.1728
68.1728
68.1728
70.3004
68.1728
68.1728
68.1728
68.1728
70.3004
68.1728
68.1728
68.1728
70.3004
68.1728
68.1728
68.1728
68.1728
68.1728
68.1728
68.1728
70.3004
68.1728
68.1728
68.1728
68.1728
68.1728
68.1728
68.1728
68.1728
68.1728
68.1728
68.1728
68.1728
70.3004
68.1728
68.1728
68.1728
68.1728
68.1728
68.1728
68.1728
68.1728
68.1728
68.1728
68.1728
68.1728
68.1728
68.1728
68.1728
68.1728
68.1728
68.1728
68.1728
68.1728
68.1728
68.1728
68.1728
68.1728
68.1728
66.0452
68.1728
68.1728
68.1728
68.1728
68.1728
68.1728
68.1728
66.0452
68.1728
68.1728
68.1728
66.0452
68.1728
68.1728
68.1728
68.1728
66.0452
66.0452
68.1728
68.1728
68.1728
66.0452
68.1728
68.1728
68.1728
68.1728
68.1728
66.0452
66.0452
68.1728
68.1728
66.0452
68.1728
66.0452
66.0452
68.1728
68.1728
68.1728
68.1728
66.0452
68.1728
66.0452
68.1728
66.0452
68.1728
66.0452
68.1728
66.0452
66.0452
66.0452
68.1728
66.0452
66.0452
68.1728
66.0452
68.1728
66.0452
68.1728
66.0452
68.1728
4.34235
0
0
0
0
2.21458
0
0
0
0
0
0
2.21458
0
0
0
0
0
0
0
0
0
0
0
2.21458
0
0
0
0
0
2.21458
0
0
0
0
0
0
2.21458
0
0
0
0
0
2.21458
0
0
0
0
0
2.21458
0
0
0
0
0
2.21458
0
0
0
0
0
2.21458
0
0
0
0
0
2.21458
2.21458
0
0
0
2.21458
0
0
0
0
0
2.21458
0
0
0
0
0
0
2.21458
0
0
0
0
2.21458
2.21458
0
0
0
0
2.21458
0
0
0
0
0
0
0
0
0
0
0
0
0
0
0
0
0
0
0
0
0
0
0
0
0
0
0
0
0
0
2.21458
0
0
0
0
0
0
0
0
0
0
0
2.21458
0
0
0
0
0
2.21458
0
0
0
0
0
2.21458
0
0
0
0
0
0
2.21458
0
0
0
0
0
0
0
0
0
0
0
2.21458
0
0
0
0
2.21458
0
0
0
0
0
0
2.21458
0
0
0
0
0
2.21458
0
0
0
0
0
0
0
0
0
0
0
2.21458
0
0
0
0
2.21458
0
0
0
0
0
2.21458
0
0
0
0
0
0
2.21458
0
0
0
0
0
2.21458
0
0
0
0
2.21458
0
0
0
0
0
2.21458
0
0
0
0
0
2.21458
0
0
0
0
0
2.21458
0
0
0
0
0
0
0
0
0
0
2.21458
0
0
0
0
0
0
2.21458
0
0
0
0
0
2.21458
0
0
0
0
0
2.21458
0
0
0
0
0
2.21458
0
0
0
0
0
0
2.21458
0
0
0
0
2.21458
0
0
0
0
0
2.21458
0
0
0
0
0
2.21458
0
0
0
0
0
0
0
0
0
0
2.21458
0
0
0
0
0
0
2.21458
0
0
0
0
0
2.21458
0
0
0
0
0
0
2.21458
0
0
0
0
2.21458
0
0
0
0
0
0
2.21458
0
0
0
0
0
2.21458
0
0
0
0
0
0
2.21458
0
0
0
0
0
0
0
0
0
0
2.21458
0
0
0
0
0
0
0
0
0
0
0
0
0
0
0
0
0
2.21458
0
0
0
0
0
2.21458
0
0
0
0
0
2.21458
0
0
0
0
2.21458
0
0
0
0
0
2.21458
0
0
0
0
0
2.21458
0
0
0
0
0
2.21458
0
0
0
0
0
2.21458
0
0
0
0
0
0
0
2.21458
0
0
0
2.21458
0
0
0
0
0
2.21458
0
0
0
0
0
2.21458
0
0
0
0
0
0
0
0
0
0
2.21458
0
0
0
0
0
2.21458
0
0
0
0
0
0
2.21458
0
0
0
0
0
2.21458
0
0
0
0
0
0
0
0
0
0
0
2.21458
0
0
0
0
0
2.21458
0
0
0
0
0
2.21458
0
0
0
0
0
0
2.21458
0
0
0
0
0
2.21458
0
0
0
0
0
2.21458
0
0
0
0
0
2.21458
0
0
0
0
2.21458
0
0
0
0
0
2.21458
2.21458
0
0
0
0
2.21458
0
0
0
0
0
0
2.21458
0
0
0
0
2.21458
0
0
0
0
0
0
2.21458
0
0
0
0
0
0
0
0
0
2.21458
0
0
0
0
0
2.21458
0
0
0
0
0
0
2.21458
0
0
0
0
0
2.21458
0
0
0
0
0
2.21458
0
0
0
0
0
2.21458
0
0
0
0
2.21458
0
0
0
0
0
2.21458
0
0
0
0
0
0
0
0
0
0
0
2.21458
0
0
0
0
0
0
2.21458
0
0
0
0
0
2.21458
0
0
0
0
2.21458
0
0
0
0
0
2.21458
0
0
0
0
0
2.21458
0
0
0
0
0
0
2.21458
0
0
0
0
0
0
0
0
0
0
2.21458
0
0
0
0
0
2.21458
0
0
0
0
2.21458
0
0
0
0
0
2.21458
0
0
0
0
0
0
2.21458
0
0
0
0
0
2.21458
0
0
0
0
0
2.21458
0
0
0
0
0
0
2.21458
0
0
0
0
0
2.21458
0
0
0
0
0
0
0
0
0
0
2.21458
0
0
0
0
2.21458
0
0
0
0
0
2.21458
0
0
0
0
0
0
2.21458
0
0
0
0
0
0
0
0
0
0
2.21458
0
0
0
0
0
2.21458
0
0
0
0
0
2.21458
0
0
0
0
0
2.21458
0
0
0
0
0
2.21458
0
0
0
0
2.21458
0
0
0
0
0
2.21458
0
0
0
0
0
2.21458
0
0
0
0
0
2.21458
0
0
0
0
2.21458
0
0
0
0
0
2.21458
0
0
0
0
0
0
2.21458
0
0
0
0
0
2.21458
0
0
0
0
2.21458
0
0
0
0
0
2.21458
0
0
0
0
0
2.21458
0
0
0
0
0
2.21458
0
0
0
0
0
0
2.21458
0
0
0
0
0
0
0
0
0
0
2.21458
0
0
0
0
2.21458
0
0
0
0
0
2.21458
0
0
0
0
0
0
0
0
0
0
0
0
0
0
0
0
2.21458
0
0
0
0
0
2.21458
0
0
0
0
0
0
2.21458
0
0
0
0
2.21458
2.21458
0
0
0
0
2.21458
0
0
0
0
2.21458
0
0
0
0
0
0
2.21458
0
0
0
0
0
2.21458
0
0
0
0
2.21458
0
0
0
0
2.21458
0
0
0
0
0
0
0
0
0
0
0
0
2.21458
0
0
0
0
2.21458
0
0
0
0
0
2.21458
0
0
0
0
0
2.21458
0
0
0
0
0
2.21458
0
0
0
0
0
2.21458
0
0
0
0
0
0
0
0
0
0
2.21458
0
0
0
0
2.21458
0
0
0
0
0
2.21458
0
0
0
0
0
2.21458
0
0
0
0
0
2.21458
0
0
0
0
2.21458
0
0
0
0
0
2.21458
0
0
0
0
2.21458
0
0
0
0
0
2.21458
0
0
0
0
0
0
0
0
0
0
2.21458
0
0
0
0
0
0
0
0
0
0
0
2.21458
0
0
0
0
0
2.21458
0
0
0
0
0
0
2.21458
0
0
0
2.21458
0
0
0
0
0
2.21458
2.21458
0
0
0
0
2.21458
0
0
0
0
0
2.21458
2.21458
0
0
0
2.21458
0
0
0
0
0
0
2.21458
0
0
0
0
2.21458
0
0
0
0
0
2.21458
0
0
0
0
2.21458
0
0
0
0
0
2.21458
0
0
0
0
0
0
0
0
0
0
0
2.21458
0
0
0
0
2.21458
0
0
0
0
0
0
0
0
0
0
0
0
0
0
0
0
0
2.21458
0
0
0
0
2.21458
0
0
0
0
0
0
2.21458
0
0
0
0
0
0
0
0
0
0
0
2.21458
0
0
0
0
0
2.21458
2.21458
0
0
0
0
2.21458
0
0
0
0
2.21458
0
0
0
0
0
0
2.21458
0
0
0
0
2.21458
0
0
0
0
0
2.21458
0
0
0
0
0
0
2.21458
0
0
0
0
2.21458
0
0
0
0
2.21458
0
0
0
0
0
0
2.21458
0
0
0
2.21458
0
0
0
0
0
0
0
0
0
0
0
0
0
0
0
0
0
2.21458
0
0
0
0
0
2.21458
0
0
0
0
0
2.21458
0
0
0
0
0
0
0
0
0
0
0
2.21458
0
0
0
0
0
2.21458
0
0
0
0
0
2.21458
2.21458
0
0
0
0
0
0
0
0
0
0
0
2.21458
0
0
0
0
2.21458
0
0
0
0
0
0
2.21458
0
0
0
0
2.21458
0
0
0
0
0
2.21458
0
0
0
0
0
0
0
0
0
0
2.21458
0
0
0
0
0
0
0
0
0
0
0
2.21458
0
0
0
0
2.21458
0
0
0
0
0
2.21458
461.678
925.121
925.121
87.3209
78.8107
76.6831
74.5555
74.5555
74.5555
76.6831
72.428
74.5555
74.5555
74.5555
74.5555
74.5555
76.6831
74.5555
74.5555
74.5555
74.5555
76.6831
74.5555
76.6831
76.6831
76.6831
76.6831
76.6831
76.6831
76.6831
76.6831
78.8107
76.6831
78.8107
78.8107
78.8107
76.6831
78.8107
76.6831
76.6831
74.5555
74.5555
76.6831
74.5555
74.5555
76.6831
74.5555
74.5555
74.5555
74.5555
76.6831
74.5555
74.5555
76.6831
76.6831
74.5555
76.6831
76.6831
76.6831
74.5555
76.6831
76.6831
76.6831
74.5555
74.5555
76.6831
74.5555
74.5555
74.5555
76.6831
74.5555
74.5555
74.5555
74.5555
74.5555
74.5555
74.5555
74.5555
74.5555
74.5555
74.5555
74.5555
74.5555
74.5555
74.5555
74.5555
74.5555
74.5555
74.5555
74.5555
76.6831
74.5555
74.5555
74.5555
74.5555
74.5555
74.5555
76.6831
74.5555
76.6831
74.5555
74.5555
74.5555
76.6831
74.5555
74.5555
74.5555
74.5555
74.5555
76.6831
76.6831
74.5555
76.6831
74.5555
76.6831
76.6831
74.5555
74.5555
76.6831
74.5555
76.6831
74.5555
74.5555
76.6831
76.6831
74.5555
74.5555
74.5555
76.6831
74.5555
74.5555
76.6831
74.5555
74.5555
74.5555
74.5555
76.6831
74.5555
74.5555
74.5555
76.6831
74.5555
74.5555
76.6831
76.6831
74.5555
74.5555
74.5555
74.5555
76.6831
74.5555
74.5555
74.5555
74.5555
74.5555
74.5555
74.5555
74.5555
74.5555
74.5555
72.428
74.5555
74.5555
74.5555
74.5555
74.5555
74.5555
74.5555
72.428
74.5555
74.5555
74.5555
74.5555
74.5555
74.5555
74.5555
76.6831
74.5555
74.5555
72.428
74.5555
74.5555
74.5555
72.428
74.5555
74.5555
72.428
74.5555
74.5555
74.5555
74.5555
74.5555
74.5555
72.428
74.5555
74.5555
72.428
74.5555
74.5555
74.5555
72.428
74.5555
72.428
74.5555
72.428
74.5555
72.428
74.5555
72.428
72.428
72.428
74.5555
74.5555
74.5555
74.5555
72.428
74.5555
72.428
74.5555
72.428
72.428
72.428
72.428
72.428
72.428
72.428
72.428
72.428
74.5555
72.428
72.428
72.428
72.428
74.5555
72.428
72.428
72.428
74.5555
72.428
72.428
72.428
72.428
72.428
72.428
72.428
72.428
74.5555
72.428
72.428
72.428
72.428
72.428
72.428
72.428
72.428
72.428
72.428
72.428
72.428
72.428
72.428
72.428
72.428
72.428
72.428
72.428
72.428
72.428
70.3004
72.428
72.428
72.428
72.428
72.428
70.3004
72.428
72.428
72.428
72.428
72.428
70.3004
72.428
72.428
72.428
70.3004
72.428
72.428
72.428
70.3004
72.428
72.428
70.3004
72.428
72.428
72.428
72.428
72.428
70.3004
72.428
72.428
70.3004
72.428
70.3004
72.428
72.428
72.428
72.428
72.428
70.3004
72.428
72.428
70.3004
72.428
70.3004
72.428
72.428
72.428
72.428
72.428
72.428
74.5555
72.428
70.3004
72.428
72.428
70.3004
72.428
70.3004
72.428
70.3004
72.428
70.3004
72.428
70.3004
72.428
70.3004
72.428
70.3004
70.3004
72.428
70.3004
72.428
70.3004
72.428
72.428
72.428
70.3004
72.428
70.3004
72.428
70.3004
70.3004
72.428
70.3004
72.428
70.3004
70.3004
70.3004
72.428
70.3004
70.3004
72.428
70.3004
70.3004
72.428
70.3004
72.428
70.3004
70.3004
72.428
70.3004
70.3004
72.428
70.3004
72.428
70.3004
70.3004
70.3004
72.428
70.3004
70.3004
70.3004
72.428
70.3004
70.3004
72.428
70.3004
70.3004
72.428
70.3004
70.3004
72.428
70.3004
70.3004
70.3004
72.428
70.3004
70.3004
70.3004
72.428
70.3004
70.3004
70.3004
70.3004
70.3004
70.3004
72.428
70.3004
70.3004
70.3004
70.3004
70.3004
70.3004
70.3004
70.3004
70.3004
70.3004
70.3004
70.3004
70.3004
70.3004
72.428
70.3004
68.1728
70.3004
70.3004
70.3004
70.3004
70.3004
70.3004
70.3004
70.3004
70.3004
70.3004
70.3004
70.3004
70.3004
70.3004
70.3004
70.3004
70.3004
70.3004
70.3004
70.3004
70.3004
70.3004
70.3004
68.1728
70.3004
70.3004
70.3004
70.3004
70.3004
70.3004
70.3004
70.3004
70.3004
68.1728
70.3004
68.1728
70.3004
70.3004
70.3004
70.3004
68.1728
68.1728
68.1728
70.3004
70.3004
68.1728
70.3004
68.1728
70.3004
70.3004
68.1728
70.3004
68.1728
70.3004
68.1728
70.3004
68.1728
70.3004
68.1728
70.3004
68.1728
68.1728
70.3004
70.3004
70.3004
70.3004
68.1728
70.3004
68.1728
68.1728
70.3004
68.1728
68.1728
68.1728
70.3004
68.1728
68.1728
68.1728
70.3004
68.1728
68.1728
70.3004
68.1728
70.3004
68.1728
68.1728
68.1728
68.1728
70.3004
68.1728
68.1728
68.1728
68.1728
70.3004
68.1728
68.1728
68.1728
68.1728
70.3004
68.1728
68.1728
68.1728
68.1728
68.1728
68.1728
68.1728
68.1728
68.1728
68.1728
68.1728
68.1728
68.1728
66.0452
68.1728
68.1728
68.1728
68.1728
68.1728
68.1728
68.1728
68.1728
68.1728
68.1728
68.1728
66.0452
68.1728
68.1728
68.1728
68.1728
68.1728
68.1728
68.1728
66.0452
68.1728
68.1728
68.1728
68.1728
68.1728
68.1728
66.0452
68.1728
68.1728
66.0452
68.1728
68.1728
68.1728
66.0452
68.1728
68.1728
68.1728
66.0452
68.1728
68.1728
66.0452
68.1728
68.1728
66.0452
68.1728
68.1728
68.1728
66.0452
68.1728
66.0452
68.1728
68.1728
0
0
0
0
0
2.21458
0
0
0
10.7256
10.7256
17.1089
14.9811
14.9811
14.9811
17.1089
2.21458
0
0
2.21458
0
0
0
0
2.21458
12.8534
17.1089
17.1089
14.9811
14.9811
17.1089
4.34235
4.34235
2.21458
0
0
0
0
0
0
0
0
0
0
0
2.21458
0
0
0
0
0
0
2.21458
0
0
0
0
2.21458
0
0
0
0
0
0
0
0
0
0
0
2.21458
2.21458
0
0
0
0
0
0
0
0
0
0
0
2.21458
0
0
0
0
0
0
0
0
0
0
0
2.21458
0
0
0
0
0
0
0
0
0
0
2.21458
0
0
0
0
0
0
2.21458
0
0
0
0
0
0
0
0
0
0
0
2.21458
0
0
0
0
0
2.21458
0
0
0
0
0
2.21458
0
0
0
0
0
2.21458
0
0
0
0
0
0
0
0
0
0
0
2.21458
0
0
0
0
0
2.21458
0
0
0
0
0
2.21458
0
0
0
0
0
2.21458
0
0
0
0
0
2.21458
0
0
0
0
0
2.21458
0
0
0
0
0
2.21458
0
0
0
0
0
0
2.21458
0
0
0
0
0
2.21458
0
0
0
0
0
2.21458
0
0
0
0
2.21458
0
0
0
0
0
0
2.21458
0
0
0
0
0
0
2.21458
0
0
0
0
2.21458
0
0
0
0
2.21458
0
0
0
0
0
2.21458
0
0
0
0
0
0
2.21458
0
0
0
0
0
2.21458
0
0
0
0
0
2.21458
0
0
0
0
0
0
2.21458
0
0
0
0
0
0
0
0
0
0
2.21458
0
0
0
0
2.21458
0
0
0
0
0
2.21458
0
0
0
0
0
2.21458
0
0
0
0
0
2.21458
0
0
0
0
2.21458
0
0
0
0
0
2.21458
0
0
0
0
2.21458
0
0
0
0
0
0
0
0
0
0
0
2.21458
0
0
0
0
0
2.21458
0
0
0
0
0
2.21458
0
0
0
0
0
0
0
0
0
0
0
2.21458
0
0
0
0
2.21458
0
0
0
0
0
2.21458
0
0
0
0
0
0
0
0
0
0
0
2.21458
0
0
0
0
0
0
2.21458
0
0
0
0
2.21458
0
0
0
0
0
0
2.21458
0
0
0
0
0
2.21458
2.21458
0
0
0
0
2.21458
0
0
0
0
0
2.21458
0
0
0
0
0
2.21458
0
0
0
0
0
2.21458
0
0
0
0
0
2.21458
0
0
0
0
0
2.21458
0
0
0
0
0
2.21458
0
0
0
0
0
2.21458
0
0
0
0
0
0
2.21458
0
0
0
0
2.21458
0
0
0
0
0
2.21458
0
0
0
0
0
2.21458
0
0
0
0
0
0
2.21458
0
0
0
0
0
2.21458
0
0
0
0
0
2.21458
0
0
0
0
0
2.21458
0
0
0
0
2.21458
0
0
0
0
0
2.21458
0
0
0
0
0
2.21458
0
0
0
0
2.21458
0
0
0
0
0
0
2.21458
0
0
0
0
0
0
0
0
0
0
0
2.21458
0
0
0
0
0
0
2.21458
0
0
0
0
0
0
0
0
0
0
0
2.21458
0
0
0
0
0
2.21458
0
0
0
0
2.21458
0
0
0
0
0
2.21458
0
0
0
0
0
0
2.21458
0
0
0
0
2.21458
0
0
0
0
0
2.21458
0
0
0
0
2.21458
2.21458
0
0
0
0
0
0
2.21458
0
0
0
0
0
2.21458
0
0
0
0
0
0
2.21458
0
0
0
2.21458
0
0
0
0
0
2.21458
0
0
0
0
0
0
0
0
0
0
0
0
2.21458
0
0
0
0
2.21458
0
0
0
2.21458
0
0
0
0
0
2.21458
0
0
0
0
0
2.21458
0
0
0
0
0
2.21458
0
0
0
0
2.21458
0
0
0
0
0
0
0
2.21458
0
0
0
0
2.21458
0
0
0
0
0
0
2.21458
0
0
0
0
2.21458
0
0
0
0
2.21458
0
0
0
0
0
2.21458
2.21458
0
0
0
0
2.21458
0
0
0
0
0
2.21458
0
0
0
0
2.21458
0
0
0
0
2.21458
0
0
0
0
0
2.21458
0
0
0
0
0
2.21458
2.21458
0
0
0
0
2.21458
0
0
0
0
0
2.21458
0
0
0
2.21458
0
0
0
0
0
2.21458
0
0
0
0
0
2.21458
0
0
0
0
2.21458
0
0
0
0
0
0
0
0
0
0
0
0
0
0
0
0
0
0
0
2.21458
0
0
0
0
2.21458
0
0
0
0
2.21458
0
0
0
0
0
2.21458
0
0
0
0
0
0
2.21458
0
0
0
0
2.21458
2.21458
0
0
0
0
2.21458
0
0
0
0
0
2.21458
0
0
0
0
2.21458
0
0
0
0
0
2.21458
2.21458
0
0
0
0
2.21458
2.21458
2.21458
0
0
0
0
2.21458
0
0
0
0
0
2.21458
2.21458
0
0
0
0
0
2.21458
0
0
0
0
2.21458
0
0
0
0
2.21458
0
0
0
0
0
0
2.21458
0
0
0
0
2.21458
0
0
0
0
0
0
2.21458
0
0
0
0
2.21458
0
0
0
0
0
2.21458
0
0
0
0
0
0
2.21458
2.21458
2.21458
0
0
2.21458
0
0
0
0
2.21458
0
0
0
0
0
0
2.21458
0
0
0
0
2.21458
0
0
0
0
0
2.21458
0
0
0
0
0
2.21458
0
0
0
0
0
0
2.21458
0
0
0
0
0
2.21458
0
0
0
0
0
0
2.21458
0
0
0
0
2.21458
0
0
0
0
2.21458
0
0
0
0
0
0
0
0
0
0
0
2.21458
0
0
0
0
0
2.21458
2.21458
0
0
0
0
0
0
0
0
0
0
2.21458
0
0
0
0
0
0
2.21458
0
0
0
0
0
2.21458
0
0
0
0
0
2.21458
0
0
0
0
0
2.21458
0
0
0
0
2.21458
0
0
0
0
0
2.21458
0
0
0
0
2.21458
0
0
0
0
0
2.21458
0
0
0
0
2.21458
0
0
0
0
0
0
0
0
0
0
0
0
2.21458
0
0
0
0
2.21458
0
0
0
0
0
2.21458
0
0
0
0
0
2.21458
0
0
0
0
0
0
0
0
0
0
0
0
2.21458
0
0
0
0
2.21458
0
0
0
0
0
2.21458
0
0
0
0
0
2.21458
0
0
0
0
0
2.21458
0
0
0
0
2.21458
0
0
0
0
0
2.21458
0
0
0
0
0
2.21458
2.21458
0
0
0
0
0
0
0
0
0
0
2.21458
0
0
0
0
2.21458
0
0
0
0
0
2.21458
0
0
0
0
2.21458
0
0
0
0
0
2.21458
0
0
0
0
2.21458
0
0
0
0
0
2.21458
2.21458
0
0
0
0
2.21458
2.21458
0
0
0
0
2.21458
0
0
0
0
0
2.21458
0
0
0
0
0
2.21458
0
0
0
0
0
0
0
0
0
0
2.21458
0
0
0
0
0
2.21458
0
0
0
0
0
2.21458
0
0
0
0
0
0
0
0
0
0
0
0
0
0
0
0
0
2.21458
0
0
0
0
0
0
0
0
0
0
0
704.064
916.62
236.235
85.1933
78.8107
78.8107
78.8107
74.5555
74.5555
74.5555
74.5555
74.5555
74.5555
74.5555
74.5555
74.5555
74.5555
74.5555
76.6831
74.5555
74.5555
74.5555
76.6831
74.5555
76.6831
74.5555
76.6831
76.6831
76.6831
76.6831
74.5555
76.6831
78.8107
78.8107
76.6831
78.8107
78.8107
76.6831
76.6831
74.5555
76.6831
74.5555
74.5555
74.5555
74.5555
74.5555
76.6831
76.6831
74.5555
76.6831
76.6831
76.6831
76.6831
76.6831
74.5555
76.6831
76.6831
76.6831
76.6831
76.6831
76.6831
76.6831
76.6831
76.6831
76.6831
76.6831
74.5555
76.6831
76.6831
74.5555
74.5555
74.5555
74.5555
74.5555
74.5555
74.5555
74.5555
74.5555
74.5555
74.5555
74.5555
76.6831
74.5555
74.5555
74.5555
74.5555
74.5555
76.6831
74.5555
74.5555
74.5555
76.6831
76.6831
74.5555
74.5555
76.6831
74.5555
76.6831
76.6831
76.6831
74.5555
76.6831
74.5555
76.6831
76.6831
74.5555
74.5555
76.6831
74.5555
76.6831
74.5555
74.5555
74.5555
74.5555
76.6831
74.5555
74.5555
74.5555
74.5555
74.5555
74.5555
76.6831
74.5555
74.5555
74.5555
74.5555
74.5555
74.5555
74.5555
74.5555
76.6831
74.5555
74.5555
74.5555
74.5555
74.5555
74.5555
74.5555
74.5555
74.5555
74.5555
74.5555
74.5555
74.5555
74.5555
74.5555
74.5555
74.5555
74.5555
74.5555
74.5555
74.5555
74.5555
74.5555
74.5555
74.5555
74.5555
74.5555
74.5555
72.428
74.5555
74.5555
74.5555
74.5555
72.428
74.5555
74.5555
74.5555
74.5555
72.428
74.5555
74.5555
74.5555
72.428
74.5555
72.428
74.5555
72.428
74.5555
74.5555
74.5555
72.428
74.5555
72.428
74.5555
72.428
74.5555
72.428
74.5555
72.428
74.5555
74.5555
72.428
74.5555
72.428
74.5555
72.428
72.428
74.5555
72.428
74.5555
72.428
74.5555
72.428
72.428
72.428
74.5555
72.428
72.428
74.5555
72.428
72.428
74.5555
72.428
72.428
72.428
74.5555
74.5555
72.428
72.428
72.428
74.5555
72.428
72.428
72.428
72.428
74.5555
74.5555
72.428
72.428
72.428
72.428
72.428
72.428
72.428
72.428
72.428
72.428
72.428
72.428
72.428
72.428
72.428
72.428
72.428
72.428
72.428
72.428
72.428
72.428
72.428
72.428
72.428
70.3004
72.428
72.428
72.428
72.428
72.428
72.428
72.428
72.428
72.428
70.3004
72.428
72.428
72.428
70.3004
72.428
72.428
72.428
72.428
72.428
70.3004
72.428
72.428
72.428
72.428
72.428
70.3004
72.428
72.428
72.428
72.428
70.3004
72.428
72.428
70.3004
72.428
72.428
70.3004
72.428
70.3004
72.428
72.428
70.3004
72.428
70.3004
72.428
70.3004
72.428
72.428
70.3004
72.428
70.3004
72.428
70.3004
70.3004
72.428
70.3004
72.428
70.3004
70.3004
70.3004
70.3004
72.428
70.3004
70.3004
72.428
72.428
70.3004
70.3004
72.428
70.3004
72.428
70.3004
72.428
70.3004
72.428
70.3004
70.3004
70.3004
72.428
70.3004
70.3004
72.428
72.428
70.3004
70.3004
70.3004
70.3004
70.3004
72.428
70.3004
70.3004
70.3004
70.3004
70.3004
72.428
70.3004
70.3004
70.3004
70.3004
70.3004
72.428
70.3004
70.3004
70.3004
70.3004
70.3004
70.3004
70.3004
70.3004
70.3004
70.3004
70.3004
70.3004
70.3004
72.428
72.428
70.3004
70.3004
70.3004
70.3004
70.3004
70.3004
70.3004
70.3004
70.3004
70.3004
70.3004
70.3004
70.3004
70.3004
70.3004
70.3004
70.3004
70.3004
70.3004
70.3004
70.3004
70.3004
70.3004
70.3004
70.3004
70.3004
68.1728
70.3004
70.3004
70.3004
70.3004
70.3004
70.3004
70.3004
70.3004
70.3004
68.1728
70.3004
70.3004
70.3004
68.1728
70.3004
70.3004
70.3004
70.3004
70.3004
68.1728
70.3004
70.3004
70.3004
68.1728
70.3004
70.3004
70.3004
68.1728
68.1728
70.3004
70.3004
70.3004
70.3004
70.3004
68.1728
70.3004
70.3004
68.1728
70.3004
70.3004
68.1728
70.3004
70.3004
68.1728
68.1728
68.1728
70.3004
70.3004
68.1728
70.3004
70.3004
70.3004
68.1728
70.3004
68.1728
70.3004
68.1728
70.3004
68.1728
68.1728
70.3004
68.1728
68.1728
70.3004
68.1728
70.3004
68.1728
70.3004
68.1728
70.3004
68.1728
68.1728
70.3004
68.1728
68.1728
68.1728
70.3004
68.1728
70.3004
68.1728
68.1728
68.1728
70.3004
68.1728
68.1728
68.1728
68.1728
70.3004
68.1728
70.3004
68.1728
68.1728
68.1728
68.1728
70.3004
68.1728
68.1728
68.1728
68.1728
70.3004
68.1728
68.1728
68.1728
68.1728
70.3004
68.1728
68.1728
68.1728
68.1728
68.1728
68.1728
68.1728
68.1728
70.3004
68.1728
68.1728
68.1728
68.1728
68.1728
68.1728
68.1728
68.1728
70.3004
68.1728
68.1728
68.1728
68.1728
68.1728
68.1728
68.1728
68.1728
68.1728
68.1728
68.1728
68.1728
68.1728
68.1728
68.1728
66.0452
68.1728
68.1728
68.1728
68.1728
66.0452
68.1728
68.1728
66.0452
68.1728
68.1728
66.0452
68.1728
68.1728
68.1728
66.0452
66.0452
68.1728
68.1728
66.0452
68.1728
66.0452
68.1728
66.0452
68.1728
66.0452
68.1728
68.1728
68.1728
66.0452
68.1728
66.0452
66.0452
14.9811
0
0
0
0
0
2.21458
0
0
0
0
0
2.21458
0
0
0
0
0
2.21458
0
0
0
0
0
2.21458
0
0
0
0
0
2.21458
0
0
0
0
0
2.21458
0
0
0
0
0
0
2.21458
0
0
0
0
0
2.21458
0
0
0
0
0
2.21458
0
0
0
0
0
0
0
0
0
0
2.21458
0
0
0
0
0
2.21458
0
0
0
0
0
2.21458
0
0
0
0
0
2.21458
0
0
0
0
0
2.21458
0
0
0
0
0
2.21458
0
0
0
0
0
0
2.21458
0
0
0
0
0
2.21458
0
0
0
0
0
2.21458
0
0
0
2.21458
0
0
0
0
0
2.21458
0
0
0
0
2.21458
0
0
0
0
0
2.21458
0
0
0
0
0
2.21458
0
0
0
0
0
2.21458
0
0
0
0
0
2.21458
0
0
0
0
0
2.21458
0
0
0
0
0
2.21458
2.21458
0
0
0
0
2.21458
2.21458
0
0
0
0
0
2.21458
0
0
0
0
0
2.21458
0
0
0
0
0
0
0
0
0
0
0
2.21458
0
0
0
0
2.21458
0
0
0
0
0
2.21458
0
0
0
0
0
0
2.21458
0
0
0
0
2.21458
0
0
0
0
0
2.21458
0
0
0
0
0
2.21458
0
0
0
0
0
0
0
0
0
0
0
2.21458
0
0
0
0
0
0
2.21458
0
0
0
0
2.21458
0
0
0
0
2.21458
0
0
0
0
0
0
2.21458
0
0
0
0
2.21458
0
0
0
0
0
0
2.21458
2.21458
0
0
0
2.21458
2.21458
0
0
0
0
0
0
2.21458
0
0
0
0
0
2.21458
0
0
0
2.21458
0
0
0
0
0
2.21458
0
0
0
0
0
2.21458
0
0
0
0
0
2.21458
0
0
0
0
0
2.21458
0
0
0
0
0
2.21458
0
0
0
0
0
0
2.21458
0
0
0
2.21458
0
0
0
0
0
0
2.21458
0
0
0
0
2.21458
0
0
0
0
0
0
0
2.21458
0
0
0
0
0
2.21458
0
0
0
0
2.21458
0
0
0
0
0
0
2.21458
0
0
0
0
0
0
0
0
0
0
2.21458
0
0
0
0
0
0
2.21458
0
0
0
0
2.21458
0
0
0
0
0
0
2.21458
0
0
0
0
2.21458
0
0
0
0
0
0
2.21458
0
0
0
0
0
0
0
0
0
0
2.21458
0
0
0
0
0
2.21458
0
0
0
0
0
0
2.21458
0
0
0
0
2.21458
0
0
0
0
0
0
2.21458
0
0
0
0
0
0
0
0
0
0
0
2.21458
0
0
0
0
0
0
0
0
0
0
0
0
0
0
0
0
2.21458
0
0
0
0
0
2.21458
0
0
0
0
0
0
2.21458
0
0
0
0
2.21458
0
0
0
0
0
0
2.21458
0
0
0
0
2.21458
0
0
0
0
0
0
0
0
0
0
2.21458
0
0
0
0
0
2.21458
0
0
0
0
0
0
0
0
0
0
0
0
0
0
0
0
0
2.21458
0
0
0
0
2.21458
2.21458
0
0
0
0
0
0
0
0
0
0
0
0
0
0
0
0
0
0
0
2.21458
0
0
0
0
2.21458
2.21458
0
0
0
0
0
0
0
0
0
0
2.21458
0
0
0
0
0
0
0
0
0
0
2.21458
0
0
0
0
0
0
2.21458
0
0
0
0
2.21458
0
0
0
0
0
0
0
0
0
0
0
2.21458
2.21458
0
0
0
0
2.21458
0
0
0
0
0
0
2.21458
0
0
0
0
0
2.21458
0
0
0
0
0
2.21458
0
0
0
0
2.21458
0
0
0
0
0
0
0
0
0
0
0
0
2.21458
2.21458
2.21458
2.21458
0
2.21458
0
0
0
0
0
0
2.21458
2.21458
2.21458
0
0
2.21458
0
0
0
0
0
0
0
0
0
0
0
0
0
0
0
0
0
0
0
0
0
0
0
2.21458
0
0
0
0
2.21458
2.21458
2.21458
2.21458
2.21458
2.21458
2.21458
0
0
0
0
0
2.21458
0
0
0
0
0
0
2.21458
0
0
0
0
2.21458
0
0
0
0
0
0
0
2.21458
0
0
0
0
0
2.21458
0
0
0
0
2.21458
0
0
0
0
0
2.21458
0
0
0
0
0
0
2.21458
0
0
0
0
0
2.21458
0
0
0
0
0
0
2.21458
0
0
0
0
2.21458
0
0
0
0
0
0
2.21458
2.21458
0
0
0
0
2.21458
0
0
0
0
2.21458
0
0
0
0
0
0
0
0
0
0
0
0
0
0
0
0
0
0
0
0
0
0
0
0
0
0
0
0
0
2.21458
0
0
0
0
0
0
2.21458
0
0
0
0
2.21458
0
0
0
0
0
2.21458
0
0
0
0
0
2.21458
0
0
0
0
0
0
2.21458
0
0
0
0
0
0
0
0
0
0
0
2.21458
0
0
0
0
2.21458
0
0
0
0
0
2.21458
0
0
0
0
0
2.21458
0
0
0
0
0
2.21458
0
0
0
0
0
2.21458
0
0
0
0
0
2.21458
0
0
0
0
2.21458
0
0
0
0
0
2.21458
0
0
0
0
0
0
0
0
0
0
0
2.21458
2.21458
0
0
0
0
0
2.21458
0
0
0
0
0
2.21458
0
0
0
0
0
0
0
0
0
0
0
2.21458
0
0
0
0
2.21458
0
0
0
0
0
0
2.21458
0
0
0
0
2.21458
0
0
0
0
0
0
2.21458
0
0
0
0
0
2.21458
0
0
0
0
2.21458
0
0
0
0
0
0
0
2.21458
0
0
0
0
0
2.21458
0
0
0
0
2.21458
0
0
0
0
0
0
2.21458
0
0
0
0
0
2.21458
0
0
0
2.21458
0
0
0
0
0
0
0
2.21458
0
0
0
0
0
2.21458
0
0
0
0
2.21458
0
0
0
0
0
2.21458
2.21458
0
0
0
0
2.21458
0
0
0
0
0
2.21458
0
0
0
0
0
2.21458
0
0
0
0
0
0
2.21458
0
0
0
0
2.21458
0
0
0
0
0
2.21458
2.21458
2.21458
0
0
2.21458
0
0
0
0
0
0
0
2.21458
0
0
0
0
2.21458
0
0
0
0
0
2.21458
0
0
0
0
0
0
2.21458
0
0
0
0
0
2.21458
0
0
0
0
0
2.21458
0
0
0
0
0
0
2.21458
0
0
0
0
2.21458
0
0
0
0
0
0
2.21458
0
0
0
0
0
0
2.21458
0
0
0
0
0
2.21458
0
0
0
0
0
2.21458
0
0
0
0
2.21458
0
0
0
0
0
0
2.21458
0
0
0
0
0
2.21458
0
0
0
0
0
2.21458
0
0
0
0
0
2.21458
0
0
0
0
0
2.21458
0
0
0
0
0
2.21458
0
0
0
0
0
2.21458
0
0
0
0
0
0
2.21458
0
0
0
0
2.21458
0
0
0
0
0
2.21458
0
0
0
0
0
2.21458
0
0
0
0
0
2.21458
0
0
0
0
0
2.21458
0
0
0
0
0
2.21458
0
0
0
0
2.21458
0
0
0
0
0
2.21458
0
0
0
0
0
2.21458
0
0
0
0
0
2.21458
0
0
0
0
0
2.21458
0
0
0
0
2.21458
0
0
0
0
0
2.21458
0
0
0
0
0
0
0
0
0
0
0
2.21458
0
0
0
0
0
2.21458
0
0
0
0
0
2.21458
0
0
0
0
0
2.21458
0
0
0
0
0
2.21458
0
0
0
0
0
2.21458
0
0
0
0
0
2.21458
0
0
0
0
0
2.21458
0
0
0
0
0
2.21458
0
0
0
0
0
2.21458
0
0
663.671
280.903
87.3209
80.9382
78.8107
76.6831
78.8107
78.8107
76.6831
76.6831
76.6831
76.6831
76.6831
76.6831
78.8107
76.6831
76.6831
78.8107
76.6831
76.6831
78.8107
76.6831
76.6831
76.6831
78.8107
78.8107
76.6831
76.6831
78.8107
76.6831
78.8107
78.8107
78.8107
76.6831
76.6831
74.5555
74.5555
74.5555
76.6831
76.6831
74.5555
74.5555
74.5555
74.5555
74.5555
76.6831
74.5555
76.6831
74.5555
74.5555
74.5555
76.6831
74.5555
76.6831
74.5555
74.5555
74.5555
76.6831
74.5555
74.5555
74.5555
74.5555
74.5555
76.6831
74.5555
74.5555
74.5555
74.5555
76.6831
74.5555
74.5555
74.5555
76.6831
74.5555
74.5555
74.5555
76.6831
74.5555
76.6831
74.5555
74.5555
74.5555
74.5555
74.5555
76.6831
74.5555
76.6831
76.6831
76.6831
74.5555
76.6831
76.6831
76.6831
76.6831
76.6831
74.5555
76.6831
76.6831
74.5555
74.5555
76.6831
76.6831
76.6831
74.5555
76.6831
76.6831
76.6831
74.5555
76.6831
76.6831
78.8107
74.5555
76.6831
76.6831
76.6831
76.6831
74.5555
76.6831
76.6831
74.5555
76.6831
76.6831
74.5555
76.6831
76.6831
74.5555
74.5555
76.6831
76.6831
74.5555
76.6831
76.6831
76.6831
74.5555
76.6831
76.6831
74.5555
76.6831
74.5555
76.6831
74.5555
74.5555
76.6831
74.5555
74.5555
76.6831
74.5555
74.5555
74.5555
76.6831
74.5555
74.5555
76.6831
76.6831
74.5555
76.6831
74.5555
74.5555
74.5555
76.6831
74.5555
74.5555
74.5555
76.6831
76.6831
74.5555
74.5555
74.5555
74.5555
74.5555
74.5555
74.5555
74.5555
74.5555
74.5555
74.5555
74.5555
74.5555
74.5555
74.5555
74.5555
74.5555
74.5555
76.6831
74.5555
74.5555
74.5555
74.5555
74.5555
74.5555
74.5555
74.5555
74.5555
74.5555
74.5555
74.5555
74.5555
74.5555
74.5555
74.5555
74.5555
74.5555
74.5555
74.5555
74.5555
74.5555
72.428
74.5555
74.5555
74.5555
74.5555
72.428
74.5555
74.5555
74.5555
74.5555
72.428
74.5555
74.5555
74.5555
74.5555
74.5555
72.428
74.5555
74.5555
72.428
72.428
74.5555
72.428
74.5555
72.428
74.5555
72.428
72.428
74.5555
72.428
74.5555
74.5555
72.428
74.5555
74.5555
72.428
74.5555
74.5555
72.428
72.428
72.428
74.5555
72.428
74.5555
72.428
74.5555
72.428
74.5555
74.5555
74.5555
72.428
74.5555
72.428
74.5555
74.5555
72.428
72.428
72.428
72.428
74.5555
72.428
72.428
72.428
74.5555
72.428
72.428
72.428
72.428
72.428
72.428
72.428
72.428
72.428
72.428
72.428
72.428
72.428
72.428
72.428
72.428
72.428
72.428
72.428
72.428
72.428
72.428
72.428
72.428
72.428
72.428
72.428
72.428
72.428
72.428
72.428
72.428
72.428
72.428
72.428
72.428
72.428
72.428
70.3004
70.3004
72.428
72.428
72.428
72.428
72.428
72.428
72.428
72.428
72.428
72.428
72.428
70.3004
70.3004
70.3004
72.428
70.3004
72.428
72.428
72.428
70.3004
72.428
72.428
70.3004
72.428
72.428
72.428
70.3004
70.3004
70.3004
72.428
72.428
70.3004
70.3004
72.428
70.3004
70.3004
72.428
72.428
70.3004
70.3004
72.428
70.3004
70.3004
72.428
70.3004
72.428
70.3004
72.428
72.428
70.3004
72.428
70.3004
72.428
72.428
70.3004
72.428
70.3004
70.3004
70.3004
72.428
70.3004
72.428
70.3004
70.3004
70.3004
70.3004
72.428
70.3004
72.428
72.428
72.428
70.3004
72.428
70.3004
72.428
72.428
70.3004
70.3004
70.3004
72.428
70.3004
70.3004
70.3004
72.428
72.428
70.3004
70.3004
70.3004
70.3004
70.3004
72.428
70.3004
70.3004
70.3004
70.3004
70.3004
70.3004
70.3004
70.3004
70.3004
70.3004
70.3004
70.3004
68.1728
70.3004
70.3004
70.3004
70.3004
70.3004
70.3004
70.3004
70.3004
70.3004
70.3004
70.3004
68.1728
70.3004
70.3004
70.3004
70.3004
70.3004
70.3004
68.1728
70.3004
70.3004
70.3004
70.3004
68.1728
70.3004
70.3004
68.1728
70.3004
70.3004
70.3004
70.3004
68.1728
70.3004
68.1728
70.3004
70.3004
70.3004
68.1728
70.3004
70.3004
68.1728
68.1728
70.3004
70.3004
70.3004
68.1728
70.3004
68.1728
70.3004
68.1728
70.3004
70.3004
68.1728
70.3004
70.3004
68.1728
70.3004
70.3004
68.1728
70.3004
68.1728
68.1728
68.1728
70.3004
68.1728
68.1728
70.3004
68.1728
68.1728
68.1728
70.3004
68.1728
68.1728
68.1728
70.3004
68.1728
70.3004
70.3004
68.1728
68.1728
68.1728
68.1728
68.1728
68.1728
70.3004
68.1728
68.1728
70.3004
68.1728
68.1728
68.1728
68.1728
68.1728
70.3004
68.1728
68.1728
68.1728
68.1728
68.1728
70.3004
68.1728
68.1728
68.1728
68.1728
68.1728
68.1728
70.3004
68.1728
68.1728
68.1728
68.1728
68.1728
68.1728
68.1728
68.1728
68.1728
68.1728
68.1728
68.1728
68.1728
68.1728
68.1728
70.3004
66.0452
70.3004
66.0452
66.0452
68.1728
68.1728
68.1728
68.1728
68.1728
68.1728
68.1728
68.1728
68.1728
68.1728
34.1305
34.1305
0
0
2.21458
0
0
0
0
2.21458
0
0
0
0
0
2.21458
0
0
0
0
0
2.21458
0
0
0
0
0
0
2.21458
0
0
0
2.21458
0
0
0
0
0
0
2.21458
0
0
0
0
0
0
0
0
0
0
0
0
0
0
2.21458
0
0
2.21458
0
0
0
0
0
2.21458
0
0
0
0
0
2.21458
0
0
0
0
0
2.21458
0
0
0
0
0
0
2.21458
0
0
0
2.21458
2.21458
0
0
0
0
2.21458
2.21458
2.21458
0
0
0
0
0
0
0
0
0
2.21458
0
0
0
0
2.21458
0
0
0
0
0
2.21458
0
0
0
0
0
0
2.21458
0
0
0
0
0
2.21458
0
0
0
0
0
2.21458
0
0
0
0
2.21458
0
0
0
0
0
0
2.21458
0
0
0
0
0
0
0
0
0
0
2.21458
0
0
0
0
0
2.21458
0
0
0
0
0
2.21458
0
0
0
0
2.21458
0
0
0
0
0
0
2.21458
0
0
0
0
0
2.21458
0
0
0
0
0
0
2.21458
0
0
0
0
2.21458
0
0
0
0
0
2.21458
0
0
0
0
0
2.21458
0
0
0
0
0
2.21458
0
0
0
0
2.21458
0
0
0
0
0
0
2.21458
0
0
0
0
0
2.21458
0
0
0
0
0
0
0
2.21458
0
0
0
0
0
0
0
0
2.21458
0
0
0
0
0
0
0
0
0
0
0
0
0
0
0
0
0
0
0
0
0
0
2.21458
0
2.21458
2.21458
2.21458
0
0
0
0
0
0
0
0
0
0
2.21458
0
0
0
0
2.21458
0
0
0
0
0
0
0
2.21458
0
0
0
0
2.21458
0
0
0
0
0
0
0
0
0
0
0
0
0
0
0
0
0
2.21458
0
0
0
0
0
0
0
0
0
0
0
0
2.21458
0
0
0
0
0
0
2.21458
0
0
0
0
2.21458
0
0
0
0
0
2.21458
0
0
0
0
0
0
0
2.21458
0
0
0
2.21458
2.21458
0
0
0
0
2.21458
2.21458
0
0
0
0
0
2.21458
0
0
0
0
0
0
0
0
0
0
0
0
0
0
0
0
2.21458
2.21458
2.21458
2.21458
0
0
0
0
0
0
0
0
0
0
0
0
0
0
0
0
0
0
0
0
0
0
0
0
0
0
0
2.21458
0
0
0
0
0
0
2.21458
2.21458
2.21458
2.21458
2.21458
2.21458
0
0
0
0
2.21458
0
0
0
0
0
2.21458
2.21458
2.21458
2.21458
0
0
0
2.21458
0
0
0
0
0
0
0
0
0
0
0
0
0
0
0
0
0
0
0
0
0
0
0
2.21458
2.21458
0
0
0
2.21458
0
0
0
0
0
2.21458
0
0
0
0
0
0
0
0
0
0
0
2.21458
2.21458
0
0
0
0
2.21458
0
0
0
0
0
0
2.21458
0
0
0
0
0
2.21458
0
0
0
0
2.21458
0
0
0
0
0
0
2.21458
0
0
0
0
0
0
2.21458
0
0
0
2.21458
0
0
0
0
0
2.21458
0
0
0
0
0
0
2.21458
0
0
0
0
0
0
2.21458
0
0
0
0
2.21458
0
0
0
0
0
0
2.21458
0
0
0
0
2.21458
2.21458
0
0
0
0
2.21458
0
0
0
0
0
2.21458
0
0
0
0
0
0
0
0
0
0
2.21458
0
0
0
0
0
0
0
0
0
0
0
2.21458
0
0
0
0
0
0
2.21458
0
0
0
0
0
0
0
0
0
0
0
0
2.21458
0
0
0
0
0
0
0
0
0
0
0
2.21458
0
0
0
2.21458
0
0
0
0
0
0
0
2.21458
0
0
0
0
0
2.21458
0
0
0
0
2.21458
0
0
0
0
0
0
2.21458
0
0
0
0
0
2.21458
0
0
0
0
0
2.21458
2.21458
2.21458
0
0
0
0
0
0
0
0
0
2.21458
0
0
0
0
0
0
2.21458
0
0
0
0
0
0
2.21458
0
0
0
0
2.21458
0
0
0
0
2.21458
0
0
0
0
0
0
0
0
0
0
0
2.21458
2.21458
0
0
0
0
0
0
0
0
0
0
0
2.21458
0
0
0
2.21458
0
0
0
0
0
0
0
2.21458
0
0
0
0
0
2.21458
0
0
0
2.21458
0
0
0
0
0
0
2.21458
0
0
0
0
2.21458
0
0
0
0
0
0
2.21458
0
0
0
0
0
2.21458
0
0
0
0
0
2.21458
0
0
0
0
0
0
2.21458
0
0
0
0
2.21458
0
0
0
0
0
0
2.21458
0
0
0
2.21458
0
0
0
0
0
0
0
2.21458
0
0
0
0
2.21458
0
0
0
0
0
2.21458
0
0
0
0
2.21458
0
0
0
0
0
0
2.21458
0
0
0
0
2.21458
0
0
0
0
0
2.21458
2.21458
0
0
0
0
2.21458
0
0
0
0
0
2.21458
0
0
0
0
0
0
2.21458
0
0
0
0
2.21458
0
0
0
0
0
0
2.21458
0
0
0
2.21458
0
0
0
0
0
0
2.21458
0
0
0
0
0
2.21458
0
0
0
0
0
0
2.21458
0
0
0
0
0
0
0
0
0
0
2.21458
0
0
0
0
0
2.21458
0
0
0
0
0
0
0
0
0
0
2.21458
2.21458
0
0
0
0
0
0
0
0
0
2.21458
0
0
0
0
0
0
2.21458
0
0
0
0
0
0
0
0
0
0
2.21458
0
0
0
0
0
0
2.21458
0
0
0
0
2.21458
0
0
0
0
2.21458
0
0
0
0
0
0
2.21458
0
0
0
0
2.21458
0
0
0
0
0
0
2.21458
0
0
0
0
2.21458
0
0
0
0
0
0
2.21458
0
0
0
0
2.21458
0
0
0
0
2.21458
0
0
0
0
0
0
2.21458
0
0
0
0
2.21458
0
0
0
0
0
0
2.21458
0
0
0
2.21458
0
0
0
0
0
0
2.21458
0
0
0
0
2.21458
0
0
0
0
0
0
0
0
0
0
0
2.21458
0
0
0
0
2.21458
0
0
0
0
0
0
2.21458
0
0
0
0
2.21458
0
0
0
0
0
2.21458
0
0
0
0
2.21458
0
0
0
0
0
0
2.21458
0
0
0
0
0
0
0
0
0
2.21458
2.21458
0
0
0
0
0
2.21458
0
0
0
2.21458
0
0
0
0
0
2.21458
0
0
0
0
0
2.21458
0
0
0
0
0
2.21458
0
0
0
0
0
2.21458
0
0
0
0
2.21458
0
0
0
0
0
0
2.21458
0
0
0
2.21458
0
0
0
0
0
0
2.21458
0
0
0
0
2.21458
0
0
0
0
0
2.21458
0
0
0
0
0
2.21458
0
0
0
0
2.21458
0
0
0
0
0
0
2.21458
0
0
0
0
2.21458
0
0
0
0
0
2.21458
0
0
0
0
2.21458
0
0
0
0
0
0
0
0
0
0
2.21458
0
0
0
0
0
0
2.21458
0
0
0
0
2.21458
0
0
0
0
0
2.21458
0
0
0
0
2.21458
0
0
0
0
0
0
2.21458
0
0
0
0
0
2.21458
0
0
0
0
0
0
2.21458
0
0
0
2.21458
0
0
0
0
0
2.21458
0
0
0
0
0
2.21458
0
0
0
0
0
0
2.21458
0
0
0
0
2.21458
0
0
0
0
0
2.21458
0
0
0
0
0
2.21458
0
0
0
0
0
2.21458
0
0
0
0
0
0
2.21458
0
0
0
0
2.21458
2.21458
0
0
0
0
0
2.21458
0
0
0
2.21458
2.21458
0
0
0
0
0
2.21458
0
0
0
0
0
2.21458
0
0
0
0
0
2.21458
0
0
0
0
0
2.21458
0
34.1305
1020.75
106.469
83.0658
78.8107
78.8107
76.6831
76.6831
76.6831
76.6831
76.6831
76.6831
76.6831
76.6831
76.6831
74.5555
78.8107
76.6831
76.6831
76.6831
76.6831
76.6831
76.6831
78.8107
74.5555
78.8107
78.8107
78.8107
76.6831
78.8107
78.8107
76.6831
80.9382
78.8107
78.8107
76.6831
78.8107
78.8107
76.6831
76.6831
76.6831
76.6831
76.6831
76.6831
76.6831
76.6831
76.6831
76.6831
76.6831
76.6831
78.8107
78.8107
78.8107
74.5555
74.5555
78.8107
76.6831
76.6831
76.6831
76.6831
76.6831
78.8107
76.6831
76.6831
76.6831
76.6831
76.6831
76.6831
76.6831
76.6831
76.6831
74.5555
74.5555
76.6831
74.5555
76.6831
74.5555
76.6831
76.6831
74.5555
76.6831
74.5555
76.6831
76.6831
74.5555
76.6831
76.6831
74.5555
76.6831
76.6831
76.6831
76.6831
76.6831
76.6831
74.5555
76.6831
76.6831
76.6831
76.6831
76.6831
74.5555
76.6831
74.5555
74.5555
76.6831
76.6831
74.5555
76.6831
76.6831
76.6831
76.6831
74.5555
76.6831
76.6831
74.5555
76.6831
76.6831
74.5555
76.6831
74.5555
76.6831
76.6831
76.6831
74.5555
76.6831
76.6831
74.5555
74.5555
76.6831
74.5555
74.5555
76.6831
74.5555
74.5555
76.6831
76.6831
74.5555
74.5555
76.6831
74.5555
76.6831
76.6831
74.5555
76.6831
74.5555
74.5555
74.5555
74.5555
76.6831
74.5555
74.5555
74.5555
74.5555
74.5555
74.5555
76.6831
74.5555
74.5555
74.5555
74.5555
74.5555
74.5555
76.6831
74.5555
74.5555
74.5555
74.5555
74.5555
74.5555
74.5555
74.5555
74.5555
74.5555
74.5555
74.5555
74.5555
74.5555
76.6831
76.6831
74.5555
74.5555
74.5555
76.6831
76.6831
74.5555
74.5555
74.5555
74.5555
74.5555
74.5555
74.5555
74.5555
74.5555
74.5555
74.5555
74.5555
74.5555
74.5555
74.5555
74.5555
74.5555
74.5555
74.5555
74.5555
74.5555
72.428
74.5555
74.5555
74.5555
74.5555
74.5555
74.5555
72.428
74.5555
74.5555
74.5555
74.5555
72.428
74.5555
74.5555
72.428
74.5555
72.428
74.5555
72.428
74.5555
74.5555
74.5555
74.5555
74.5555
74.5555
74.5555
74.5555
72.428
74.5555
74.5555
74.5555
72.428
74.5555
72.428
74.5555
74.5555
72.428
74.5555
72.428
74.5555
72.428
74.5555
74.5555
72.428
74.5555
72.428
74.5555
72.428
72.428
74.5555
72.428
74.5555
72.428
74.5555
72.428
72.428
72.428
74.5555
72.428
74.5555
72.428
72.428
72.428
74.5555
72.428
72.428
74.5555
72.428
72.428
72.428
72.428
74.5555
72.428
72.428
72.428
72.428
74.5555
72.428
72.428
72.428
72.428
72.428
72.428
74.5555
72.428
72.428
72.428
72.428
72.428
72.428
72.428
74.5555
72.428
72.428
72.428
72.428
72.428
72.428
72.428
72.428
74.5555
72.428
72.428
72.428
72.428
72.428
72.428
72.428
72.428
72.428
72.428
72.428
70.3004
72.428
72.428
72.428
72.428
72.428
72.428
72.428
70.3004
72.428
70.3004
72.428
72.428
72.428
72.428
70.3004
72.428
72.428
72.428
72.428
72.428
72.428
72.428
72.428
72.428
70.3004
70.3004
72.428
72.428
72.428
70.3004
72.428
70.3004
72.428
72.428
70.3004
72.428
70.3004
70.3004
72.428
70.3004
72.428
70.3004
72.428
70.3004
70.3004
70.3004
72.428
70.3004
72.428
70.3004
72.428
72.428
70.3004
72.428
72.428
70.3004
70.3004
70.3004
72.428
70.3004
70.3004
70.3004
70.3004
72.428
70.3004
70.3004
70.3004
72.428
70.3004
72.428
70.3004
72.428
70.3004
70.3004
72.428
72.428
70.3004
70.3004
70.3004
70.3004
70.3004
70.3004
70.3004
70.3004
70.3004
70.3004
70.3004
72.428
72.428
70.3004
70.3004
70.3004
70.3004
70.3004
70.3004
70.3004
70.3004
70.3004
70.3004
68.1728
70.3004
70.3004
70.3004
70.3004
70.3004
70.3004
70.3004
70.3004
70.3004
68.1728
70.3004
70.3004
70.3004
70.3004
70.3004
70.3004
68.1728
70.3004
70.3004
70.3004
70.3004
70.3004
68.1728
70.3004
70.3004
68.1728
70.3004
70.3004
70.3004
68.1728
70.3004
70.3004
68.1728
68.1728
70.3004
70.3004
68.1728
68.1728
70.3004
70.3004
68.1728
68.1728
70.3004
68.1728
70.3004
68.1728
70.3004
70.3004
70.3004
70.3004
68.1728
68.1728
70.3004
70.3004
68.1728
68.1728
70.3004
68.1728
70.3004
68.1728
70.3004
68.1728
68.1728
70.3004
68.1728
70.3004
68.1728
70.3004
68.1728
68.1728
68.1728
70.3004
68.1728
68.1728
70.3004
70.3004
68.1728
68.1728
68.1728
70.3004
68.1728
68.1728
68.1728
68.1728
70.3004
68.1728
68.1728
68.1728
70.3004
68.1728
68.1728
68.1728
68.1728
68.1728
68.1728
68.1728
68.1728
70.3004
68.1728
68.1728
68.1728
68.1728
68.1728
68.1728
68.1728
70.3004
70.3004
70.3004
70.3004
68.1728
68.1728
68.1728
68.1728
68.1728
68.1728
68.1728
68.1728
68.1728
68.1728
68.1728
68.1728
68.1728
68.1728
68.1728
68.1728
68.1728
68.1728
68.1728
66.0452
68.1728
68.1728
68.1728
68.1728
68.1728
68.1728
68.1728
68.1728
68.1728
68.1728
68.1728
68.1728
68.1728
68.1728
68.1728
68.1728
68.1728
68.1728
68.1728
68.1728
0
0
0
2.21458
0
0
0
0
0
0
0
0
0
0
0
0
0
0
0
0
2.21458
0
0
0
0
0
2.21458
0
0
0
0
0
0
0
0
0
0
0
2.21458
0
0
0
0
0
0
0
0
0
0
2.21458
0
0
0
0
0
0
2.21458
0
0
0
0
2.21458
0
0
0
0
2.21458
0
0
0
0
0
0
2.21458
0
0
0
0
0
2.21458
0
0
0
0
0
0
0
0
0
2.21458
0
0
0
0
0
2.21458
2.21458
0
0
0
0
0
2.21458
0
0
0
0
2.21458
0
0
0
0
2.21458
2.21458
0
0
0
0
2.21458
2.21458
0
0
0
0
0
0
0
0
0
0
2.21458
2.21458
2.21458
0
0
0
2.21458
0
0
0
0
0
2.21458
0
0
0
0
0
2.21458
0
0
0
0
0
2.21458
0
0
0
2.21458
0
0
0
0
0
2.21458
0
0
0
0
0
2.21458
0
0
0
0
0
0
2.21458
0
0
0
0
0
2.21458
0
0
0
2.21458
0
0
0
0
0
0
2.21458
0
0
0
0
0
2.21458
0
0
0
0
0
2.21458
0
0
0
0
2.21458
0
0
0
0
0
2.21458
0
0
0
0
0
0
0
0
0
0
0
2.21458
0
0
0
0
0
2.21458
0
0
0
0
2.21458
0
0
0
0
0
2.21458
2.21458
0
0
0
0
2.21458
0
0
0
0
0
2.21458
0
0
0
0
0
2.21458
0
0
0
0
0
0
0
0
0
0
0
0
0
0
0
0
2.21458
0
0
0
0
0
2.21458
0
0
0
0
0
2.21458
0
0
0
0
2.21458
0
0
0
0
0
0
2.21458
0
0
0
0
0
2.21458
0
0
0
0
2.21458
0
0
0
0
2.21458
0
0
0
0
0
2.21458
0
0
0
0
0
2.21458
0
0
0
0
0
2.21458
0
0
0
0
2.21458
0
0
0
0
0
0
0
0
0
0
0
2.21458
0
0
0
0
2.21458
0
0
0
0
2.21458
0
0
0
0
0
0
0
0
0
0
0
2.21458
0
0
0
0
2.21458
0
0
0
0
0
0
2.21458
0
0
0
0
0
2.21458
0
0
0
0
2.21458
0
0
0
0
2.21458
0
0
0
0
0
0
0
0
0
0
2.21458
0
0
0
0
2.21458
0
0
0
0
0
0
2.21458
0
0
0
0
0
2.21458
0
0
0
0
2.21458
0
0
0
0
0
0
0
0
0
0
0
0
0
0
0
2.21458
0
0
0
0
2.21458
0
0
0
0
0
2.21458
2.21458
0
0
0
0
2.21458
0
0
0
0
0
2.21458
0
0
0
0
2.21458
0
0
0
0
2.21458
0
0
0
0
0
2.21458
0
0
0
0
2.21458
2.21458
0
0
0
0
2.21458
0
0
0
0
0
2.21458
0
0
0
0
2.21458
0
0
0
0
0
0
2.21458
0
0
0
2.21458
0
0
0
0
0
0
2.21458
0
0
0
0
2.21458
0
0
0
0
0
2.21458
0
0
0
0
2.21458
0
0
0
0
0
0
2.21458
0
0
0
0
2.21458
0
0
0
0
0
2.21458
0
0
0
0
2.21458
0
0
0
0
0
0
2.21458
0
0
0
0
2.21458
0
0
0
0
0
2.21458
0
0
0
0
0
2.21458
0
0
0
0
2.21458
0
0
0
0
0
0
2.21458
0
0
0
0
2.21458
0
0
0
0
0
0
2.21458
0
0
0
0
2.21458
0
0
0
0
0
0
2.21458
0
0
0
0
0
0
0
0
0
0
0
0
0
0
0
0
2.21458
0
0
0
0
0
0
2.21458
0
0
0
2.21458
2.21458
0
0
0
0
0
0
0
0
0
0
2.21458
2.21458
0
0
0
2.21458
2.21458
2.21458
0
0
0
2.21458
0
0
0
0
0
0
2.21458
0
0
0
2.21458
0
0
0
0
0
0
2.21458
0
0
0
0
2.21458
2.21458
0
0
0
0
2.21458
0
0
0
0
0
0
2.21458
0
0
0
0
0
0
0
0
0
0
2.21458
0
0
0
0
2.21458
0
0
0
0
0
2.21458
0
0
0
0
0
2.21458
0
0
0
0
0
0
0
0
0
2.21458
2.21458
0
0
0
0
2.21458
0
0
0
0
0
2.21458
0
0
0
0
0
0
0
0
2.21458
2.21458
0
0
0
0
2.21458
0
0
0
2.21458
0
0
0
0
0
0
0
0
0
0
2.21458
2.21458
0
0
0
0
2.21458
0
0
0
0
0
0
0
2.21458
0
0
0
0
0
0
0
0
0
2.21458
0
0
0
0
0
2.21458
0
0
0
0
0
2.21458
2.21458
0
0
0
0
2.21458
0
0
0
0
0
0
2.21458
0
0
0
2.21458
0
0
0
0
0
2.21458
0
0
0
0
2.21458
0
0
0
0
0
2.21458
0
0
0
0
2.21458
0
0
0
0
0
2.21458
0
0
0
0
2.21458
0
0
0
0
0
2.21458
0
0
0
0
2.21458
0
0
0
0
0
2.21458
0
0
0
0
2.21458
0
0
0
0
0
0
0
0
0
0
0
2.21458
0
0
0
0
0
0
0
0
2.21458
0
0
0
0
0
0
2.21458
0
0
0
2.21458
0
0
0
0
0
0
2.21458
0
0
0
0
2.21458
2.21458
0
0
0
0
2.21458
0
0
0
0
0
2.21458
0
0
0
0
2.21458
0
0
0
0
0
2.21458
0
0
0
0
0
0
0
0
0
0
0
0
0
0
0
0
0
0
0
0
0
0
0
0
0
0
0
0
2.21458
0
0
0
0
0
0
2.21458
0
0
0
0
0
2.21458
0
0
0
0
0
0
0
0
0
2.21458
0
0
0
0
0
0
2.21458
0
0
0
0
2.21458
0
0
0
0
0
0
0
0
0
0
2.21458
0
0
0
0
0
0
2.21458
0
0
0
0
2.21458
0
0
0
0
0
0
0
0
0
2.21458
0
0
0
0
0
0
2.21458
0
0
0
0
0
2.21458
0
0
0
0
2.21458
0
0
0
0
0
2.21458
0
0
0
0
2.21458
0
0
0
0
0
0
0
0
0
0
0
2.21458
0
0
0
0
0
2.21458
0
0
0
0
0
0
0
0
0
0
2.21458
0
0
0
0
2.21458
0
0
0
0
0
0
0
0
0
0
0
0
0
0
0
0
0
0
0
0
0
0
2.21458
0
0
0
0
0
2.21458
0
0
0
0
0
0
0
0
0
0
0
0
0
0
0
2.21458
0
0
0
0
0
0
0
0
0
0
0
0
0
0
0
0
0
0
0
0
0
0
0
0
0
0
0
2.21458
0
0
0
0
0
2.21458
0
0
0
0
2.21458
0
0
0
0
0
2.21458
0
0
0
0
2.21458
0
0
0
0
0
2.21458
0
0
0
2.21458
0
0
0
0
0
2.21458
0
0
0
0
0
2.21458
0
0
0
0
0
2.21458
0
0
0
0
2.21458
0
0
0
0
0
2.21458
0
0
0
0
0
2.21458
0
0
0
0
2.21458
0
0
0
0
2.21458
0
0
0
0
0
0
2.21458
0
0
0
0
2.21458
0
0
0
0
0
0
2.21458
0
0
0
0
2.21458
0
0
0
0
0
2.21458
0
0
0
0
0
2.21458
0
0
0
0
2.21458
0
0
0
0
2.21458
0
0
0
0
0
0
2.21458
0
0
0
0
0
2.21458
0
0
0
0
0
0
0
0
0
2.21458
0
0
0
0
0
0
2.21458
0
0
0
2.21458
2.21458
0
0
0
0
2.21458
0
0
0
0
2.21458
0
0
0
0
0
2.21458
0
0
0
0
2.21458
0
0
0
0
0
0
2.21458
0
0
0
0
984.626
984.626
806.098
80.9382
80.9382
76.6831
76.6831
76.6831
74.5555
74.5555
74.5555
76.6831
74.5555
74.5555
74.5555
74.5555
74.5555
74.5555
74.5555
74.5555
76.6831
74.5555
76.6831
76.6831
76.6831
76.6831
74.5555
76.6831
78.8107
76.6831
78.8107
78.8107
76.6831
78.8107
78.8107
76.6831
76.6831
78.8107
76.6831
76.6831
76.6831
74.5555
76.6831
76.6831
74.5555
76.6831
74.5555
76.6831
74.5555
76.6831
76.6831
74.5555
76.6831
76.6831
76.6831
76.6831
76.6831
76.6831
74.5555
74.5555
76.6831
76.6831
76.6831
76.6831
74.5555
76.6831
76.6831
74.5555
76.6831
76.6831
76.6831
76.6831
74.5555
76.6831
76.6831
74.5555
74.5555
74.5555
76.6831
76.6831
74.5555
76.6831
76.6831
76.6831
74.5555
76.6831
78.8107
74.5555
76.6831
76.6831
76.6831
76.6831
76.6831
76.6831
76.6831
76.6831
76.6831
76.6831
76.6831
74.5555
76.6831
76.6831
76.6831
74.5555
74.5555
76.6831
74.5555
74.5555
74.5555
74.5555
74.5555
74.5555
74.5555
74.5555
76.6831
76.6831
76.6831
76.6831
74.5555
74.5555
74.5555
74.5555
74.5555
74.5555
74.5555
74.5555
74.5555
76.6831
76.6831
74.5555
76.6831
74.5555
76.6831
74.5555
74.5555
76.6831
74.5555
76.6831
76.6831
76.6831
74.5555
74.5555
76.6831
76.6831
74.5555
76.6831
76.6831
74.5555
74.5555
76.6831
74.5555
74.5555
74.5555
74.5555
74.5555
74.5555
76.6831
74.5555
74.5555
74.5555
74.5555
76.6831
74.5555
74.5555
74.5555
74.5555
74.5555
74.5555
74.5555
74.5555
74.5555
74.5555
74.5555
74.5555
74.5555
74.5555
74.5555
74.5555
74.5555
74.5555
74.5555
74.5555
74.5555
72.428
74.5555
74.5555
74.5555
74.5555
74.5555
72.428
74.5555
74.5555
74.5555
74.5555
74.5555
74.5555
72.428
74.5555
74.5555
72.428
74.5555
74.5555
74.5555
76.6831
76.6831
74.5555
74.5555
72.428
74.5555
74.5555
74.5555
72.428
74.5555
74.5555
72.428
74.5555
74.5555
74.5555
74.5555
72.428
74.5555
74.5555
74.5555
74.5555
74.5555
74.5555
74.5555
72.428
72.428
74.5555
74.5555
72.428
74.5555
72.428
74.5555
72.428
72.428
72.428
74.5555
72.428
72.428
74.5555
72.428
72.428
74.5555
72.428
74.5555
72.428
74.5555
72.428
74.5555
72.428
72.428
72.428
74.5555
72.428
72.428
74.5555
72.428
72.428
72.428
74.5555
72.428
74.5555
72.428
70.3004
74.5555
72.428
72.428
72.428
72.428
72.428
74.5555
72.428
72.428
72.428
72.428
72.428
72.428
72.428
72.428
72.428
72.428
72.428
72.428
72.428
72.428
72.428
72.428
70.3004
70.3004
70.3004
72.428
72.428
72.428
72.428
72.428
72.428
72.428
72.428
70.3004
70.3004
70.3004
72.428
72.428
72.428
70.3004
70.3004
70.3004
72.428
72.428
70.3004
70.3004
70.3004
70.3004
70.3004
70.3004
72.428
70.3004
72.428
72.428
72.428
72.428
72.428
72.428
72.428
70.3004
72.428
70.3004
70.3004
70.3004
72.428
72.428
72.428
72.428
70.3004
72.428
70.3004
72.428
72.428
72.428
70.3004
72.428
70.3004
70.3004
70.3004
72.428
72.428
70.3004
72.428
72.428
72.428
72.428
72.428
72.428
72.428
70.3004
72.428
70.3004
70.3004
72.428
70.3004
72.428
72.428
72.428
72.428
72.428
70.3004
70.3004
70.3004
72.428
70.3004
70.3004
70.3004
70.3004
72.428
70.3004
70.3004
72.428
70.3004
70.3004
72.428
72.428
70.3004
70.3004
72.428
70.3004
70.3004
70.3004
70.3004
70.3004
70.3004
70.3004
70.3004
70.3004
72.428
70.3004
70.3004
70.3004
70.3004
70.3004
70.3004
70.3004
70.3004
70.3004
70.3004
70.3004
70.3004
70.3004
70.3004
70.3004
70.3004
70.3004
70.3004
68.1728
70.3004
70.3004
70.3004
70.3004
70.3004
70.3004
70.3004
70.3004
70.3004
70.3004
70.3004
70.3004
68.1728
70.3004
70.3004
70.3004
70.3004
70.3004
70.3004
70.3004
68.1728
70.3004
70.3004
70.3004
70.3004
68.1728
70.3004
70.3004
70.3004
70.3004
70.3004
70.3004
70.3004
68.1728
70.3004
70.3004
68.1728
70.3004
70.3004
68.1728
70.3004
70.3004
68.1728
70.3004
70.3004
70.3004
68.1728
70.3004
68.1728
70.3004
70.3004
68.1728
70.3004
70.3004
68.1728
70.3004
70.3004
68.1728
70.3004
68.1728
70.3004
70.3004
68.1728
70.3004
68.1728
68.1728
68.1728
68.1728
70.3004
68.1728
70.3004
70.3004
68.1728
68.1728
70.3004
68.1728
68.1728
68.1728
68.1728
68.1728
70.3004
68.1728
68.1728
68.1728
70.3004
68.1728
68.1728
68.1728
70.3004
68.1728
68.1728
68.1728
70.3004
68.1728
68.1728
68.1728
68.1728
68.1728
68.1728
68.1728
68.1728
70.3004
70.3004
68.1728
68.1728
68.1728
68.1728
68.1728
68.1728
68.1728
68.1728
68.1728
70.3004
68.1728
68.1728
68.1728
68.1728
68.1728
66.0452
66.0452
66.0452
66.0452
66.0452
66.0452
66.0452
66.0452
66.0452
66.0452
66.0452
66.0452
66.0452
66.0452
66.0452
66.0452
68.1728
66.0452
68.1728
68.1728
68.1728
68.1728
68.1728
68.1728
68.1728
68.1728
68.1728
68.1728
68.1728
68.1728
68.1728
66.0452
68.1728
68.1728
68.1728
68.1728
66.0452
68.1728
68.1728
68.1728
68.1728
68.1728
66.0452
68.1728
68.1728
68.1728
68.1728
66.0452
68.1728
68.1728
66.0452
68.1728
68.1728
66.0452
68.1728
68.1728
66.0452
68.1728
66.0452
8.59787
0
0
0
0
0
2.21458
0
0
0
2.21458
0
0
0
0
0
2.21458
0
0
0
0
0
0
0
0
0
0
2.21458
2.21458
0
0
0
0
2.21458
0
0
0
0
2.21458
0
0
0
0
0
2.21458
0
0
0
0
2.21458
0
0
0
0
0
0
0
0
0
2.21458
0
0
0
0
0
2.21458
0
0
0
0
2.21458
0
0
0
0
0
2.21458
0
0
0
0
0
0
2.21458
0
0
0
0
2.21458
0
0
0
0
0
2.21458
0
0
0
0
2.21458
0
0
0
0
0
0
0
0
0
2.21458
0
0
0
0
0
2.21458
0
0
0
0
0
2.21458
0
0
0
0
0
2.21458
0
0
0
0
0
2.21458
0
0
0
0
0
2.21458
0
0
0
0
2.21458
0
0
0
0
0
2.21458
0
0
0
0
0
2.21458
0
0
0
0
0
2.21458
0
0
0
0
0
2.21458
0
0
0
0
0
2.21458
0
0
0
2.21458
0
0
0
0
0
2.21458
0
0
0
0
0
2.21458
0
0
0
0
0
0
2.21458
0
0
0
0
0
2.21458
0
0
0
0
2.21458
0
0
0
0
0
2.21458
0
0
0
0
2.21458
0
0
0
0
0
0
2.21458
0
0
0
0
2.21458
0
0
0
0
0
2.21458
0
0
0
0
0
0
0
0
0
0
0
0
0
0
0
2.21458
0
0
0
0
0
2.21458
0
0
0
0
2.21458
0
0
0
0
0
0
2.21458
0
0
0
0
2.21458
0
0
0
0
0
2.21458
0
0
0
0
0
0
0
0
0
0
2.21458
0
0
0
0
0
0
0
0
0
0
0
2.21458
0
0
0
0
2.21458
0
0
0
0
0
2.21458
0
0
0
0
2.21458
0
0
0
0
2.21458
0
0
0
0
2.21458
0
0
0
0
0
2.21458
0
0
0
0
0
0
0
0
0
0
0
2.21458
0
0
0
0
2.21458
0
0
0
0
2.21458
0
0
0
0
0
2.21458
0
0
0
0
0
2.21458
0
0
0
0
2.21458
0
0
0
0
0
2.21458
0
0
0
0
0
2.21458
0
0
0
0
2.21458
0
0
0
0
0
2.21458
2.21458
2.21458
0
0
0
0
0
0
0
0
0
2.21458
0
0
0
0
0
2.21458
0
0
0
0
2.21458
2.21458
0
0
0
2.21458
0
0
0
0
0
2.21458
2.21458
0
0
0
0
2.21458
0
0
0
0
2.21458
0
0
0
0
0
2.21458
2.21458
0
0
0
0
0
2.21458
0
0
0
0
2.21458
0
0
0
0
0
0
0
0
0
0
0
0
0
0
0
0
2.21458
0
0
0
0
2.21458
0
0
0
0
0
2.21458
0
0
0
0
0
2.21458
2.21458
0
0
0
0
2.21458
0
0
0
0
0
2.21458
0
0
0
0
0
0
0
0
0
0
0
0
0
0
0
0
2.21458
0
0
0
0
0
2.21458
2.21458
0
0
0
0
2.21458
0
0
0
0
0
2.21458
0
0
0
0
0
0
0
0
0
0
2.21458
0
0
0
0
0
2.21458
0
0
0
0
2.21458
2.21458
0
0
0
0
2.21458
0
0
0
0
0
2.21458
0
0
0
0
2.21458
0
0
0
0
0
0
2.21458
0
0
0
2.21458
0
0
0
0
0
0
2.21458
0
0
0
0
0
2.21458
0
0
0
0
2.21458
0
0
0
0
0
2.21458
0
0
0
0
0
2.21458
0
0
0
2.21458
0
0
0
0
0
0
2.21458
0
0
0
0
2.21458
0
0
0
0
0
2.21458
0
0
0
0
0
2.21458
0
0
0
0
2.21458
0
0
0
0
0
0
2.21458
0
0
0
0
2.21458
0
0
0
0
2.21458
0
0
0
0
0
0
2.21458
2.21458
0
0
0
2.21458
0
0
0
0
2.21458
0
0
0
0
0
0
2.21458
0
0
0
0
2.21458
0
0
0
0
2.21458
0
0
0
0
0
2.21458
0
0
0
0
2.21458
0
0
0
0
2.21458
2.21458
0
0
0
0
0
0
0
0
0
2.21458
0
0
0
0
0
0
2.21458
0
0
0
2.21458
0
0
0
0
0
0
2.21458
0
0
0
0
2.21458
0
0
0
0
2.21458
0
0
0
0
0
0
0
0
0
0
0
2.21458
2.21458
0
0
0
0
2.21458
0
0
0
0
0
2.21458
0
0
0
0
2.21458
0
0
0
0
0
2.21458
0
0
0
0
2.21458
0
0
0
0
0
2.21458
0
0
0
0
2.21458
0
0
0
0
0
0
2.21458
0
0
0
0
2.21458
2.21458
0
0
0
0
2.21458
0
0
0
0
0
0
2.21458
0
0
0
0
2.21458
0
0
0
0
0
2.21458
0
0
0
0
0
2.21458
0
0
0
0
0
2.21458
0
0
0
0
2.21458
0
0
0
0
0
0
2.21458
0
0
0
0
2.21458
2.21458
0
0
0
0
2.21458
0
0
0
0
0
2.21458
0
0
0
0
2.21458
2.21458
0
0
0
0
2.21458
0
0
0
0
0
2.21458
0
0
0
0
2.21458
0
0
0
0
2.21458
0
0
0
0
0
0
2.21458
0
0
0
0
2.21458
0
0
0
0
0
2.21458
0
0
0
0
2.21458
0
0
0
0
0
2.21458
0
0
0
0
0
2.21458
0
0
0
2.21458
0
0
0
0
0
2.21458
0
0
0
0
2.21458
0
0
0
0
0
0
2.21458
0
0
0
2.21458
0
0
0
0
0
2.21458
0
0
0
0
0
0
0
0
0
0
0
0
0
0
0
2.21458
0
0
0
0
0
0
0
0
0
0
0
0
2.21458
0
0
0
0
2.21458
0
0
0
0
0
2.21458
0
0
0
0
0
2.21458
2.21458
0
0
0
2.21458
2.21458
0
0
0
0
2.21458
0
0
0
0
0
0
2.21458
0
0
0
0
2.21458
0
0
0
0
2.21458
2.21458
0
0
0
0
0
0
0
0
0
2.21458
0
0
0
0
0
0
2.21458
0
0
0
0
2.21458
0
0
0
0
0
2.21458
0
0
0
0
0
2.21458
0
0
0
0
0
0
2.21458
0
0
0
2.21458
0
0
0
0
0
0
0
0
0
0
0
0
2.21458
0
0
0
0
2.21458
0
0
0
0
0
0
0
0
0
0
0
0
0
0
0
0
2.21458
0
0
0
0
0
0
0
0
0
0
2.21458
0
0
0
0
0
0
2.21458
0
0
0
0
2.21458
0
0
0
0
2.21458
0
0
0
0
0
0
2.21458
0
0
0
0
2.21458
0
0
0
0
0
2.21458
0
0
0
0
0
2.21458
0
0
0
0
0
0
0
0
0
2.21458
0
0
0
2.21458
0
0
0
0
0
0
2.21458
0
0
0
0
0
2.21458
0
0
0
0
2.21458
0
0
0
0
0
2.21458
0
0
0
2.21458
0
0
0
0
0
0
2.21458
0
0
0
2.21458
0
0
0
0
2.21458
0
0
0
0
0
0
2.21458
0
0
0
2.21458
0
0
0
0
0
0
2.21458
0
0
0
2.21458
2.21458
0
0
0
0
2.21458
0
0
0
0
2.21458
0
0
0
0
2.21458
0
0
0
0
0
0
2.21458
0
0
0
0
2.21458
0
0
0
0
0
2.21458
0
0
0
0
0
2.21458
0
0
0
0
0
2.21458
0
0
0
0
0
0
0
0
0
2.21458
0
0
0
0
0
0
2.21458
0
0
0
0
2.21458
2.21458
2.21458
0
0
0
0
0
0
0
0
0
2.21458
0
0
0
0
0
0
0
0
0
0
0
0
0
0
0
2.21458
2.21458
0
0
0
0
0
2.21458
0
0
0
0
0
0
0
0
0
0
2.21458
0
0
0
0
2.21458
2.21458
17.1089
17.1089
14.9811
14.9811
14.9811
17.1089
17.1089
14.9811
14.9811
17.1089
14.9811
14.9811
17.1089
14.9811
14.9811
2.21458
0
0
0
0
1001.63
1001.63
1001.63
100.086
83.0658
76.6831
76.6831
76.6831
76.6831
74.5555
76.6831
74.5555
76.6831
76.6831
76.6831
74.5555
76.6831
76.6831
76.6831
76.6831
76.6831
76.6831
76.6831
76.6831
76.6831
76.6831
78.8107
76.6831
76.6831
78.8107
78.8107
78.8107
78.8107
78.8107
78.8107
78.8107
78.8107
78.8107
76.6831
76.6831
76.6831
76.6831
76.6831
76.6831
76.6831
74.5555
76.6831
76.6831
74.5555
78.8107
78.8107
76.6831
78.8107
78.8107
78.8107
76.6831
76.6831
76.6831
76.6831
78.8107
76.6831
76.6831
76.6831
76.6831
76.6831
76.6831
76.6831
76.6831
74.5555
74.5555
76.6831
76.6831
76.6831
76.6831
76.6831
76.6831
74.5555
76.6831
74.5555
76.6831
76.6831
76.6831
76.6831
76.6831
76.6831
74.5555
76.6831
76.6831
74.5555
76.6831
74.5555
76.6831
76.6831
76.6831
76.6831
74.5555
76.6831
76.6831
76.6831
74.5555
80.9382
91.576
93.7035
91.576
91.576
91.576
91.576
76.6831
74.5555
76.6831
74.5555
74.5555
76.6831
76.6831
74.5555
76.6831
74.5555
76.6831
76.6831
76.6831
74.5555
74.5555
76.6831
76.6831
74.5555
76.6831
74.5555
74.5555
74.5555
74.5555
74.5555
74.5555
76.6831
74.5555
74.5555
74.5555
74.5555
74.5555
91.576
89.4484
89.4484
91.576
91.576
91.576
91.576
76.6831
74.5555
74.5555
76.6831
74.5555
76.6831
74.5555
74.5555
74.5555
74.5555
74.5555
74.5555
74.5555
74.5555
74.5555
74.5555
76.6831
74.5555
74.5555
76.6831
74.5555
76.6831
74.5555
74.5555
74.5555
74.5555
76.6831
74.5555
74.5555
74.5555
76.6831
74.5555
74.5555
74.5555
74.5555
74.5555
74.5555
74.5555
74.5555
74.5555
74.5555
74.5555
74.5555
74.5555
74.5555
74.5555
74.5555
74.5555
74.5555
74.5555
74.5555
74.5555
72.428
74.5555
74.5555
74.5555
74.5555
74.5555
74.5555
74.5555
74.5555
74.5555
76.6831
74.5555
74.5555
74.5555
74.5555
74.5555
72.428
74.5555
74.5555
74.5555
74.5555
74.5555
74.5555
72.428
74.5555
74.5555
74.5555
72.428
74.5555
74.5555
72.428
74.5555
74.5555
74.5555
72.428
74.5555
74.5555
72.428
74.5555
72.428
72.428
74.5555
74.5555
72.428
74.5555
74.5555
72.428
72.428
74.5555
72.428
74.5555
72.428
74.5555
74.5555
74.5555
72.428
72.428
74.5555
72.428
74.5555
72.428
74.5555
72.428
72.428
74.5555
74.5555
74.5555
74.5555
74.5555
74.5555
72.428
74.5555
72.428
74.5555
72.428
72.428
74.5555
74.5555
74.5555
74.5555
72.428
72.428
74.5555
72.428
74.5555
72.428
72.428
74.5555
74.5555
72.428
72.428
72.428
72.428
72.428
72.428
72.428
72.428
72.428
74.5555
72.428
72.428
72.428
72.428
72.428
72.428
72.428
72.428
72.428
72.428
72.428
72.428
74.5555
74.5555
72.428
72.428
72.428
72.428
72.428
72.428
72.428
72.428
72.428
72.428
72.428
72.428
72.428
72.428
72.428
72.428
70.3004
72.428
72.428
72.428
72.428
72.428
72.428
72.428
72.428
70.3004
72.428
72.428
72.428
70.3004
72.428
72.428
72.428
74.5555
72.428
74.5555
72.428
72.428
72.428
72.428
72.428
70.3004
72.428
72.428
72.428
72.428
70.3004
72.428
72.428
72.428
72.428
72.428
72.428
72.428
72.428
70.3004
72.428
72.428
70.3004
72.428
72.428
72.428
70.3004
70.3004
70.3004
72.428
72.428
70.3004
72.428
72.428
72.428
70.3004
72.428
70.3004
72.428
70.3004
72.428
70.3004
72.428
72.428
70.3004
70.3004
72.428
70.3004
72.428
72.428
70.3004
72.428
70.3004
70.3004
72.428
72.428
70.3004
72.428
70.3004
70.3004
72.428
70.3004
70.3004
72.428
70.3004
70.3004
72.428
72.428
70.3004
70.3004
72.428
70.3004
70.3004
70.3004
72.428
70.3004
70.3004
70.3004
70.3004
70.3004
70.3004
72.428
70.3004
70.3004
70.3004
72.428
70.3004
70.3004
70.3004
70.3004
70.3004
72.428
70.3004
70.3004
70.3004
70.3004
70.3004
70.3004
70.3004
70.3004
70.3004
70.3004
70.3004
70.3004
70.3004
70.3004
70.3004
70.3004
70.3004
70.3004
70.3004
70.3004
70.3004
70.3004
68.1728
68.1728
70.3004
70.3004
70.3004
70.3004
70.3004
70.3004
70.3004
70.3004
70.3004
68.1728
70.3004
70.3004
70.3004
70.3004
68.1728
70.3004
70.3004
70.3004
70.3004
68.1728
70.3004
70.3004
70.3004
70.3004
70.3004
70.3004
68.1728
70.3004
70.3004
70.3004
70.3004
70.3004
68.1728
70.3004
70.3004
68.1728
68.1728
70.3004
70.3004
68.1728
70.3004
68.1728
70.3004
68.1728
70.3004
68.1728
70.3004
70.3004
68.1728
70.3004
70.3004
68.1728
70.3004
68.1728
68.1728
70.3004
68.1728
70.3004
68.1728
68.1728
68.1728
70.3004
68.1728
70.3004
68.1728
70.3004
70.3004
68.1728
68.1728
70.3004
68.1728
70.3004
70.3004
68.1728
68.1728
70.3004
68.1728
68.1728
70.3004
68.1728
70.3004
68.1728
68.1728
70.3004
70.3004
68.1728
68.1728
70.3004
68.1728
68.1728
70.3004
68.1728
68.1728
70.3004
68.1728
68.1728
68.1728
68.1728
68.1728
70.3004
68.1728
68.1728
68.1728
70.3004
70.3004
68.1728
68.1728
68.1728
68.1728
68.1728
68.1728
70.3004
68.1728
68.1728
68.1728
68.1728
68.1728
68.1728
68.1728
68.1728
68.1728
68.1728
68.1728
70.3004
68.1728
68.1728
68.1728
68.1728
68.1728
68.1728
68.1728
68.1728
68.1728
68.1728
68.1728
68.1728
68.1728
68.1728
68.1728
68.1728
68.1728
68.1728
68.1728
68.1728
68.1728
68.1728
68.1728
68.1728
68.1728
68.1728
29.8751
0
0
2.21458
0
0
0
0
0
2.21458
0
0
0
0
0
2.21458
0
0
0
0
2.21458
0
0
0
0
0
0
0
0
0
0
0
0
0
0
0
0
2.21458
0
0
0
0
0
2.21458
0
0
0
0
0
2.21458
0
0
0
0
0
0
0
0
0
0
0
0
0
0
0
0
0
0
0
0
0
0
0
0
0
0
2.21458
0
0
0
0
0
0
0
0
0
0
2.21458
0
0
0
0
0
0
0
0
0
0
0
0
0
0
0
0
2.21458
0
0
0
0
0
0
0
0
0
0
2.21458
0
0
0
0
2.21458
0
0
0
0
2.21458
0
0
0
0
0
2.21458
0
0
0
0
2.21458
2.21458
0
0
0
0
2.21458
2.21458
0
0
0
0
2.21458
0
0
0
0
0
2.21458
0
0
0
0
2.21458
0
0
0
0
0
2.21458
0
0
0
0
2.21458
0
0
0
2.21458
0
0
0
0
0
2.21458
0
0
0
0
2.21458
0
0
0
0
0
2.21458
0
0
0
0
2.21458
0
0
0
0
2.21458
0
0
0
0
0
2.21458
0
0
0
0
2.21458
0
0
0
0
2.21458
0
0
0
0
0
0
0
0
0
0
0
2.21458
0
0
0
0
2.21458
0
0
0
0
0
2.21458
0
0
0
0
2.21458
0
0
0
0
2.21458
0
0
0
0
2.21458
0
0
0
0
0
2.21458
0
0
0
2.21458
0
0
0
0
2.21458
0
0
0
0
0
0
0
0
0
0
0
2.21458
0
0
0
0
2.21458
0
0
0
0
2.21458
0
0
0
0
0
2.21458
0
0
0
2.21458
0
0
0
0
0
2.21458
0
0
0
0
0
2.21458
0
0
0
0
2.21458
0
0
0
0
0
2.21458
0
0
0
0
0
0
0
0
0
0
2.21458
0
0
0
2.21458
2.21458
2.21458
0
0
2.21458
0
0
0
0
0
0
2.21458
2.21458
0
0
2.21458
0
0
0
0
0
0
2.21458
0
0
0
0
2.21458
0
0
0
2.21458
0
0
0
0
0
2.21458
2.21458
0
0
0
0
2.21458
0
0
0
6.47011
6.47011
17.1089
14.9811
14.9811
17.1089
14.9811
17.1089
17.1089
17.1089
14.9811
17.1089
17.1089
14.9811
14.9811
14.9811
14.9811
14.9811
0
0
2.21458
0
0
0
0
0
2.21458
0
0
0
0
2.21458
0
0
0
0
0
2.21458
0
0
0
0
0
0
0
0
0
0
0
2.21458
0
0
0
0
2.21458
0
0
0
0
0
2.21458
0
0
0
0
2.21458
0
0
0
0
0
2.21458
0
0
0
0
0
2.21458
0
0
0
0
0
2.21458
0
0
0
0
0
0
0
0
0
0
2.21458
0
0
0
0
2.21458
0
0
0
0
0
0
2.21458
0
0
0
2.21458
0
0
0
0
0
0
2.21458
0
0
0
0
0
0
0
0
0
0
0
0
0
0
0
0
0
0
0
0
2.21458
0
0
0
0
2.21458
0
0
0
0
0
2.21458
0
4.34235
17.1089
14.9811
14.9811
14.9811
10.7256
10.7256
10.7256
10.7256
10.7256
0
0
0
0
2.21458
0
0
0
0
0
0
0
0
0
0
0
2.21458
0
0
0
2.21458
0
0
0
0
0
0
0
0
0
0
2.21458
0
0
0
0
0
0
2.21458
0
0
0
0
0
0
0
0
0
0
2.21458
0
0
0
0
2.21458
0
0
0
0
0
2.21458
0
0
0
0
2.21458
0
0
0
0
0
0
2.21458
0
0
0
0
0
2.21458
0
0
0
0
0
0
0
0
0
0
2.21458
0
0
0
0
2.21458
0
0
0
0
0
2.21458
0
0
0
0
2.21458
0
0
0
0
0
2.21458
0
0
0
0
2.21458
2.21458
0
0
0
0
0
2.21458
0
0
0
0
2.21458
0
0
0
0
2.21458
0
0
0
0
0
0
2.21458
0
0
0
0
2.21458
0
0
0
0
0
0
2.21458
0
0
0
2.21458
2.21458
0
0
0
0
0
2.21458
0
0
0
2.21458
2.21458
0
0
0
0
0
2.21458
0
0
0
2.21458
2.21458
0
0
0
0
0
0
0
0
0
0
0
2.21458
0
0
0
0
2.21458
0
0
0
0
0
0
0
0
0
0
0
2.21458
0
0
0
0
2.21458
0
0
0
0
0
0
2.21458
0
0
0
0
2.21458
0
0
0
0
0
0
2.21458
0
0
0
0
0
2.21458
0
0
0
0
0
0
0
0
0
2.21458
2.21458
0
0
0
0
2.21458
0
0
0
0
0
0
2.21458
0
0
0
0
2.21458
2.21458
0
0
0
0
0
2.21458
0
0
0
0
0
2.21458
0
0
0
0
2.21458
0
0
0
0
0
0
2.21458
0
0
0
0
2.21458
2.21458
0
0
0
0
2.21458
0
0
0
0
0
0
2.21458
0
0
0
2.21458
0
0
0
0
0
0
2.21458
0
0
0
0
0
2.21458
0
0
0
0
0
0
0
0
0
0
2.21458
0
0
0
0
0
0
0
0
0
0
2.21458
0
0
0
0
2.21458
2.21458
0
0
0
0
0
0
0
0
0
0
2.21458
0
0
0
0
2.21458
0
0
0
0
0
0
2.21458
0
0
0
0
2.21458
0
0
0
0
0
2.21458
0
0
0
0
0
2.21458
0
0
0
0
0
0
0
0
0
0
0
2.21458
0
0
0
2.21458
0
0
0
0
0
0
2.21458
0
0
0
2.21458
0
0
0
0
0
0
2.21458
0
0
0
0
2.21458
2.21458
0
0
0
0
0
2.21458
0
0
0
0
0
2.21458
0
0
0
2.21458
0
0
0
0
0
0
2.21458
0
0
0
0
2.21458
0
0
0
0
0
0
0
0
0
0
0
2.21458
0
0
0
0
0
0
0
0
0
0
2.21458
2.21458
0
0
0
0
2.21458
2.21458
0
0
0
0
2.21458
0
0
0
0
0
2.21458
0
0
0
0
0
2.21458
0
0
0
0
0
0
2.21458
0
0
0
2.21458
0
0
0
0
0
2.21458
0
0
0
0
0
0
2.21458
0
0
0
0
0
0
0
0
0
0
2.21458
0
0
0
0
2.21458
0
0
0
0
0
2.21458
0
0
0
0
2.21458
0
0
0
0
0
0
2.21458
0
0
0
0
0
2.21458
0
0
0
0
2.21458
0
0
0
0
0
2.21458
0
0
0
0
2.21458
0
0
0
0
0
2.21458
0
0
0
0
2.21458
0
0
0
0
0
0
2.21458
0
0
0
0
0
2.21458
0
0
0
0
0
0
0
0
0
0
2.21458
0
0
0
2.21458
0
0
0
0
0
0
2.21458
0
0
799.721
895.367
155.399
85.1933
85.1933
78.8107
76.6831
76.6831
76.6831
74.5555
74.5555
74.5555
76.6831
74.5555
74.5555
76.6831
74.5555
74.5555
76.6831
74.5555
76.6831
74.5555
78.8107
78.8107
74.5555
78.8107
76.6831
76.6831
76.6831
76.6831
76.6831
78.8107
78.8107
76.6831
78.8107
78.8107
78.8107
76.6831
76.6831
76.6831
74.5555
74.5555
76.6831
74.5555
76.6831
76.6831
74.5555
74.5555
76.6831
74.5555
76.6831
76.6831
76.6831
76.6831
74.5555
76.6831
76.6831
76.6831
76.6831
74.5555
76.6831
76.6831
74.5555
74.5555
76.6831
76.6831
76.6831
74.5555
76.6831
76.6831
74.5555
74.5555
76.6831
76.6831
74.5555
76.6831
74.5555
74.5555
76.6831
76.6831
76.6831
76.6831
74.5555
74.5555
76.6831
76.6831
76.6831
78.8107
76.6831
76.6831
76.6831
76.6831
78.8107
76.6831
78.8107
78.8107
76.6831
76.6831
76.6831
76.6831
78.8107
78.8107
76.6831
76.6831
76.6831
76.6831
76.6831
78.8107
78.8107
76.6831
76.6831
76.6831
78.8107
76.6831
76.6831
78.8107
76.6831
76.6831
78.8107
76.6831
76.6831
76.6831
74.5555
76.6831
76.6831
76.6831
76.6831
76.6831
76.6831
76.6831
74.5555
74.5555
74.5555
76.6831
76.6831
74.5555
76.6831
76.6831
76.6831
76.6831
74.5555
76.6831
76.6831
76.6831
76.6831
76.6831
76.6831
76.6831
76.6831
76.6831
76.6831
76.6831
74.5555
76.6831
76.6831
74.5555
74.5555
76.6831
76.6831
76.6831
76.6831
76.6831
74.5555
76.6831
76.6831
74.5555
74.5555
74.5555
76.6831
74.5555
74.5555
76.6831
76.6831
74.5555
76.6831
74.5555
76.6831
76.6831
74.5555
74.5555
76.6831
74.5555
76.6831
74.5555
76.6831
76.6831
74.5555
74.5555
74.5555
74.5555
76.6831
76.6831
74.5555
76.6831
74.5555
76.6831
74.5555
74.5555
74.5555
74.5555
76.6831
74.5555
74.5555
74.5555
74.5555
76.6831
74.5555
74.5555
74.5555
74.5555
76.6831
76.6831
74.5555
74.5555
74.5555
76.6831
76.6831
74.5555
74.5555
74.5555
74.5555
74.5555
74.5555
74.5555
74.5555
74.5555
74.5555
72.428
74.5555
74.5555
74.5555
74.5555
72.428
74.5555
74.5555
74.5555
74.5555
72.428
74.5555
72.428
74.5555
74.5555
74.5555
74.5555
74.5555
72.428
74.5555
72.428
74.5555
74.5555
74.5555
74.5555
74.5555
72.428
74.5555
74.5555
74.5555
72.428
74.5555
74.5555
72.428
74.5555
72.428
72.428
72.428
74.5555
72.428
72.428
70.3004
72.428
72.428
72.428
72.428
70.3004
72.428
72.428
70.3004
72.428
70.3004
72.428
70.3004
70.3004
72.428
72.428
72.428
70.3004
72.428
70.3004
72.428
72.428
70.3004
72.428
70.3004
72.428
70.3004
72.428
72.428
70.3004
72.428
70.3004
72.428
70.3004
70.3004
70.3004
72.428
72.428
70.3004
70.3004
72.428
70.3004
70.3004
70.3004
72.428
70.3004
70.3004
70.3004
70.3004
72.428
70.3004
72.428
70.3004
70.3004
70.3004
72.428
70.3004
70.3004
70.3004
70.3004
70.3004
70.3004
70.3004
70.3004
70.3004
70.3004
70.3004
72.428
70.3004
70.3004
70.3004
70.3004
70.3004
70.3004
70.3004
70.3004
70.3004
72.428
70.3004
70.3004
70.3004
70.3004
70.3004
70.3004
70.3004
70.3004
70.3004
70.3004
70.3004
70.3004
70.3004
70.3004
70.3004
70.3004
70.3004
68.1728
70.3004
70.3004
70.3004
70.3004
70.3004
70.3004
70.3004
70.3004
70.3004
68.1728
70.3004
70.3004
70.3004
70.3004
70.3004
70.3004
70.3004
68.1728
70.3004
70.3004
70.3004
70.3004
68.1728
70.3004
70.3004
70.3004
70.3004
70.3004
70.3004
68.1728
70.3004
70.3004
70.3004
68.1728
68.1728
70.3004
70.3004
70.3004
68.1728
70.3004
68.1728
70.3004
70.3004
70.3004
68.1728
70.3004
70.3004
68.1728
68.1728
70.3004
70.3004
68.1728
68.1728
70.3004
70.3004
68.1728
70.3004
68.1728
70.3004
68.1728
70.3004
70.3004
68.1728
70.3004
68.1728
70.3004
68.1728
68.1728
70.3004
70.3004
68.1728
68.1728
68.1728
70.3004
68.1728
68.1728
70.3004
68.1728
68.1728
70.3004
68.1728
68.1728
70.3004
68.1728
68.1728
68.1728
70.3004
70.3004
68.1728
68.1728
70.3004
68.1728
68.1728
68.1728
70.3004
68.1728
68.1728
68.1728
70.3004
68.1728
68.1728
70.3004
68.1728
68.1728
68.1728
70.3004
70.3004
68.1728
68.1728
68.1728
70.3004
68.1728
68.1728
68.1728
68.1728
68.1728
68.1728
70.3004
68.1728
68.1728
68.1728
68.1728
68.1728
68.1728
68.1728
68.1728
70.3004
68.1728
68.1728
68.1728
68.1728
68.1728
68.1728
68.1728
68.1728
68.1728
68.1728
68.1728
68.1728
68.1728
68.1728
68.1728
68.1728
68.1728
68.1728
68.1728
68.1728
68.1728
68.1728
68.1728
68.1728
66.0452
68.1728
68.1728
68.1728
68.1728
68.1728
68.1728
66.0452
68.1728
68.1728
68.1728
68.1728
68.1728
66.0452
68.1728
68.1728
68.1728
68.1728
68.1728
66.0452
68.1728
68.1728
68.1728
68.1728
66.0452
68.1728
68.1728
66.0452
68.1728
68.1728
66.0452
68.1728
68.1728
68.1728
66.0452
68.1728
68.1728
66.0452
68.1728
68.1728
68.1728
68.1728
66.0452
68.1728
66.0452
68.1728
66.0452
68.1728
66.0452
68.1728
68.1728
66.0452
68.1728
66.0452
66.0452
68.1728
66.0452
68.1728
68.1728
66.0452
68.1728
66.0452
68.1728
66.0452
66.0452
68.1728
68.1728
66.0452
66.0452
68.1728
23.492
0
2.21458
0
0
0
0
0
2.21458
0
0
0
0
2.21458
0
0
0
0
0
0
2.21458
0
0
0
0
2.21458
0
0
0
0
2.21458
2.21458
0
0
0
0
0
2.21458
0
0
0
0
2.21458
0
0
0
0
0
0
0
0
0
0
0
2.21458
0
0
0
0
0
2.21458
0
0
0
0
0
2.21458
0
0
0
0
0
2.21458
0
0
0
0
0
2.21458
0
0
0
0
2.21458
0
0
0
0
0
2.21458
0
0
0
0
0
0
2.21458
0
0
0
0
0
2.21458
0
0
0
0
0
0
0
0
0
0
2.21458
0
0
0
0
0
0
0
0
0
0
0
2.21458
0
0
0
0
0
0
0
0
0
2.21458
0
0
0
0
0
2.21458
2.21458
0
0
0
0
0
2.21458
0
0
0
0
0
0
0
0
0
2.21458
0
0
0
0
0
0
2.21458
0
0
0
0
2.21458
0
0
0
0
0
0
0
0
0
0
2.21458
0
0
0
0
0
2.21458
0
0
0
0
0
2.21458
0
0
0
0
2.21458
0
0
0
0
0
2.21458
2.21458
0
0
0
0
0
2.21458
0
0
0
0
2.21458
0
0
0
0
2.21458
0
0
0
0
2.21458
0
0
0
0
0
0
2.21458
0
0
0
0
0
2.21458
0
0
0
2.21458
0
0
0
0
0
2.21458
0
0
0
0
0
2.21458
2.21458
0
0
0
0
2.21458
0
0
0
0
2.21458
0
0
0
0
0
0
2.21458
0
0
0
0
0
2.21458
0
0
0
0
0
2.21458
0
0
0
0
2.21458
0
0
0
0
2.21458
0
0
0
0
0
0
2.21458
0
0
0
0
0
2.21458
0
0
0
0
2.21458
0
0
0
0
0
0
2.21458
0
0
0
0
0
2.21458
0
0
0
2.21458
0
0
0
0
0
0
2.21458
0
0
0
0
0
2.21458
0
0
0
0
2.21458
0
0
0
0
0
2.21458
0
0
0
0
0
0
2.21458
0
0
0
2.21458
0
0
0
0
0
2.21458
0
0
0
0
0
0
2.21458
2.21458
2.21458
2.21458
2.21458
2.21458
2.21458
2.21458
2.21458
2.21458
2.21458
2.21458
2.21458
0
0
0
2.21458
0
0
0
0
0
0
0
0
0
0
0
2.21458
0
0
0
0
0
0
0
0
0
0
0
0
2.21458
0
0
0
2.21458
0
0
0
0
0
0
2.21458
0
0
0
0
0
0
2.21458
0
0
0
0
2.21458
0
0
0
0
0
2.21458
0
0
0
0
2.21458
0
0
0
0
0
0
2.21458
0
0
0
0
0
2.21458
0
0
0
0
2.21458
2.21458
2.21458
0
0
0
0
2.21458
0
0
0
2.21458
0
0
0
0
0
0
2.21458
0
0
0
0
0
2.21458
0
0
0
0
2.21458
0
0
0
0
2.21458
0
0
0
0
0
0
2.21458
0
0
0
0
0
0
0
0
0
0
2.21458
0
0
0
0
0
0
0
0
0
0
0
0
0
0
0
0
0
0
0
0
0
0
0
2.21458
2.21458
0
0
0
0
0
2.21458
0
0
0
0
2.21458
0
0
0
0
2.21458
0
0
0
0
2.21458
0
0
0
0
0
0
2.21458
0
0
0
0
0
2.21458
0
0
0
0
2.21458
0
0
0
0
2.21458
0
0
0
0
0
0
2.21458
0
0
0
0
0
2.21458
0
0
0
0
2.21458
0
0
0
0
0
2.21458
0
0
0
0
0
2.21458
0
0
0
0
0
2.21458
0
0
0
0
2.21458
0
0
0
0
0
0
2.21458
0
0
0
0
2.21458
0
0
0
0
0
2.21458
0
0
0
0
0
0
2.21458
0
0
0
0
0
0
2.21458
0
0
0
2.21458
0
0
0
0
0
2.21458
0
0
0
0
0
0
2.21458
0
0
0
0
0
2.21458
0
0
0
2.21458
0
0
0
0
0
0
2.21458
0
0
0
0
0
0
0
0
0
0
0
2.21458
0
0
0
0
0
2.21458
0
0
0
0
2.21458
0
0
0
0
0
2.21458
0
0
0
0
0
2.21458
0
0
0
0
2.21458
0
0
0
0
0
2.21458
0
0
0
0
0
0
2.21458
0
0
0
0
2.21458
0
0
0
0
2.21458
0
0
0
0
0
0
2.21458
0
0
0
0
0
2.21458
0
0
0
0
0
0
2.21458
0
0
0
2.21458
0
0
0
0
0
2.21458
0
0
0
0
0
0
2.21458
0
0
0
0
0
2.21458
0
0
0
0
2.21458
0
0
0
0
0
2.21458
0
0
0
0
2.21458
0
0
0
0
0
0
0
0
0
0
0
0
2.21458
0
0
0
0
0
2.21458
0
0
0
0
0
2.21458
0
0
0
0
0
2.21458
0
0
0
0
2.21458
2.21458
0
0
0
0
2.21458
0
0
0
0
0
2.21458
0
0
0
0
2.21458
0
0
0
0
0
2.21458
0
0
0
0
0
2.21458
0
0
0
0
2.21458
0
0
0
0
0
2.21458
0
0
0
0
0
0
2.21458
0
0
0
0
2.21458
0
0
0
0
0
0
0
0
0
0
0
2.21458
0
0
0
0
2.21458
2.21458
0
0
0
0
2.21458
0
0
0
0
0
0
0
0
0
0
0
0
0
2.21458
0
0
0
0
0
2.21458
0
0
0
0
2.21458
0
0
0
0
0
0
2.21458
0
0
0
0
0
2.21458
2.21458
0
0
0
0
2.21458
0
0
0
0
0
0
2.21458
0
0
0
0
2.21458
0
0
0
0
0
0
2.21458
0
0
0
0
0
2.21458
0
0
0
0
2.21458
0
0
0
0
0
0
2.21458
0
0
0
0
0
2.21458
0
0
0
2.21458
0
0
0
0
0
0
2.21458
0
0
0
0
2.21458
2.21458
0
0
0
0
2.21458
0
0
0
0
0
0
2.21458
0
0
0
0
0
2.21458
0
0
0
0
2.21458
0
0
0
0
0
0
2.21458
0
0
0
0
2.21458
2.21458
0
0
0
2.21458
0
0
0
0
0
0
2.21458
0
0
0
0
2.21458
2.21458
0
0
0
0
2.21458
0
0
0
0
0
0
2.21458
0
0
0
0
2.21458
2.21458
0
0
0
0
0
0
0
0
0
0
2.21458
0
0
0
0
2.21458
0
0
0
0
0
0
2.21458
0
0
0
0
2.21458
2.21458
0
0
0
0
0
0
0
0
0
2.21458
2.21458
0
0
0
0
2.21458
0
0
0
0
0
0
2.21458
0
0
0
0
2.21458
0
0
0
0
0
0
2.21458
0
0
0
0
0
2.21458
0
0
0
0
2.21458
0
0
0
0
0
0
2.21458
0
0
0
0
0
2.21458
0
0
0
2.21458
0
0
0
0
0
0
2.21458
0
0
0
0
2.21458
2.21458
0
0
0
0
2.21458
0
0
0
0
0
0
2.21458
0
0
0
0
2.21458
0
0
0
0
0
2.21458
0
0
0
2.21458
0
0
0
0
0
0
2.21458
0
0
0
0
0
2.21458
0
0
0
2.21458
0
0
0
0
0
0
2.21458
0
0
0
2.21458
2.21458
0
0
0
0
0
0
0
0
0
0
0
2.21458
0
0
0
0
2.21458
0
0
0
0
0
2.21458
0
0
0
0
2.21458
0
0
0
0
0
0
2.21458
0
0
0
0
2.21458
2.21458
0
0
0
0
2.21458
0
0
0
0
0
2.21458
0
0
0
2.21458
0
0
0
0
0
0
2.21458
0
0
0
0
2.21458
0
0
0
0
0
0
0
0
0
0
0
397.88
916.62
525.471
93.7035
76.6831
76.6831
78.8107
76.6831
78.8107
76.6831
76.6831
76.6831
76.6831
76.6831
76.6831
76.6831
76.6831
78.8107
78.8107
76.6831
76.6831
76.6831
76.6831
78.8107
78.8107
76.6831
78.8107
78.8107
76.6831
76.6831
78.8107
76.6831
78.8107
78.8107
76.6831
76.6831
78.8107
78.8107
76.6831
76.6831
76.6831
76.6831
76.6831
76.6831
74.5555
74.5555
76.6831
76.6831
76.6831
76.6831
76.6831
78.8107
76.6831
78.8107
78.8107
76.6831
76.6831
78.8107
76.6831
76.6831
76.6831
76.6831
76.6831
76.6831
76.6831
76.6831
76.6831
76.6831
76.6831
74.5555
76.6831
74.5555
74.5555
74.5555
76.6831
74.5555
74.5555
74.5555
74.5555
74.5555
76.6831
74.5555
76.6831
74.5555
74.5555
76.6831
76.6831
76.6831
76.6831
76.6831
74.5555
74.5555
76.6831
76.6831
76.6831
76.6831
76.6831
76.6831
76.6831
76.6831
76.6831
76.6831
76.6831
76.6831
74.5555
74.5555
74.5555
76.6831
76.6831
76.6831
74.5555
76.6831
76.6831
76.6831
74.5555
74.5555
76.6831
74.5555
74.5555
76.6831
74.5555
74.5555
76.6831
74.5555
76.6831
76.6831
74.5555
74.5555
76.6831
74.5555
76.6831
76.6831
74.5555
76.6831
76.6831
74.5555
74.5555
76.6831
76.6831
74.5555
74.5555
76.6831
74.5555
76.6831
76.6831
74.5555
74.5555
76.6831
74.5555
74.5555
74.5555
74.5555
74.5555
74.5555
74.5555
76.6831
74.5555
74.5555
74.5555
74.5555
74.5555
74.5555
74.5555
74.5555
74.5555
76.6831
74.5555
74.5555
74.5555
74.5555
74.5555
74.5555
74.5555
74.5555
74.5555
74.5555
74.5555
74.5555
74.5555
74.5555
74.5555
74.5555
74.5555
74.5555
74.5555
72.428
74.5555
74.5555
74.5555
74.5555
72.428
74.5555
74.5555
74.5555
72.428
74.5555
74.5555
74.5555
74.5555
74.5555
74.5555
74.5555
74.5555
72.428
74.5555
74.5555
74.5555
74.5555
72.428
72.428
74.5555
74.5555
74.5555
74.5555
72.428
72.428
74.5555
74.5555
72.428
72.428
74.5555
74.5555
74.5555
72.428
72.428
74.5555
74.5555
72.428
74.5555
72.428
72.428
74.5555
72.428
72.428
74.5555
72.428
72.428
72.428
74.5555
72.428
72.428
74.5555
72.428
74.5555
72.428
72.428
74.5555
72.428
72.428
72.428
72.428
72.428
74.5555
72.428
74.5555
72.428
72.428
72.428
72.428
74.5555
72.428
72.428
72.428
72.428
72.428
72.428
72.428
72.428
72.428
72.428
72.428
72.428
72.428
72.428
72.428
72.428
72.428
72.428
72.428
72.428
72.428
72.428
72.428
72.428
70.3004
72.428
72.428
72.428
72.428
72.428
72.428
72.428
72.428
70.3004
70.3004
72.428
72.428
72.428
72.428
70.3004
70.3004
72.428
72.428
72.428
72.428
72.428
72.428
72.428
72.428
70.3004
72.428
72.428
72.428
72.428
70.3004
72.428
72.428
72.428
72.428
72.428
72.428
70.3004
72.428
72.428
72.428
72.428
72.428
70.3004
70.3004
72.428
72.428
72.428
70.3004
72.428
70.3004
70.3004
72.428
72.428
70.3004
72.428
70.3004
70.3004
72.428
70.3004
70.3004
72.428
70.3004
72.428
70.3004
72.428
72.428
70.3004
72.428
70.3004
72.428
70.3004
70.3004
70.3004
72.428
70.3004
70.3004
72.428
72.428
70.3004
70.3004
70.3004
72.428
70.3004
70.3004
70.3004
70.3004
72.428
72.428
70.3004
70.3004
70.3004
70.3004
70.3004
72.428
72.428
70.3004
70.3004
70.3004
70.3004
70.3004
70.3004
70.3004
70.3004
70.3004
70.3004
70.3004
70.3004
70.3004
70.3004
70.3004
70.3004
70.3004
70.3004
70.3004
70.3004
68.1728
70.3004
70.3004
70.3004
70.3004
70.3004
70.3004
70.3004
70.3004
68.1728
70.3004
70.3004
70.3004
70.3004
70.3004
70.3004
70.3004
68.1728
70.3004
70.3004
70.3004
68.1728
70.3004
70.3004
70.3004
68.1728
70.3004
70.3004
68.1728
70.3004
70.3004
68.1728
70.3004
70.3004
70.3004
68.1728
70.3004
68.1728
70.3004
68.1728
70.3004
70.3004
70.3004
68.1728
70.3004
68.1728
70.3004
70.3004
70.3004
68.1728
70.3004
70.3004
68.1728
70.3004
70.3004
68.1728
70.3004
70.3004
68.1728
70.3004
68.1728
68.1728
68.1728
70.3004
68.1728
70.3004
70.3004
68.1728
70.3004
68.1728
68.1728
68.1728
70.3004
70.3004
68.1728
68.1728
70.3004
68.1728
68.1728
70.3004
68.1728
70.3004
70.3004
68.1728
68.1728
70.3004
68.1728
68.1728
70.3004
68.1728
68.1728
68.1728
68.1728
70.3004
68.1728
68.1728
70.3004
68.1728
68.1728
68.1728
68.1728
68.1728
68.1728
70.3004
68.1728
68.1728
68.1728
68.1728
68.1728
68.1728
68.1728
68.1728
70.3004
68.1728
68.1728
68.1728
68.1728
68.1728
68.1728
68.1728
68.1728
68.1728
66.0452
66.0452
68.1728
68.1728
68.1728
68.1728
68.1728
68.1728
68.1728
68.1728
68.1728
68.1728
68.1728
68.1728
68.1728
68.1728
68.1728
68.1728
66.0452
66.0452
68.1728
68.1728
68.1728
68.1728
68.1728
68.1728
66.0452
66.0452
68.1728
68.1728
68.1728
68.1728
66.0452
66.0452
38.3859
0
0
0
2.21458
0
0
0
0
0
2.21458
0
0
0
0
2.21458
0
0
0
0
0
0
2.21458
0
0
0
0
2.21458
0
0
0
0
2.21458
0
0
0
0
0
2.21458
0
0
0
0
0
2.21458
0
0
0
0
0
2.21458
0
0
0
0
0
0
0
0
0
0
2.21458
0
0
0
0
0
0
2.21458
0
0
0
0
2.21458
0
0
0
0
2.21458
0
0
0
0
0
2.21458
0
0
0
0
0
2.21458
0
0
0
0
2.21458
0
0
0
0
2.21458
0
0
0
0
0
0
2.21458
0
0
0
0
2.21458
0
0
0
0
2.21458
0
0
0
0
0
2.21458
0
0
0
0
0
2.21458
0
0
0
0
2.21458
0
0
0
0
2.21458
2.21458
0
0
0
0
0
2.21458
0
0
0
0
2.21458
0
0
0
0
0
0
2.21458
0
0
0
0
2.21458
0
0
0
0
0
0
0
0
0
0
2.21458
0
0
0
0
2.21458
2.21458
0
0
0
0
0
2.21458
0
0
0
0
0
2.21458
0
0
0
0
0
2.21458
0
0
0
0
2.21458
2.21458
0
0
0
0
0
2.21458
0
0
0
0
0
0
0
0
0
2.21458
0
0
0
0
0
2.21458
2.21458
0
0
0
0
2.21458
0
0
0
0
0
2.21458
0
0
0
0
2.21458
0
0
0
0
0
2.21458
2.21458
0
0
0
0
2.21458
0
0
0
0
0
2.21458
0
0
0
0
2.21458
0
0
0
0
0
2.21458
0
0
0
0
0
2.21458
0
0
0
0
0
0
0
0
0
0
2.21458
0
0
0
0
0
0
2.21458
0
0
0
0
2.21458
0
0
0
0
0
2.21458
0
0
0
2.21458
0
0
0
0
0
0
2.21458
0
0
0
0
2.21458
0
0
0
0
2.21458
0
0
0
0
0
2.21458
0
0
0
0
0
0
2.21458
0
0
0
0
0
0
0
0
0
2.21458
2.21458
0
0
0
0
2.21458
0
0
0
0
0
2.21458
0
0
0
0
2.21458
0
0
0
0
0
2.21458
0
0
0
0
0
2.21458
0
0
0
0
0
2.21458
0
0
0
0
0
2.21458
0
0
0
0
2.21458
0
0
0
0
0
2.21458
0
0
0
0
0
2.21458
0
0
0
0
0
2.21458
0
0
0
0
2.21458
0
0
0
0
0
0
0
0
0
0
0
2.21458
0
0
0
0
0
2.21458
0
0
0
0
2.21458
0
0
0
0
0
0
2.21458
0
0
0
0
0
2.21458
0
0
0
0
0
0
0
0
0
0
2.21458
0
0
0
0
0
0
2.21458
0
0
0
0
2.21458
0
0
0
0
0
2.21458
0
0
0
0
2.21458
0
0
0
0
0
2.21458
0
0
0
0
0
2.21458
0
0
0
0
0
0
2.21458
0
0
0
2.21458
0
0
0
0
0
2.21458
0
0
0
0
2.21458
0
0
0
0
0
2.21458
2.21458
0
0
0
0
2.21458
0
0
0
0
0
2.21458
0
0
0
0
2.21458
0
0
0
0
0
0
2.21458
0
0
0
0
2.21458
0
0
0
0
0
2.21458
0
0
0
0
2.21458
0
0
0
0
0
2.21458
0
0
0
0
0
2.21458
0
0
0
0
0
2.21458
2.21458
2.21458
0
0
0
2.21458
0
0
0
0
2.21458
0
0
0
0
0
0
2.21458
0
0
0
0
2.21458
0
0
0
0
0
2.21458
0
0
0
0
2.21458
0
0
0
0
0
2.21458
2.21458
0
0
0
0
0
0
0
0
0
2.21458
0
0
0
0
0
0
2.21458
0
0
0
0
0
2.21458
0
0
0
0
0
0
0
0
0
2.21458
0
0
0
0
0
2.21458
2.21458
0
0
0
0
0
2.21458
0
0
0
0
2.21458
0
0
0
0
2.21458
2.21458
0
0
0
0
0
2.21458
0
0
0
0
0
2.21458
0
0
0
2.21458
0
0
0
0
0
0
2.21458
0
0
0
0
0
2.21458
0
0
0
0
2.21458
0
0
0
0
0
2.21458
2.21458
0
0
0
0
2.21458
0
0
0
0
0
2.21458
0
0
0
0
0
2.21458
0
0
0
0
2.21458
0
0
0
0
2.21458
0
0
0
0
0
0
2.21458
0
0
0
0
2.21458
0
0
0
0
2.21458
0
0
0
0
0
2.21458
0
0
0
0
0
0
2.21458
0
0
0
0
2.21458
0
0
0
0
2.21458
0
0
0
0
0
2.21458
0
0
0
0
0
2.21458
0
0
0
0
2.21458
0
0
0
0
0
0
2.21458
0
0
0
0
0
0
0
0
0
0
2.21458
0
0
0
0
0
2.21458
0
0
0
0
0
2.21458
0
0
0
0
2.21458
0
0
0
0
2.21458
0
0
0
0
0
0
2.21458
0
0
0
0
2.21458
0
0
0
0
0
2.21458
0
0
0
0
0
2.21458
0
0
0
0
0
2.21458
0
0
0
0
2.21458
0
0
0
0
2.21458
0
0
0
0
0
0
2.21458
0
0
0
0
0
2.21458
0
0
0
0
2.21458
0
0
0
0
0
2.21458
0
0
0
0
0
0
2.21458
0
0
0
0
0
2.21458
0
0
0
0
2.21458
0
0
0
0
0
2.21458
2.21458
0
0
0
2.21458
0
0
0
0
0
0
2.21458
0
0
0
0
0
2.21458
0
0
0
0
0
0
0
0
0
2.21458
0
0
0
0
0
0
2.21458
0
0
0
0
0
0
0
0
0
0
2.21458
0
0
0
0
0
2.21458
0
0
0
0
2.21458
0
0
0
0
0
2.21458
0
0
0
0
0
2.21458
0
0
0
0
0
2.21458
0
0
0
0
2.21458
0
0
0
0
0
0
0
0
0
0
2.21458
2.21458
0
0
10.7256
14.9811
14.9811
17.1089
17.1089
14.9811
14.9811
14.9811
14.9811
14.9811
14.9811
14.9811
8.59787
0
0
0
2.21458
0
0
0
0
0
0
0
0
0
0
2.21458
0
0
0
0
0
2.21458
0
0
0
0
2.21458
0
0
0
0
0
0
2.21458
0
0
0
0
0
2.21458
0
0
0
0
2.21458
0
0
0
0
0
2.21458
0
0
0
0
0
0
0
0
0
0
0
0
2.21458
0
0
0
2.21458
0
0
0
0
0
0
2.21458
0
0
0
0
2.21458
2.21458
0
0
0
0
2.21458
0
0
0
0
0
0
2.21458
0
0
0
2.21458
0
0
0
0
0
0
2.21458
0
0
0
0
0
2.21458
0
0
0
0
2.21458
0
0
0
0
0
2.21458
0
0
0
0
2.21458
0
0
0
0
0
0
2.21458
0
0
0
0
2.21458
2.21458
0
0
0
0
2.21458
0
0
0
0
0
0
2.21458
0
0
0
0
2.21458
0
0
0
0
0
0
2.21458
0
0
0
0
2.21458
2.21458
0
0
0
0
0
0
0
0
0
0
2.21458
2.21458
0
0
0
0
0
2.21458
0
0
0
0
0
2.21458
0
0
0
0
2.21458
0
0
0
0
0
2.21458
0
0
0
0
2.21458
0
0
0
0
0
0
2.21458
0
0
0
0
0
2.21458
0
0
0
0
0
2.21458
0
0
0
0
0
2.21458
0
0
0
0
0
2.21458
0
0
0
2.21458
0
0
0
0
0
0
0
0
0
0
0
0
2.21458
0
0
0
0
0
0
0
0
0
2.21458
2.21458
2.21458
2.21458
2.21458
2.21458
2.21458
2.21458
2.21458
2.21458
2.21458
2.21458
2.21458
2.21458
2.21458
2.21458
2.21458
2.21458
2.21458
2.21458
2.21458
2.21458
2.21458
2.21458
2.21458
2.21458
2.21458
2.21458
2.21458
2.21458
76.6831
76.6831
76.6831
76.6831
76.6831
78.8107
78.8107
76.6831
76.6831
76.6831
76.6831
78.8107
76.6831
76.6831
76.6831
76.6831
78.8107
78.8107
78.8107
76.6831
78.8107
80.9382
80.9382
76.6831
78.8107
78.8107
78.8107
74.5555
76.6831
76.6831
76.6831
76.6831
74.5555
74.5555
76.6831
74.5555
76.6831
76.6831
76.6831
76.6831
76.6831
76.6831
74.5555
76.6831
76.6831
76.6831
74.5555
74.5555
76.6831
76.6831
74.5555
74.5555
74.5555
74.5555
74.5555
74.5555
74.5555
74.5555
74.5555
74.5555
74.5555
74.5555
76.6831
74.5555
74.5555
74.5555
74.5555
76.6831
76.6831
74.5555
76.6831
76.6831
76.6831
74.5555
76.6831
74.5555
74.5555
76.6831
76.6831
76.6831
76.6831
74.5555
76.6831
76.6831
76.6831
76.6831
74.5555
76.6831
76.6831
74.5555
76.6831
76.6831
76.6831
74.5555
76.6831
76.6831
76.6831
74.5555
74.5555
74.5555
74.5555
76.6831
74.5555
74.5555
76.6831
74.5555
76.6831
76.6831
74.5555
76.6831
76.6831
74.5555
76.6831
74.5555
74.5555
74.5555
76.6831
76.6831
76.6831
74.5555
74.5555
76.6831
76.6831
74.5555
76.6831
76.6831
76.6831
74.5555
74.5555
74.5555
74.5555
76.6831
76.6831
76.6831
74.5555
74.5555
76.6831
76.6831
74.5555
74.5555
74.5555
74.5555
74.5555
74.5555
74.5555
76.6831
74.5555
74.5555
74.5555
74.5555
74.5555
74.5555
74.5555
74.5555
74.5555
74.5555
74.5555
76.6831
74.5555
74.5555
74.5555
74.5555
74.5555
74.5555
72.428
74.5555
74.5555
74.5555
74.5555
74.5555
74.5555
74.5555
74.5555
74.5555
74.5555
74.5555
74.5555
74.5555
74.5555
74.5555
74.5555
74.5555
74.5555
74.5555
72.428
74.5555
74.5555
72.428
74.5555
72.428
72.428
74.5555
74.5555
74.5555
74.5555
72.428
74.5555
74.5555
74.5555
72.428
74.5555
74.5555
74.5555
72.428
74.5555
74.5555
74.5555
72.428
72.428
72.428
72.428
74.5555
72.428
72.428
72.428
74.5555
72.428
72.428
74.5555
72.428
74.5555
74.5555
72.428
72.428
72.428
72.428
72.428
72.428
74.5555
74.5555
72.428
72.428
72.428
72.428
74.5555
72.428
72.428
72.428
72.428
72.428
72.428
74.5555
72.428
72.428
72.428
72.428
72.428
72.428
72.428
72.428
72.428
74.5555
72.428
72.428
72.428
72.428
72.428
72.428
72.428
72.428
72.428
70.3004
72.428
72.428
72.428
72.428
72.428
72.428
72.428
72.428
72.428
72.428
72.428
72.428
72.428
72.428
72.428
72.428
72.428
72.428
72.428
72.428
72.428
72.428
72.428
72.428
70.3004
72.428
72.428
72.428
70.3004
72.428
72.428
70.3004
72.428
70.3004
70.3004
72.428
72.428
72.428
72.428
70.3004
72.428
70.3004
70.3004
72.428
70.3004
70.3004
70.3004
72.428
70.3004
70.3004
70.3004
72.428
72.428
72.428
70.3004
72.428
70.3004
70.3004
70.3004
72.428
70.3004
70.3004
70.3004
70.3004
70.3004
70.3004
70.3004
70.3004
70.3004
70.3004
70.3004
70.3004
70.3004
72.428
70.3004
72.428
72.428
70.3004
70.3004
72.428
70.3004
70.3004
72.428
70.3004
70.3004
70.3004
70.3004
72.428
70.3004
70.3004
70.3004
70.3004
70.3004
70.3004
70.3004
70.3004
72.428
72.428
70.3004
70.3004
70.3004
70.3004
70.3004
72.428
70.3004
70.3004
70.3004
70.3004
70.3004
70.3004
70.3004
70.3004
70.3004
70.3004
70.3004
70.3004
70.3004
70.3004
70.3004
70.3004
70.3004
70.3004
70.3004
70.3004
70.3004
70.3004
70.3004
70.3004
70.3004
70.3004
70.3004
70.3004
70.3004
70.3004
70.3004
70.3004
70.3004
70.3004
70.3004
70.3004
70.3004
70.3004
70.3004
70.3004
70.3004
70.3004
70.3004
70.3004
70.3004
70.3004
68.1728
70.3004
70.3004
70.3004
70.3004
70.3004
70.3004
70.3004
70.3004
70.3004
70.3004
70.3004
70.3004
70.3004
70.3004
70.3004
70.3004
68.1728
70.3004
68.1728
68.1728
70.3004
70.3004
70.3004
70.3004
70.3004
70.3004
70.3004
68.1728
68.1728
68.1728
70.3004
70.3004
70.3004
68.1728
70.3004
68.1728
68.1728
70.3004
70.3004
70.3004
68.1728
70.3004
70.3004
70.3004
68.1728
68.1728
68.1728
68.1728
70.3004
70.3004
70.3004
68.1728
68.1728
68.1728
68.1728
70.3004
68.1728
68.1728
70.3004
68.1728
68.1728
70.3004
68.1728
68.1728
68.1728
70.3004
68.1728
68.1728
68.1728
68.1728
68.1728
68.1728
68.1728
68.1728
68.1728
68.1728
68.1728
70.3004
70.3004
68.1728
68.1728
68.1728
68.1728
68.1728
68.1728
68.1728
68.1728
68.1728
68.1728
68.1728
68.1728
68.1728
68.1728
68.1728
68.1728
68.1728
68.1728
68.1728
68.1728
68.1728
68.1728
68.1728
68.1728
68.1728
68.1728
68.1728
68.1728
68.1728
66.0452
68.1728
68.1728
68.1728
68.1728
68.1728
68.1728
66.0452
68.1728
68.1728
68.1728
68.1728
68.1728
68.1728
68.1728
68.1728
68.1728
66.0452
68.1728
68.1728
68.1728
66.0452
66.0452
68.1728
68.1728
68.1728
68.1728
68.1728
68.1728
68.1728
68.1728
68.1728
68.1728
68.1728
68.1728
68.1728
68.1728
66.0452
68.1728
66.0452
66.0452
68.1728
66.0452
66.0452
66.0452
68.1728
68.1728
68.1728
68.1728
59.6624
2.21458
0
0
0
0
0
2.21458
0
0
0
0
0
2.21458
0
0
0
0
2.21458
0
0
0
0
0
2.21458
0
0
0
2.21458
2.21458
0
0
0
0
2.21458
2.21458
0
0
0
2.21458
2.21458
0
0
0
0
2.21458
2.21458
0
0
0
0
2.21458
2.21458
0
0
0
0
2.21458
2.21458
0
0
0
0
2.21458
2.21458
0
0
0
2.21458
0
0
0
0
0
0
0
2.21458
0
0
0
0
0
2.21458
0
0
0
2.21458
0
0
0
0
0
0
0
0
0
0
0
0
0
0
0
0
0
0
0
0
0
0
0
0
2.21458
0
0
0
0
0
2.21458
0
0
0
0
0
2.21458
0
0
0
0
2.21458
2.21458
2.21458
0
0
2.21458
0
0
0
0
0
0
0
0
0
0
0
2.21458
0
0
0
0
0
0
0
0
0
0
0
2.21458
0
0
0
0
0
2.21458
0
0
0
0
0
2.21458
0
0
0
0
0
0
0
0
0
0
0
2.21458
0
0
0
0
0
2.21458
2.21458
0
0
0
2.21458
0
0
0
0
0
0
0
0
0
0
0
0
0
2.21458
0
0
0
0
2.21458
0
0
0
0
0
0
2.21458
0
0
0
0
2.21458
0
0
0
0
0
2.21458
0
0
0
2.21458
0
0
0
0
0
0
2.21458
0
0
0
0
0
2.21458
0
0
0
0
0
2.21458
0
0
0
0
0
2.21458
0
0
0
2.21458
2.21458
0
0
0
0
2.21458
0
0
0
0
0
2.21458
0
0
0
0
0
2.21458
0
0
0
0
0
2.21458
0
0
0
0
0
2.21458
0
0
0
0
2.21458
2.21458
0
0
0
0
2.21458
0
0
0
0
0
0
0
0
0
0
0
2.21458
0
0
0
0
0
2.21458
0
0
0
0
0
2.21458
0
0
0
0
0
2.21458
0
0
0
0
0
2.21458
0
0
0
0
2.21458
0
0
0
0
0
2.21458
0
0
0
0
2.21458
2.21458
0
0
0
0
2.21458
2.21458
0
0
0
2.21458
0
0
0
0
0
0
0
0
0
0
0
2.21458
0
0
0
0
0
2.21458
0
0
0
0
0
2.21458
0
0
0
0
0
2.21458
0
0
0
0
0
2.21458
0
0
0
0
0
2.21458
0
0
0
0
2.21458
2.21458
0
0
0
2.21458
2.21458
0
0
0
0
2.21458
2.21458
0
0
0
0
0
0
0
0
0
0
0
0
0
0
0
0
2.21458
0
0
0
0
2.21458
0
0
0
0
0
0
0
0
0
0
0
0
2.21458
0
0
0
0
0
0
0
0
0
0
0
0
0
0
0
0
0
0
0
0
0
0
0
2.21458
0
0
0
0
2.21458
0
0
0
0
0
0
0
0
0
0
0
0
2.21458
0
0
0
0
0
2.21458
0
0
0
0
2.21458
0
0
0
0
2.21458
0
0
0
0
0
0
2.21458
0
0
0
2.21458
2.21458
0
0
0
0
0
2.21458
0
0
0
0
2.21458
0
0
0
0
2.21458
0
0
0
0
2.21458
0
0
0
0
0
0
0
2.21458
0
0
0
0
2.21458
0
0
0
0
0
2.21458
0
0
0
2.21458
2.21458
0
0
0
0
0
2.21458
0
0
0
0
2.21458
0
0
0
0
2.21458
0
0
0
0
0
0
2.21458
0
0
0
0
0
2.21458
0
0
0
2.21458
0
0
0
0
0
0
2.21458
0
0
0
2.21458
0
0
0
0
0
0
2.21458
0
0
0
0
2.21458
0
0
0
0
0
0
2.21458
0
0
0
0
0
2.21458
0
0
0
0
0
2.21458
0
0
0
0
2.21458
2.21458
0
0
0
0
0
0
0
0
0
0
2.21458
0
0
0
0
2.21458
0
0
0
0
0
0
2.21458
0
0
0
0
2.21458
2.21458
0
0
0
0
0
0
0
0
0
0
2.21458
0
0
0
0
2.21458
0
0
0
0
0
0
2.21458
0
0
0
0
0
2.21458
0
0
0
0
2.21458
0
0
0
0
0
0
0
0
0
0
0
0
2.21458
0
0
0
0
2.21458
2.21458
0
0
0
0
2.21458
0
0
0
0
0
2.21458
0
0
0
0
2.21458
2.21458
0
0
0
0
0
2.21458
0
0
0
0
0
2.21458
0
0
0
2.21458
0
0
0
0
0
0
2.21458
0
0
0
0
0
2.21458
0
0
0
0
0
2.21458
0
0
0
0
2.21458
0
0
0
0
0
0
2.21458
0
0
0
0
0
2.21458
0
0
0
0
2.21458
0
0
0
0
0
0
2.21458
0
0
0
0
0
2.21458
0
0
0
0
2.21458
0
0
0
0
0
0
2.21458
0
0
0
0
0
2.21458
0
0
0
0
0
0
0
0
0
0
0
2.21458
0
0
0
0
2.21458
2.21458
0
0
0
0
0
2.21458
0
0
0
0
2.21458
2.21458
0
0
0
2.21458
0
0
0
0
0
0
2.21458
0
0
0
0
0
2.21458
0
0
0
2.21458
0
0
0
0
0
2.21458
0
0
0
0
0
0
2.21458
0
0
0
0
0
2.21458
0
0
0
0
2.21458
2.21458
0
0
0
0
0
0
0
0
0
0
2.21458
0
0
0
0
0
0
2.21458
0
0
0
0
2.21458
2.21458
0
0
0
0
0
2.21458
0
0
0
0
2.21458
0
0
0
0
2.21458
0
0
0
0
0
2.21458
0
0
0
0
2.21458
0
0
0
0
0
0
2.21458
0
0
0
0
0
2.21458
0
0
0
0
2.21458
0
0
0
0
0
0
2.21458
0
0
0
0
2.21458
0
0
0
0
0
2.21458
0
0
0
0
0
2.21458
0
0
0
0
0
0
0
0
0
0
0
2.21458
0
0
0
0
2.21458
2.21458
0
0
0
0
2.21458
0
0
0
0
2.21458
0
0
0
0
0
0
2.21458
0
0
0
0
2.21458
0
0
0
0
0
0
0
0
0
0
0
2.21458
0
0
0
0
2.21458
0
0
0
0
2.21458
2.21458
0
0
0
0
0
0
0
0
0
0
2.21458
0
0
0
0
2.21458
2.21458
0
0
0
0
2.21458
0
0
0
0
0
2.21458
0
0
0
0
0
2.21458
0
0
0
0
2.21458
0
0
0
0
2.21458
2.21458
0
0
0
0
2.21458
0
0
0
0
0
0
2.21458
0
0
0
0
0
2.21458
0
0
0
2.21458
0
0
0
0
0
0
2.21458
0
0
0
0
0
2.21458
0
0
0
0
0
2.21458
0
0
0
0
0
2.21458
0
0
0
0
0
2.21458
0
0
0
0
2.21458
0
0
0
0
0
2.21458
0
0
0
2.21458
0
0
0
0
0
2.21458
2.21458
0
0
0
0
0
0
0
0
0
0
2.21458
0
0
0
0
0
2.21458
0
0
0
0
0
2.21458
0
0
0
2.21458
2.21458
0
0
0
0
0
0
0
0
0
0
0
2.21458
0
0
0
0
2.21458
0
0
0
0
0
0
0
0
0
0
0
2.21458
0
0
0
0
2.21458
0
0
0
0
2.21458
2.21458
0
0
0
0
2.21458
0
0
0
0
0
0
2.21458
0
0
0
0
2.21458
0
0
0
0
0
2.21458
0
0
0
0
0
2.21458
0
0
0
0
2.21458
2.21458
0
0
0
0
2.21458
2.21458
0
0
0
0
0
0
0
0
0
0
2.21458
0
0
0
0
2.21458
0
0
0
0
0
2.21458
0
0
0
0
2.21458
2.21458
0
0
0
0
2.21458
2.21458
0
0
0
0
0
0
0
0
0
0
0
2.21458
0
0
0
0
2.21458
0
0
0
0
0
2.21458
0
0
0
0
0
70.3004
742.328
742.328
108.596
108.596
108.596
108.596
108.596
108.596
76.6831
76.6831
76.6831
76.6831
76.6831
76.6831
78.8107
78.8107
76.6831
76.6831
76.6831
76.6831
78.8107
78.8107
76.6831
76.6831
76.6831
76.6831
76.6831
76.6831
78.8107
78.8107
76.6831
76.6831
78.8107
78.8107
76.6831
76.6831
76.6831
76.6831
74.5555
76.6831
74.5555
74.5555
74.5555
76.6831
74.5555
74.5555
76.6831
76.6831
74.5555
76.6831
76.6831
74.5555
74.5555
76.6831
76.6831
74.5555
76.6831
76.6831
74.5555
74.5555
76.6831
74.5555
74.5555
74.5555
74.5555
76.6831
74.5555
74.5555
74.5555
74.5555
74.5555
74.5555
74.5555
74.5555
74.5555
74.5555
74.5555
74.5555
76.6831
74.5555
74.5555
76.6831
74.5555
74.5555
76.6831
74.5555
76.6831
76.6831
74.5555
74.5555
76.6831
74.5555
76.6831
74.5555
74.5555
76.6831
76.6831
76.6831
74.5555
74.5555
76.6831
76.6831
74.5555
76.6831
76.6831
74.5555
76.6831
76.6831
74.5555
74.5555
74.5555
76.6831
76.6831
76.6831
76.6831
74.5555
74.5555
76.6831
76.6831
76.6831
76.6831
76.6831
74.5555
76.6831
74.5555
74.5555
74.5555
74.5555
76.6831
76.6831
76.6831
76.6831
74.5555
76.6831
74.5555
74.5555
74.5555
74.5555
76.6831
74.5555
76.6831
74.5555
74.5555
76.6831
74.5555
74.5555
74.5555
76.6831
74.5555
74.5555
76.6831
76.6831
74.5555
76.6831
74.5555
74.5555
74.5555
74.5555
74.5555
74.5555
76.6831
74.5555
74.5555
74.5555
74.5555
76.6831
74.5555
74.5555
74.5555
74.5555
74.5555
74.5555
74.5555
74.5555
74.5555
74.5555
74.5555
74.5555
74.5555
74.5555
74.5555
74.5555
74.5555
74.5555
74.5555
74.5555
74.5555
74.5555
74.5555
76.6831
76.6831
74.5555
74.5555
74.5555
74.5555
72.428
74.5555
74.5555
74.5555
72.428
74.5555
74.5555
74.5555
74.5555
74.5555
74.5555
72.428
72.428
74.5555
74.5555
72.428
74.5555
72.428
72.428
74.5555
74.5555
72.428
74.5555
74.5555
72.428
74.5555
74.5555
74.5555
74.5555
72.428
74.5555
72.428
72.428
74.5555
74.5555
72.428
74.5555
72.428
74.5555
74.5555
72.428
74.5555
72.428
72.428
74.5555
74.5555
72.428
74.5555
72.428
74.5555
74.5555
72.428
74.5555
72.428
74.5555
74.5555
72.428
74.5555
72.428
72.428
72.428
72.428
72.428
74.5555
72.428
72.428
72.428
74.5555
72.428
72.428
72.428
72.428
72.428
72.428
72.428
74.5555
74.5555
72.428
72.428
72.428
72.428
72.428
72.428
72.428
72.428
72.428
72.428
72.428
72.428
72.428
72.428
72.428
72.428
72.428
72.428
72.428
72.428
72.428
72.428
72.428
72.428
72.428
72.428
72.428
72.428
72.428
72.428
72.428
72.428
72.428
70.3004
72.428
72.428
72.428
72.428
70.3004
72.428
72.428
72.428
70.3004
72.428
72.428
72.428
72.428
72.428
72.428
72.428
72.428
72.428
72.428
72.428
72.428
72.428
72.428
72.428
72.428
72.428
72.428
72.428
72.428
72.428
72.428
72.428
72.428
72.428
72.428
70.3004
70.3004
70.3004
70.3004
70.3004
72.428
70.3004
70.3004
70.3004
72.428
70.3004
70.3004
70.3004
72.428
70.3004
70.3004
70.3004
70.3004
70.3004
70.3004
70.3004
72.428
70.3004
70.3004
72.428
70.3004
70.3004
70.3004
70.3004
70.3004
70.3004
72.428
70.3004
70.3004
70.3004
70.3004
70.3004
70.3004
70.3004
70.3004
70.3004
70.3004
70.3004
70.3004
70.3004
70.3004
70.3004
70.3004
70.3004
70.3004
70.3004
70.3004
70.3004
70.3004
70.3004
70.3004
70.3004
70.3004
70.3004
68.1728
70.3004
70.3004
70.3004
70.3004
70.3004
70.3004
68.1728
70.3004
70.3004
70.3004
70.3004
70.3004
68.1728
70.3004
70.3004
70.3004
70.3004
68.1728
70.3004
70.3004
68.1728
70.3004
68.1728
68.1728
70.3004
70.3004
68.1728
70.3004
68.1728
68.1728
70.3004
68.1728
70.3004
70.3004
68.1728
70.3004
70.3004
70.3004
68.1728
70.3004
68.1728
70.3004
70.3004
68.1728
70.3004
70.3004
68.1728
70.3004
68.1728
68.1728
68.1728
70.3004
68.1728
68.1728
70.3004
68.1728
70.3004
68.1728
70.3004
68.1728
68.1728
68.1728
70.3004
68.1728
68.1728
68.1728
68.1728
68.1728
68.1728
70.3004
68.1728
68.1728
68.1728
68.1728
68.1728
68.1728
68.1728
68.1728
70.3004
68.1728
68.1728
68.1728
68.1728
68.1728
68.1728
68.1728
68.1728
68.1728
68.1728
68.1728
68.1728
68.1728
68.1728
68.1728
68.1728
68.1728
68.1728
68.1728
68.1728
68.1728
68.1728
68.1728
68.1728
68.1728
68.1728
68.1728
66.0452
68.1728
68.1728
68.1728
68.1728
68.1728
68.1728
68.1728
66.0452
68.1728
68.1728
68.1728
68.1728
66.0452
68.1728
68.1728
68.1728
68.1728
66.0452
66.0452
68.1728
68.1728
68.1728
68.1728
68.1728
68.1728
68.1728
68.1728
66.0452
68.1728
68.1728
66.0452
68.1728
68.1728
66.0452
68.1728
66.0452
68.1728
68.1728
68.1728
68.1728
68.1728
66.0452
68.1728
66.0452
68.1728
68.1728
66.0452
46.8965
0
0
2.21458
0
0
0
0
0
2.21458
0
0
0
0
2.21458
0
0
0
0
0
0
2.21458
0
0
0
0
0
2.21458
0
0
0
2.21458
0
0
0
0
0
0
0
2.21458
0
0
0
0
0
2.21458
0
0
0
0
0
2.21458
0
0
0
0
2.21458
0
0
0
0
2.21458
0
0
0
0
0
0
2.21458
0
0
0
0
0
2.21458
0
0
0
0
0
0
0
0
0
0
0
2.21458
2.21458
0
0
0
2.21458
0
0
0
0
0
2.21458
0
0
0
0
0
0
2.21458
0
0
0
2.21458
2.21458
0
0
0
0
2.21458
0
0
0
0
0
0
2.21458
0
0
0
0
2.21458
0
0
0
0
2.21458
0
0
0
0
0
0
2.21458
0
0
0
0
0
2.21458
0
0
0
0
2.21458
0
0
0
0
0
0
0
0
0
0
0
2.21458
0
0
0
0
0
2.21458
0
0
0
2.21458
0
0
0
0
0
0
2.21458
0
0
0
0
0
2.21458
0
0
0
0
2.21458
2.21458
2.21458
0
0
0
2.21458
0
0
0
0
0
2.21458
0
0
0
2.21458
0
0
0
0
0
0
0
0
0
0
0
0
2.21458
0
0
0
0
2.21458
0
0
0
0
0
0
0
0
0
0
2.21458
0
0
0
0
0
2.21458
0
0
0
0
0
2.21458
0
0
0
0
0
0
0
0
0
0
2.21458
0
0
0
0
0
2.21458
0
0
0
0
2.21458
2.21458
0
0
0
0
0
2.21458
0
0
0
0
2.21458
0
0
0
0
2.21458
2.21458
0
0
0
0
0
2.21458
0
0
0
0
2.21458
0
0
0
0
2.21458
0
0
0
0
2.21458
0
0
0
0
0
2.21458
0
0
0
0
0
2.21458
0
0
0
0
0
0
2.21458
0
0
0
0
0
2.21458
0
0
0
2.21458
0
0
0
0
0
2.21458
0
0
0
0
0
2.21458
0
0
0
0
0
2.21458
0
0
0
0
0
2.21458
0
0
0
0
2.21458
0
0
0
0
0
0
2.21458
0
0
0
0
0
2.21458
0
0
0
0
0
2.21458
0
0
0
0
2.21458
2.21458
0
0
0
0
2.21458
0
0
0
0
0
2.21458
0
0
0
0
0
2.21458
0
0
0
0
0
2.21458
0
0
0
0
2.21458
2.21458
0
0
0
0
0
2.21458
0
0
0
2.21458
0
0
0
0
0
0
0
2.21458
0
0
0
0
2.21458
0
0
0
0
0
2.21458
0
0
0
0
2.21458
0
0
0
0
0
0
2.21458
0
0
0
0
2.21458
0
0
0
0
0
0
2.21458
0
0
0
2.21458
0
0
0
0
0
0
2.21458
0
0
0
0
0
0
0
0
0
0
2.21458
0
0
0
0
0
0
2.21458
0
0
0
0
2.21458
0
0
0
0
0
2.21458
0
0
0
0
2.21458
0
0
0
0
0
0
0
0
0
0
0
2.21458
0
0
0
0
0
0
0
0
0
2.21458
2.21458
0
0
0
0
0
2.21458
0
0
0
0
0
2.21458
0
0
0
0
0
2.21458
0
0
0
0
0
0
0
0
0
0
0
0
0
0
2.21458
2.21458
0
0
0
0
0
2.21458
0
0
0
0
0
0
2.21458
0
0
0
2.21458
2.21458
0
0
0
0
0
2.21458
0
0
0
0
2.21458
0
0
0
0
0
2.21458
0
0
0
0
2.21458
0
0
0
0
0
2.21458
0
0
0
0
0
0
2.21458
0
0
0
2.21458
0
0
0
0
0
0
2.21458
0
0
0
0
2.21458
0
0
0
0
0
0
2.21458
0
0
0
2.21458
0
0
0
0
0
0
2.21458
0
0
0
0
2.21458
0
0
0
0
0
0
2.21458
0
0
0
0
2.21458
0
0
0
0
0
2.21458
0
0
0
0
2.21458
0
0
0
2.21458
0
0
0
0
0
0
0
2.21458
0
0
0
0
2.21458
0
0
0
0
0
2.21458
0
0
0
0
0
0
0
0
0
2.21458
0
0
0
0
0
0
2.21458
0
0
0
0
0
2.21458
0
0
0
0
2.21458
0
0
0
0
0
0
0
0
0
0
2.21458
2.21458
0
0
0
0
2.21458
0
0
0
0
0
2.21458
0
0
0
0
2.21458
2.21458
2.21458
0
0
2.21458
0
0
0
0
0
2.21458
0
0
0
0
0
0
2.21458
0
0
0
0
0
2.21458
0
0
0
0
0
2.21458
0
0
0
0
0
0
0
0
0
2.21458
0
0
0
0
0
0
2.21458
0
0
0
2.21458
0
0
0
0
0
0
2.21458
0
0
0
0
0
0
0
0
0
0
2.21458
0
0
0
0
0
2.21458
0
0
0
0
2.21458
0
0
0
0
0
2.21458
2.21458
0
0
0
0
0
2.21458
0
0
0
0
0
0
0
0
0
2.21458
0
0
0
0
0
0
2.21458
0
0
0
0
0
2.21458
0
0
0
2.21458
0
0
0
0
0
0
2.21458
2.21458
0
0
0
0
0
0
0
0
0
2.21458
0
0
0
0
2.21458
0
0
0
0
0
0
0
0
0
0
0
0
0
0
0
0
0
0
2.21458
0
0
0
0
0
0
0
0
0
0
2.21458
0
0
0
0
2.21458
2.21458
0
0
0
0
2.21458
0
0
0
0
2.21458
0
0
0
0
2.21458
0
0
0
0
0
0
2.21458
0
0
0
2.21458
2.21458
0
0
0
0
0
0
0
0
0
0
0
0
0
0
0
0
2.21458
2.21458
2.21458
2.21458
2.21458
0
2.21458
0
0
0
2.21458
2.21458
0
0
0
0
0
0
0
0
0
0
0
2.21458
0
0
0
0
0
2.21458
0
0
0
0
0
0
0
0
0
0
2.21458
2.21458
2.21458
2.21458
2.21458
2.21458
0
0
0
0
2.21458
0
0
0
0
0
0
2.21458
0
0
0
0
0
2.21458
0
0
0
0
2.21458
0
0
0
0
0
0
2.21458
0
0
0
0
2.21458
0
0
0
0
0
2.21458
0
0
0
2.21458
2.21458
2.21458
2.21458
0
0
0
0
0
0
0
0
0
2.21458
0
0
0
0
0
2.21458
0
0
0
0
0
2.21458
0
0
0
0
2.21458
2.21458
0
0
0
0
2.21458
2.21458
0
0
0
0
2.21458
0
0
0
0
0
2.21458
0
0
0
0
2.21458
0
0
0
0
2.21458
2.21458
0
0
0
0
0
0
0
0
0
0
2.21458
2.21458
0
0
0
0
0
0
0
0
0
0
2.21458
0
0
0
0
0
2.21458
0
0
0
0
2.21458
0
0
0
0
0
2.21458
0
0
0
0
0
0
0
0
0
0
2.21458
0
0
0
0
2.21458
2.21458
0
0
0
0
0
2.21458
0
0
0
0
0
0
2.21458
0
0
0
2.21458
2.21458
0
0
0
0
0
2.21458
0
0
0
0
0
2.21458
0
0
0
0
0
2.21458
0
0
0
0
4.34235
14.9811
14.9811
17.1089
14.9811
14.9811
14.9811
17.1089
14.9811
14.9811
14.9811
14.9811
17.1089
14.9811
14.9811
17.1089
17.1089
14.9811
14.9811
14.9811
0
0
0
2.21458
0
0
0
0
0
0
0
0
0
0
0
2.21458
0
0
0
2.21458
0
0
0
0
0
0
2.21458
0
0
0
0
0
2.21458
0
0
0
0
2.21458
0
0
0
0
0
0
2.21458
0
0
0
0
0
2.21458
0
0
0
0
2.21458
0
0
0
0
0
2.21458
0
0
0
0
2.21458
2.21458
0
0
0
0
2.21458
2.21458
0
0
0
0
0
0
0
0
0
0
2.21458
0
0
0
0
0
2.21458
0
0
0
0
0
2.21458
0
0
0
0
0
2.21458
0
0
0
0
0
2.21458
0
0
0
2.21458
2.21458
346.838
935.747
95.831
83.0658
83.0658
78.8107
78.8107
78.8107
78.8107
76.6831
76.6831
76.6831
76.6831
76.6831
78.8107
78.8107
78.8107
78.8107
76.6831
78.8107
76.6831
76.6831
78.8107
78.8107
76.6831
78.8107
78.8107
76.6831
78.8107
78.8107
78.8107
76.6831
78.8107
78.8107
78.8107
78.8107
78.8107
76.6831
76.6831
76.6831
76.6831
76.6831
76.6831
76.6831
76.6831
74.5555
76.6831
76.6831
76.6831
76.6831
76.6831
76.6831
76.6831
74.5555
76.6831
74.5555
76.6831
76.6831
74.5555
74.5555
74.5555
74.5555
76.6831
74.5555
74.5555
74.5555
74.5555
76.6831
74.5555
74.5555
74.5555
74.5555
74.5555
76.6831
76.6831
74.5555
74.5555
74.5555
74.5555
76.6831
76.6831
74.5555
76.6831
76.6831
76.6831
74.5555
76.6831
74.5555
74.5555
76.6831
76.6831
76.6831
76.6831
76.6831
76.6831
74.5555
76.6831
76.6831
76.6831
76.6831
74.5555
76.6831
76.6831
76.6831
76.6831
76.6831
76.6831
76.6831
76.6831
74.5555
76.6831
74.5555
74.5555
76.6831
74.5555
74.5555
74.5555
76.6831
74.5555
74.5555
76.6831
76.6831
76.6831
74.5555
76.6831
76.6831
74.5555
76.6831
74.5555
74.5555
74.5555
76.6831
74.5555
76.6831
76.6831
74.5555
76.6831
74.5555
74.5555
76.6831
74.5555
74.5555
74.5555
74.5555
76.6831
74.5555
76.6831
76.6831
74.5555
76.6831
74.5555
74.5555
74.5555
76.6831
74.5555
76.6831
74.5555
74.5555
76.6831
74.5555
76.6831
76.6831
74.5555
74.5555
74.5555
74.5555
74.5555
74.5555
74.5555
76.6831
76.6831
74.5555
74.5555
74.5555
74.5555
74.5555
74.5555
76.6831
74.5555
74.5555
74.5555
74.5555
76.6831
76.6831
74.5555
74.5555
74.5555
74.5555
74.5555
74.5555
74.5555
74.5555
74.5555
72.428
74.5555
74.5555
74.5555
74.5555
74.5555
74.5555
72.428
72.428
74.5555
74.5555
74.5555
74.5555
74.5555
74.5555
72.428
74.5555
74.5555
72.428
74.5555
74.5555
72.428
72.428
74.5555
74.5555
74.5555
74.5555
74.5555
72.428
74.5555
74.5555
74.5555
72.428
74.5555
74.5555
72.428
72.428
74.5555
72.428
72.428
72.428
74.5555
72.428
74.5555
74.5555
74.5555
74.5555
72.428
72.428
72.428
74.5555
72.428
72.428
74.5555
74.5555
72.428
74.5555
72.428
72.428
72.428
72.428
74.5555
74.5555
74.5555
72.428
72.428
72.428
72.428
72.428
74.5555
72.428
74.5555
74.5555
72.428
72.428
74.5555
72.428
72.428
72.428
74.5555
72.428
72.428
72.428
72.428
74.5555
72.428
72.428
72.428
72.428
72.428
72.428
72.428
72.428
72.428
72.428
72.428
72.428
70.3004
72.428
72.428
72.428
72.428
72.428
72.428
72.428
72.428
72.428
72.428
72.428
70.3004
72.428
72.428
72.428
72.428
72.428
72.428
72.428
72.428
72.428
72.428
72.428
72.428
70.3004
72.428
72.428
72.428
72.428
70.3004
72.428
72.428
72.428
72.428
70.3004
72.428
72.428
72.428
70.3004
72.428
70.3004
70.3004
72.428
72.428
72.428
72.428
72.428
72.428
70.3004
70.3004
70.3004
72.428
70.3004
72.428
70.3004
70.3004
72.428
70.3004
70.3004
70.3004
70.3004
72.428
70.3004
72.428
70.3004
70.3004
72.428
70.3004
72.428
72.428
70.3004
70.3004
70.3004
70.3004
70.3004
70.3004
70.3004
70.3004
70.3004
70.3004
70.3004
70.3004
70.3004
70.3004
70.3004
70.3004
70.3004
70.3004
70.3004
70.3004
70.3004
70.3004
70.3004
70.3004
70.3004
70.3004
70.3004
70.3004
70.3004
70.3004
70.3004
70.3004
70.3004
70.3004
70.3004
70.3004
70.3004
70.3004
70.3004
70.3004
70.3004
68.1728
72.428
70.3004
70.3004
70.3004
70.3004
70.3004
70.3004
70.3004
70.3004
70.3004
70.3004
70.3004
70.3004
70.3004
70.3004
70.3004
70.3004
70.3004
70.3004
68.1728
68.1728
70.3004
70.3004
70.3004
70.3004
68.1728
70.3004
70.3004
70.3004
70.3004
68.1728
70.3004
70.3004
68.1728
68.1728
70.3004
70.3004
70.3004
70.3004
70.3004
68.1728
68.1728
68.1728
70.3004
70.3004
68.1728
68.1728
68.1728
70.3004
70.3004
70.3004
70.3004
68.1728
70.3004
68.1728
70.3004
70.3004
68.1728
70.3004
68.1728
68.1728
68.1728
70.3004
68.1728
68.1728
68.1728
70.3004
68.1728
70.3004
70.3004
68.1728
70.3004
68.1728
70.3004
70.3004
68.1728
68.1728
68.1728
68.1728
68.1728
70.3004
68.1728
68.1728
68.1728
70.3004
68.1728
68.1728
70.3004
70.3004
68.1728
68.1728
70.3004
70.3004
68.1728
68.1728
68.1728
68.1728
68.1728
68.1728
68.1728
68.1728
68.1728
70.3004
68.1728
68.1728
68.1728
68.1728
68.1728
68.1728
68.1728
68.1728
68.1728
68.1728
68.1728
68.1728
68.1728
68.1728
68.1728
68.1728
68.1728
68.1728
68.1728
68.1728
68.1728
68.1728
68.1728
68.1728
68.1728
66.0452
68.1728
68.1728
68.1728
68.1728
68.1728
68.1728
66.0452
68.1728
68.1728
68.1728
68.1728
68.1728
68.1728
68.1728
68.1728
68.1728
66.0452
66.0452
68.1728
68.1728
66.0452
66.0452
68.1728
68.1728
68.1728
68.1728
68.1728
68.1728
68.1728
68.1728
68.1728
68.1728
68.1728
68.1728
66.0452
66.0452
66.0452
68.1728
68.1728
66.0452
68.1728
68.1728
68.1728
68.1728
66.0452
66.0452
66.0452
68.1728
66.0452
66.0452
66.0452
68.1728
51.1518
0
0
0
0
0
0
2.21458
0
0
0
0
2.21458
2.21458
2.21458
0
0
0
2.21458
0
0
0
0
0
0
0
0
2.21458
0
0
2.21458
0
0
0
0
0
2.21458
0
0
0
0
0
0
2.21458
0
0
0
0
0
0
0
0
0
2.21458
2.21458
0
0
0
0
0
2.21458
0
0
0
0
0
0
0
0
0
0
0
2.21458
0
0
0
0
0
2.21458
0
0
0
0
0
2.21458
0
0
0
0
0
0
0
0
0
0
2.21458
2.21458
0
0
0
0
0
2.21458
0
0
0
0
0
2.21458
0
0
0
0
2.21458
2.21458
0
0
0
0
0
2.21458
0
0
0
0
0
0
0
0
0
0
0
2.21458
0
0
0
0
0
0
0
0
0
0
2.21458
2.21458
0
0
0
0
0
2.21458
0
0
0
0
0
0
0
0
0
0
2.21458
2.21458
0
0
0
0
0
2.21458
0
0
0
0
0
0
0
0
0
0
0
2.21458
0
0
0
0
0
2.21458
0
0
0
0
0
2.21458
2.21458
0
0
0
0
2.21458
0
0
0
0
0
0
0
0
0
0
0
2.21458
2.21458
0
0
0
0
0
0
0
0
0
0
0
0
0
0
0
0
2.21458
0
0
0
0
0
2.21458
0
0
0
0
0
2.21458
0
0
0
0
0
2.21458
0
0
0
0
0
0
0
0
0
0
2.21458
0
0
0
0
0
0
0
0
0
0
0
0
0
0
0
0
0
0
0
0
0
0
0
0
0
0
0
0
0
0
0
0
0
0
0
0
0
0
0
0
0
0
0
0
0
2.21458
0
0
0
0
0
0
2.21458
0
0
0
0
0
2.21458
0
0
0
0
2.21458
0
0
0
0
0
0
2.21458
0
0
0
0
0
0
0
0
0
0
0
2.21458
0
0
0
0
2.21458
0
0
0
0
2.21458
2.21458
0
0
0
0
0
2.21458
0
0
0
0
2.21458
2.21458
0
0
0
0
0
0
0
0
0
0
2.21458
2.21458
0
0
0
0
0
2.21458
0
0
0
0
2.21458
2.21458
0
0
0
0
0
2.21458
0
0
0
0
0
2.21458
0
0
0
0
0
2.21458
2.21458
0
0
0
0
2.21458
0
0
0
0
0
2.21458
0
0
0
0
0
2.21458
0
0
0
0
2.21458
0
0
0
0
0
2.21458
0
0
0
0
0
2.21458
0
0
0
0
2.21458
0
0
0
0
0
2.21458
0
0
0
0
0
2.21458
0
0
0
2.21458
2.21458
0
0
0
0
0
0
0
0
0
0
2.21458
2.21458
0
0
0
0
0
2.21458
0
0
0
2.21458
2.21458
0
0
0
0
0
2.21458
0
0
0
0
0
2.21458
0
0
0
0
2.21458
0
0
0
0
2.21458
0
0
0
0
0
2.21458
0
0
0
0
2.21458
0
0
0
0
0
2.21458
0
0
0
0
0
0
0
0
0
0
0
0
2.21458
0
0
0
0
0
2.21458
0
0
0
0
0
2.21458
0
0
0
0
2.21458
0
0
0
0
0
2.21458
0
0
0
0
0
2.21458
0
0
0
0
0
2.21458
0
0
0
0
0
2.21458
0
0
0
0
2.21458
0
0
0
0
0
2.21458
0
0
0
0
0
2.21458
0
0
0
0
2.21458
2.21458
0
0
0
0
0
2.21458
0
0
0
2.21458
0
0
0
0
0
0
2.21458
0
0
0
2.21458
0
0
0
0
0
0
2.21458
0
0
0
0
2.21458
0
0
0
0
0
0
2.21458
0
0
0
0
2.21458
0
0
0
0
2.21458
2.21458
0
0
0
0
0
2.21458
0
0
0
0
0
2.21458
0
0
0
0
2.21458
0
0
0
0
2.21458
2.21458
0
0
0
0
2.21458
0
0
0
0
2.21458
2.21458
0
0
0
0
0
0
0
0
0
2.21458
0
0
0
0
0
0
2.21458
0
0
0
0
2.21458
2.21458
0
0
0
0
0
2.21458
0
0
0
2.21458
0
0
0
0
0
0
2.21458
0
0
0
0
2.21458
2.21458
0
0
0
0
0
2.21458
0
0
0
0
0
2.21458
0
0
0
0
0
2.21458
0
0
0
0
0
0
0
0
0
2.21458
2.21458
0
0
0
0
0
2.21458
0
0
0
2.21458
0
0
0
0
0
0
2.21458
0
0
0
0
2.21458
0
0
0
0
0
2.21458
0
0
0
0
0
2.21458
0
0
0
0
2.21458
0
0
0
0
0
2.21458
0
0
0
0
0
2.21458
0
0
0
0
0
0
0
0
0
0
0
2.21458
0
0
0
0
2.21458
0
0
0
0
0
2.21458
0
0
0
0
0
0
0
0
0
0
2.21458
2.21458
0
0
0
0
2.21458
0
0
0
0
0
2.21458
0
0
0
0
0
0
0
0
0
0
2.21458
0
0
0
0
0
2.21458
0
0
0
0
0
2.21458
0
0
0
0
2.21458
0
0
0
0
0
2.21458
0
0
0
0
0
2.21458
0
0
0
0
2.21458
0
0
0
0
0
2.21458
0
0
0
2.21458
2.21458
0
0
0
0
0
0
0
0
0
0
2.21458
2.21458
0
0
0
0
2.21458
0
0
0
0
2.21458
0
0
0
0
0
0
2.21458
0
0
0
0
2.21458
0
0
0
0
0
2.21458
0
0
0
0
8.59787
8.59787
14.9811
14.9811
14.9811
14.9811
14.9811
0
0
0
0
0
0
2.21458
0
0
0
0
0
2.21458
0
0
0
0
2.21458
0
0
0
0
0
2.21458
0
0
0
0
0
2.21458
0
0
0
0
0
2.21458
0
0
0
0
0
0
0
0
0
0
0
2.21458
0
0
0
0
0
0
0
0
0
0
0
2.21458
0
0
0
0
0
2.21458
0
0
0
2.21458
2.21458
0
0
0
0
0
2.21458
0
0
0
0
2.21458
2.21458
0
0
0
0
2.21458
0
0
0
0
2.21458
0
0
0
0
0
2.21458
0
0
0
0
2.21458
0
0
0
0
0
0
2.21458
0
0
0
2.21458
2.21458
0
0
0
0
0
2.21458
0
0
0
0
0
2.21458
0
0
0
0
2.21458
0
0
0
0
0
2.21458
0
0
0
0
0
2.21458
0
0
0
2.21458
2.21458
0
0
0
0
0
2.21458
0
0
0
0
2.21458
0
0
0
0
0
0
2.21458
0
0
0
0
0
0
0
0
0
0
0
2.21458
0
0
0
0
0
2.21458
0
0
0
0
2.21458
0
0
0
0
0
2.21458
0
0
0
0
0
0
0
0
0
0
0
2.21458
0
0
0
0
2.21458
0
0
0
0
0
2.21458
0
0
0
0
2.21458
0
0
0
0
0
2.21458
0
0
0
0
2.21458
0
0
0
0
2.21458
2.21458
2.21458
0
0
0
0
2.21458
0
0
0
0
2.21458
0
0
0
0
0
2.21458
0
0
0
0
0
2.21458
0
0
0
0
2.21458
0
0
0
0
0
2.21458
0
0
0
0
0
2.21458
0
0
0
0
0
2.21458
0
0
0
0
2.21458
0
0
0
0
0
2.21458
0
0
0
0
0
2.21458
0
0
0
0
2.21458
2.21458
0
0
0
0
0
2.21458
0
0
0
2.21458
0
0
0
0
0
0
2.21458
0
0
0
0
2.21458
0
0
0
0
0
0
2.21458
0
0
0
2.21458
0
0
0
0
0
0
2.21458
863.487
157.527
157.527
85.1933
78.8107
78.8107
76.6831
78.8107
78.8107
76.6831
76.6831
76.6831
76.6831
78.8107
76.6831
76.6831
78.8107
76.6831
76.6831
76.6831
78.8107
78.8107
76.6831
76.6831
78.8107
76.6831
78.8107
78.8107
76.6831
76.6831
76.6831
78.8107
80.9382
80.9382
78.8107
78.8107
76.6831
76.6831
74.5555
74.5555
78.8107
76.6831
74.5555
76.6831
76.6831
74.5555
74.5555
76.6831
76.6831
76.6831
74.5555
74.5555
74.5555
76.6831
76.6831
76.6831
76.6831
76.6831
76.6831
76.6831
74.5555
74.5555
76.6831
74.5555
76.6831
76.6831
74.5555
74.5555
74.5555
74.5555
74.5555
74.5555
74.5555
74.5555
74.5555
74.5555
74.5555
74.5555
74.5555
76.6831
74.5555
76.6831
76.6831
76.6831
74.5555
74.5555
76.6831
76.6831
74.5555
74.5555
76.6831
74.5555
76.6831
76.6831
74.5555
76.6831
76.6831
76.6831
74.5555
76.6831
76.6831
74.5555
74.5555
76.6831
76.6831
76.6831
76.6831
76.6831
74.5555
76.6831
76.6831
76.6831
76.6831
74.5555
76.6831
74.5555
74.5555
74.5555
76.6831
76.6831
76.6831
76.6831
76.6831
74.5555
76.6831
76.6831
76.6831
76.6831
74.5555
76.6831
74.5555
74.5555
74.5555
76.6831
74.5555
76.6831
76.6831
76.6831
76.6831
74.5555
76.6831
74.5555
74.5555
74.5555
74.5555
76.6831
74.5555
76.6831
74.5555
74.5555
76.6831
74.5555
76.6831
74.5555
74.5555
74.5555
76.6831
74.5555
74.5555
74.5555
76.6831
74.5555
74.5555
74.5555
74.5555
74.5555
74.5555
74.5555
76.6831
76.6831
74.5555
74.5555
74.5555
74.5555
76.6831
76.6831
74.5555
74.5555
74.5555
74.5555
74.5555
74.5555
74.5555
74.5555
74.5555
74.5555
74.5555
74.5555
74.5555
74.5555
74.5555
74.5555
72.428
74.5555
74.5555
74.5555
74.5555
74.5555
72.428
74.5555
74.5555
74.5555
74.5555
74.5555
74.5555
74.5555
74.5555
72.428
74.5555
74.5555
74.5555
74.5555
74.5555
74.5555
74.5555
72.428
72.428
72.428
74.5555
74.5555
72.428
72.428
72.428
74.5555
72.428
74.5555
72.428
72.428
74.5555
72.428
72.428
74.5555
72.428
72.428
74.5555
72.428
72.428
74.5555
74.5555
72.428
72.428
72.428
72.428
72.428
72.428
72.428
74.5555
72.428
72.428
74.5555
72.428
72.428
72.428
72.428
72.428
72.428
72.428
72.428
72.428
72.428
72.428
72.428
72.428
72.428
72.428
72.428
72.428
72.428
72.428
72.428
72.428
72.428
72.428
72.428
72.428
72.428
72.428
72.428
72.428
72.428
72.428
72.428
72.428
72.428
72.428
72.428
72.428
72.428
72.428
72.428
72.428
72.428
72.428
70.3004
70.3004
72.428
72.428
72.428
72.428
72.428
72.428
72.428
70.3004
70.3004
70.3004
72.428
72.428
70.3004
72.428
70.3004
70.3004
72.428
70.3004
72.428
72.428
72.428
72.428
70.3004
72.428
72.428
72.428
70.3004
72.428
70.3004
70.3004
70.3004
72.428
70.3004
72.428
72.428
72.428
70.3004
72.428
70.3004
70.3004
70.3004
72.428
70.3004
70.3004
70.3004
70.3004
70.3004
72.428
70.3004
70.3004
70.3004
70.3004
72.428
70.3004
72.428
70.3004
70.3004
72.428
70.3004
70.3004
72.428
72.428
70.3004
70.3004
72.428
70.3004
70.3004
70.3004
72.428
70.3004
72.428
72.428
70.3004
70.3004
70.3004
70.3004
70.3004
70.3004
70.3004
70.3004
72.428
70.3004
70.3004
70.3004
70.3004
70.3004
70.3004
70.3004
70.3004
70.3004
70.3004
70.3004
70.3004
70.3004
70.3004
70.3004
70.3004
70.3004
70.3004
68.1728
68.1728
70.3004
70.3004
70.3004
70.3004
70.3004
70.3004
70.3004
70.3004
68.1728
70.3004
70.3004
70.3004
70.3004
70.3004
70.3004
70.3004
70.3004
70.3004
68.1728
70.3004
70.3004
70.3004
70.3004
68.1728
70.3004
68.1728
68.1728
70.3004
70.3004
70.3004
68.1728
68.1728
70.3004
68.1728
70.3004
70.3004
70.3004
70.3004
70.3004
68.1728
70.3004
70.3004
70.3004
70.3004
68.1728
70.3004
70.3004
70.3004
68.1728
70.3004
68.1728
70.3004
70.3004
70.3004
68.1728
70.3004
68.1728
68.1728
68.1728
70.3004
68.1728
70.3004
70.3004
70.3004
68.1728
70.3004
68.1728
70.3004
70.3004
68.1728
68.1728
70.3004
68.1728
68.1728
70.3004
68.1728
68.1728
70.3004
68.1728
68.1728
68.1728
70.3004
68.1728
70.3004
70.3004
68.1728
68.1728
70.3004
68.1728
68.1728
68.1728
70.3004
68.1728
68.1728
68.1728
68.1728
68.1728
70.3004
68.1728
68.1728
68.1728
68.1728
68.1728
68.1728
68.1728
68.1728
68.1728
68.1728
68.1728
68.1728
68.1728
68.1728
68.1728
68.1728
68.1728
68.1728
68.1728
68.1728
68.1728
68.1728
68.1728
68.1728
68.1728
68.1728
68.1728
68.1728
68.1728
68.1728
68.1728
68.1728
68.1728
68.1728
68.1728
66.0452
68.1728
68.1728
68.1728
68.1728
68.1728
68.1728
66.0452
66.0452
68.1728
68.1728
68.1728
66.0452
68.1728
68.1728
68.1728
68.1728
68.1728
68.1728
68.1728
66.0452
68.1728
68.1728
68.1728
66.0452
68.1728
68.1728
68.1728
68.1728
68.1728
68.1728
68.1728
68.1728
68.1728
68.1728
66.0452
66.0452
68.1728
68.1728
68.1728
66.0452
68.1728
66.0452
0
0
0
0
2.21458
0
0
0
2.21458
2.21458
0
0
0
0
0
0
0
0
0
0
0
2.21458
0
0
0
0
0
2.21458
0
0
0
2.21458
0
0
0
0
0
0
2.21458
2.21458
0
0
0
2.21458
0
0
0
0
0
2.21458
0
0
0
0
0
2.21458
0
0
0
0
2.21458
2.21458
0
0
0
0
2.21458
0
0
0
0
0
2.21458
0
0
0
0
0
2.21458
0
0
0
0
0
0
0
0
0
0
2.21458
0
0
0
0
2.21458
0
0
0
0
0
0
0
0
0
0
0
0
2.21458
0
0
0
0
0
2.21458
0
0
0
2.21458
0
0
0
0
0
0
0
0
0
0
0
2.21458
0
0
0
0
0
2.21458
0
0
0
0
0
2.21458
0
0
0
0
2.21458
2.21458
0
0
0
0
0
0
0
0
0
0
2.21458
0
0
0
0
0
2.21458
0
0
0
0
2.21458
2.21458
0
0
0
0
0
2.21458
0
0
0
0
2.21458
0
0
0
0
0
0
2.21458
0
0
0
0
0
0
0
0
0
2.21458
0
0
0
0
0
0
2.21458
0
0
0
0
2.21458
0
0
0
0
0
2.21458
0
0
0
0
2.21458
0
0
0
0
0
0
0
0
0
0
0
0
2.21458
0
0
0
2.21458
2.21458
0
0
0
0
0
2.21458
2.21458
0
0
0
0
2.21458
0
0
0
0
2.21458
0
0
0
0
2.21458
0
0
0
0
0
0
2.21458
0
0
0
0
2.21458
0
0
0
0
0
2.21458
2.21458
0
0
0
0
2.21458
0
0
0
2.21458
2.21458
0
0
0
0
0
2.21458
0
0
0
0
2.21458
0
0
0
0
2.21458
2.21458
0
0
0
0
2.21458
0
0
0
0
0
0
2.21458
0
0
0
0
0
2.21458
0
0
0
0
0
2.21458
0
0
0
0
2.21458
2.21458
0
0
0
0
2.21458
0
0
0
0
0
2.21458
0
0
0
0
0
2.21458
0
0
0
0
0
0
0
0
0
0
0
2.21458
0
0
0
0
2.21458
0
0
0
0
2.21458
2.21458
0
0
0
0
2.21458
0
0
0
0
0
2.21458
0
0
0
0
0
2.21458
0
0
0
0
0
0
0
0
0
0
2.21458
0
0
0
0
0
2.21458
0
0
0
0
2.21458
0
0
0
0
0
2.21458
0
0
0
0
0
2.21458
0
0
0
0
2.21458
0
0
0
0
0
2.21458
0
0
0
0
0
2.21458
0
0
0
0
0
2.21458
0
0
0
0
0
2.21458
0
0
0
0
0
2.21458
0
0
0
0
0
2.21458
0
0
0
0
0
2.21458
0
0
0
0
0
2.21458
0
0
0
0
0
2.21458
0
0
0
0
0
2.21458
0
0
0
0
2.21458
0
0
0
0
0
2.21458
0
0
0
0
0
0
2.21458
0
0
0
0
2.21458
0
0
0
0
0
2.21458
0
0
0
0
0
2.21458
0
0
0
2.21458
0
0
0
0
0
0
2.21458
0
0
0
0
2.21458
0
0
0
0
0
2.21458
0
0
0
0
0
2.21458
0
0
0
2.21458
0
0
0
0
0
0
2.21458
0
0
0
0
2.21458
0
0
0
0
0
2.21458
0
0
0
0
0
2.21458
0
0
0
0
0
0
2.21458
0
0
0
0
2.21458
0
0
0
0
0
2.21458
0
0
0
0
0
2.21458
0
0
0
0
2.21458
0
0
0
0
0
2.21458
0
0
0
0
0
2.21458
0
0
0
0
0
2.21458
0
0
0
0
0
2.21458
0
0
0
0
2.21458
0
0
0
0
0
0
2.21458
0
0
0
2.21458
0
0
0
0
0
0
2.21458
0
0
0
0
2.21458
0
0
0
0
0
0
2.21458
0
0
0
0
0
0
0
0
2.21458
0
0
0
0
0
0
2.21458
0
0
0
0
0
2.21458
0
0
0
0
2.21458
2.21458
0
0
0
0
0
2.21458
0
0
0
0
2.21458
0
0
0
0
0
2.21458
0
0
0
0
2.21458
0
0
0
0
2.21458
0
0
0
0
0
0
0
0
0
0
0
0
2.21458
0
0
0
0
2.21458
0
0
0
0
0
2.21458
0
0
0
0
0
0
0
0
0
0
2.21458
0
0
0
0
0
0
0
0
0
0
0
2.21458
0
0
0
0
0
2.21458
0
0
0
0
2.21458
0
0
0
0
0
0
2.21458
0
0
0
0
2.21458
0
0
0
0
2.21458
0
0
0
0
0
0
0
0
0
0
2.21458
0
0
0
0
2.21458
0
0
0
0
0
2.21458
0
0
0
0
0
2.21458
0
0
0
0
0
2.21458
0
0
0
0
0
2.21458
0
0
0
0
0
2.21458
0
0
0
0
0
2.21458
0
0
0
0
2.21458
0
0
0
0
2.21458
0
0
0
0
0
2.21458
0
0
0
0
0
0
2.21458
0
0
0
0
0
2.21458
0
0
0
0
0
0
0
0
0
0
0
2.21458
2.21458
2.21458
2.21458
0
0
0
0
0
0
0
2.21458
0
0
0
0
0
0
0
0
0
0
0
0
0
0
0
0
0
0
0
0
0
0
0
0
0
0
0
0
2.21458
0
0
0
0
0
0
0
0
0
2.21458
0
0
0
0
0
0
2.21458
0
0
0
0
0
2.21458
0
0
0
0
0
2.21458
0
0
0
0
2.21458
0
0
0
0
0
0
0
0
0
0
0
2.21458
0
0
0
0
2.21458
0
0
0
0
0
2.21458
0
0
0
0
0
2.21458
0
0
0
0
2.21458
0
0
0
0
2.21458
0
0
0
0
0
0
0
0
0
0
0
0
2.21458
0
0
0
0
0
2.21458
0
0
0
0
0
2.21458
0
0
0
2.21458
0
0
0
0
0
2.21458
0
0
0
0
0
2.21458
0
0
0
0
0
2.21458
0
0
0
0
0
2.21458
0
0
0
0
0
2.21458
0
0
0
2.21458
0
0
0
0
0
0
2.21458
2.21458
0
0
0
2.21458
0
0
0
0
0
0
2.21458
0
0
0
0
0
2.21458
0
0
0
2.21458
0
0
0
0
0
0
2.21458
0
0
0
0
2.21458
0
0
0
0
0
2.21458
0
0
0
0
0
2.21458
0
0
0
0
0
2.21458
0
0
0
0
0
2.21458
0
0
0
0
0
2.21458
0
0
0
0
0
2.21458
0
0
0
0
0
2.21458
0
0
0
0
2.21458
0
0
0
0
0
0
2.21458
0
0
0
0
2.21458
0
0
0
0
0
2.21458
0
0
0
0
0
2.21458
0
0
0
0
0
2.21458
0
0
0
0
2.21458
0
0
0
0
0
2.21458
2.21458
0
0
0
0
0
2.21458
0
0
0
0
2.21458
0
0
0
0
0
2.21458
0
0
0
0
0
2.21458
0
0
0
2.21458
0
0
0
0
0
0
2.21458
0
0
0
0
2.21458
0
0
0
0
0
2.21458
0
0
0
0
0
2.21458
0
0
0
0
2.21458
0
0
0
0
0
0
0
0
0
0
0
2.21458
0
0
0
0
0
2.21458
0
0
0
0
0
2.21458
0
0
0
0
0
2.21458
0
0
0
0
2.21458
0
0
0
0
0
0
2.21458
0
0
0
0
0
2.21458
0
0
0
0
0
2.21458
0
0
0
0
2.21458
0
0
0
0
2.21458
0
0
0
0
0
2.21458
2.21458
0
0
0
0
0
2.21458
0
0
0
0
2.21458
2.21458
0
0
0
0
0
2.21458
0
0
0
2.21458
0
0
0
0
0
0
2.21458
0
0
0
0
0
2.21458
0
0
0
0
0
2.21458
0
0
0
0
0
331.95
944.248
93.7035
83.0658
83.0658
83.0658
78.8107
76.6831
76.6831
76.6831
76.6831
76.6831
78.8107
76.6831
76.6831
78.8107
78.8107
78.8107
76.6831
78.8107
76.6831
78.8107
78.8107
78.8107
76.6831
78.8107
78.8107
76.6831
78.8107
76.6831
76.6831
80.9382
78.8107
78.8107
78.8107
78.8107
78.8107
78.8107
76.6831
76.6831
76.6831
76.6831
76.6831
76.6831
76.6831
74.5555
76.6831
76.6831
76.6831
78.8107
76.6831
76.6831
76.6831
76.6831
76.6831
76.6831
76.6831
76.6831
76.6831
76.6831
76.6831
74.5555
76.6831
76.6831
76.6831
74.5555
76.6831
76.6831
74.5555
74.5555
76.6831
76.6831
74.5555
74.5555
74.5555
74.5555
74.5555
74.5555
74.5555
76.6831
74.5555
74.5555
74.5555
76.6831
74.5555
74.5555
76.6831
74.5555
74.5555
76.6831
76.6831
74.5555
74.5555
76.6831
74.5555
76.6831
74.5555
76.6831
76.6831
74.5555
76.6831
76.6831
74.5555
76.6831
76.6831
76.6831
74.5555
76.6831
74.5555
76.6831
76.6831
74.5555
76.6831
76.6831
74.5555
76.6831
74.5555
76.6831
74.5555
76.6831
76.6831
74.5555
76.6831
74.5555
76.6831
74.5555
74.5555
76.6831
76.6831
76.6831
74.5555
76.6831
74.5555
76.6831
74.5555
74.5555
74.5555
74.5555
74.5555
76.6831
74.5555
74.5555
76.6831
74.5555
76.6831
76.6831
74.5555
74.5555
74.5555
74.5555
76.6831
74.5555
74.5555
74.5555
76.6831
74.5555
74.5555
74.5555
76.6831
74.5555
74.5555
74.5555
74.5555
76.6831
74.5555
74.5555
74.5555
74.5555
74.5555
76.6831
74.5555
74.5555
74.5555
74.5555
74.5555
74.5555
74.5555
76.6831
74.5555
74.5555
74.5555
74.5555
74.5555
74.5555
74.5555
74.5555
74.5555
74.5555
74.5555
74.5555
74.5555
74.5555
72.428
74.5555
74.5555
74.5555
74.5555
74.5555
72.428
72.428
74.5555
74.5555
74.5555
74.5555
74.5555
74.5555
74.5555
74.5555
74.5555
74.5555
72.428
74.5555
74.5555
72.428
74.5555
72.428
74.5555
74.5555
74.5555
72.428
74.5555
72.428
74.5555
74.5555
72.428
74.5555
72.428
72.428
72.428
74.5555
72.428
74.5555
72.428
74.5555
72.428
74.5555
72.428
72.428
72.428
74.5555
72.428
74.5555
72.428
74.5555
74.5555
72.428
72.428
74.5555
72.428
72.428
72.428
72.428
72.428
74.5555
72.428
74.5555
72.428
72.428
72.428
74.5555
72.428
72.428
72.428
72.428
72.428
72.428
72.428
74.5555
72.428
72.428
72.428
74.5555
74.5555
72.428
72.428
72.428
72.428
72.428
72.428
72.428
72.428
72.428
72.428
72.428
72.428
72.428
72.428
72.428
72.428
72.428
72.428
72.428
72.428
72.428
72.428
72.428
72.428
72.428
72.428
72.428
72.428
72.428
72.428
72.428
70.3004
70.3004
72.428
72.428
72.428
70.3004
72.428
70.3004
70.3004
72.428
70.3004
72.428
70.3004
72.428
70.3004
70.3004
72.428
70.3004
72.428
72.428
72.428
72.428
72.428
70.3004
72.428
72.428
70.3004
72.428
70.3004
70.3004
72.428
70.3004
72.428
72.428
72.428
72.428
72.428
70.3004
72.428
70.3004
70.3004
72.428
70.3004
72.428
70.3004
72.428
72.428
70.3004
72.428
70.3004
72.428
70.3004
70.3004
72.428
72.428
70.3004
72.428
70.3004
72.428
70.3004
70.3004
70.3004
70.3004
72.428
70.3004
70.3004
70.3004
70.3004
70.3004
70.3004
70.3004
72.428
70.3004
70.3004
70.3004
70.3004
70.3004
70.3004
70.3004
70.3004
70.3004
70.3004
70.3004
70.3004
70.3004
70.3004
70.3004
70.3004
70.3004
70.3004
70.3004
70.3004
70.3004
70.3004
70.3004
68.1728
70.3004
70.3004
70.3004
70.3004
70.3004
70.3004
70.3004
70.3004
68.1728
68.1728
70.3004
70.3004
70.3004
70.3004
70.3004
70.3004
70.3004
70.3004
68.1728
70.3004
70.3004
68.1728
70.3004
70.3004
70.3004
68.1728
70.3004
70.3004
70.3004
70.3004
70.3004
70.3004
68.1728
70.3004
70.3004
70.3004
70.3004
68.1728
68.1728
70.3004
68.1728
70.3004
70.3004
70.3004
70.3004
68.1728
70.3004
70.3004
70.3004
68.1728
68.1728
70.3004
68.1728
70.3004
70.3004
68.1728
68.1728
70.3004
68.1728
68.1728
70.3004
68.1728
70.3004
70.3004
68.1728
68.1728
70.3004
68.1728
70.3004
68.1728
68.1728
68.1728
70.3004
68.1728
68.1728
70.3004
68.1728
68.1728
68.1728
68.1728
68.1728
68.1728
68.1728
68.1728
68.1728
68.1728
70.3004
68.1728
68.1728
68.1728
68.1728
68.1728
68.1728
70.3004
68.1728
68.1728
68.1728
68.1728
68.1728
68.1728
68.1728
68.1728
68.1728
68.1728
70.3004
68.1728
68.1728
68.1728
68.1728
68.1728
68.1728
68.1728
68.1728
68.1728
68.1728
68.1728
68.1728
68.1728
68.1728
68.1728
68.1728
68.1728
68.1728
68.1728
68.1728
66.0452
68.1728
68.1728
68.1728
68.1728
68.1728
68.1728
66.0452
68.1728
68.1728
68.1728
66.0452
68.1728
68.1728
66.0452
68.1728
68.1728
68.1728
66.0452
68.1728
68.1728
66.0452
68.1728
68.1728
68.1728
66.0452
68.1728
66.0452
68.1728
68.1728
68.1728
66.0452
68.1728
68.1728
68.1728
66.0452
66.0452
68.1728
68.1728
66.0452
68.1728
68.1728
38.3859
38.3859
0
0
2.21458
0
0
0
0
0
0
0
0
0
0
0
2.21458
0
0
0
0
2.21458
0
0
0
0
2.21458
0
0
0
0
0
2.21458
0
0
0
0
0
0
0
0
0
0
0
2.21458
0
0
0
0
2.21458
0
0
0
0
0
2.21458
0
0
0
0
2.21458
0
0
0
0
0
0
0
2.21458
0
0
0
0
2.21458
0
0
0
0
0
2.21458
0
0
0
0
0
2.21458
0
0
0
0
0
2.21458
0
0
0
0
2.21458
0
0
0
0
0
2.21458
0
0
0
0
0
2.21458
0
0
0
0
0
0
0
0
0
0
2.21458
0
0
0
0
2.21458
0
0
0
0
2.21458
0
0
0
0
0
0
2.21458
0
0
0
0
2.21458
0
0
0
0
0
2.21458
0
0
0
0
0
0
2.21458
0
0
0
0
2.21458
0
0
0
0
0
2.21458
0
0
0
0
2.21458
2.21458
0
0
0
0
0
2.21458
0
0
0
2.21458
0
0
0
0
0
0
2.21458
0
0
0
0
2.21458
0
0
0
0
0
0
2.21458
0
0
0
0
2.21458
2.21458
0
0
0
0
2.21458
0
0
0
0
2.21458
0
0
0
0
0
0
2.21458
0
0
0
2.21458
2.21458
0
0
0
0
0
2.21458
0
0
0
0
2.21458
2.21458
0
0
0
0
0
2.21458
0
0
0
0
2.21458
0
0
0
0
2.21458
2.21458
0
0
0
0
0
2.21458
0
0
0
2.21458
2.21458
0
0
0
0
0
2.21458
0
0
0
0
0
2.21458
0
0
0
0
2.21458
0
0
0
0
2.21458
0
0
0
0
0
2.21458
0
0
0
0
0
2.21458
0
0
0
0
0
2.21458
0
0
0
0
2.21458
0
0
0
0
0
0
2.21458
0
0
0
0
0
0
0
0
0
0
2.21458
0
0
0
0
0
2.21458
0
0
0
0
0
0
0
0
0
0
0
2.21458
0
0
0
0
2.21458
0
0
0
0
0
2.21458
0
0
0
0
0
2.21458
0
0
0
0
0
2.21458
0
0
0
0
0
0
0
0
0
0
2.21458
0
0
0
0
0
0
0
0
0
0
2.21458
2.21458
0
0
0
0
2.21458
0
0
0
0
0
0
0
0
0
0
0
2.21458
0
0
0
0
0
2.21458
0
0
0
0
2.21458
0
0
0
0
0
0
2.21458
0
0
0
2.21458
2.21458
0
0
0
0
0
2.21458
0
0
0
0
0
2.21458
0
0
0
0
0
2.21458
0
0
0
0
2.21458
0
0
0
0
0
0
2.21458
0
0
0
0
2.21458
0
0
0
0
0
2.21458
0
0
0
0
2.21458
0
0
0
0
0
2.21458
2.21458
2.21458
2.21458
2.21458
2.21458
2.21458
0
0
0
0
0
0
0
0
0
0
2.21458
0
0
0
0
0
2.21458
2.21458
0
0
2.21458
2.21458
0
0
0
0
0
0
0
0
0
0
0
0
0
0
0
0
2.21458
0
0
0
0
2.21458
2.21458
0
0
0
0
0
2.21458
0
0
0
0
0
2.21458
0
0
0
2.21458
2.21458
0
0
0
0
0
0
0
0
0
0
2.21458
0
0
0
0
0
2.21458
0
0
0
0
2.21458
0
0
0
0
0
2.21458
0
0
0
0
0
2.21458
0
0
0
0
0
2.21458
0
0
0
0
0
0
0
0
0
0
2.21458
0
0
0
0
0
2.21458
0
0
0
0
0
2.21458
0
0
0
0
2.21458
0
0
0
0
0
2.21458
0
0
0
0
2.21458
0
0
0
0
0
2.21458
0
0
0
0
2.21458
2.21458
0
0
0
0
0
2.21458
0
0
0
0
0
2.21458
0
0
0
0
0
2.21458
0
0
0
0
2.21458
0
0
0
0
0
2.21458
0
0
0
0
2.21458
0
0
0
0
2.21458
2.21458
0
0
0
0
0
2.21458
0
0
0
0
2.21458
0
0
0
0
2.21458
0
0
0
0
0
0
2.21458
0
0
0
0
0
2.21458
0
0
0
0
2.21458
0
0
0
0
0
2.21458
0
0
0
2.21458
0
0
0
0
0
0
2.21458
0
0
0
0
0
2.21458
0
0
0
0
0
2.21458
0
0
0
0
2.21458
0
0
0
0
0
2.21458
0
0
0
0
0
2.21458
0
0
0
0
0
2.21458
2.21458
0
0
0
2.21458
0
0
0
0
0
2.21458
0
0
0
0
0
2.21458
0
0
0
0
2.21458
0
0
0
0
0
0
2.21458
0
0
0
0
0
2.21458
0
0
0
0
0
2.21458
2.21458
0
0
0
2.21458
0
0
0
0
0
2.21458
0
0
0
0
2.21458
0
0
0
0
2.21458
2.21458
0
0
0
0
0
2.21458
0
0
0
0
0
2.21458
0
0
0
0
0
2.21458
0
0
0
0
0
2.21458
0
0
0
2.21458
0
0
0
0
0
0
2.21458
0
0
0
0
0
2.21458
0
0
0
0
2.21458
0
0
0
0
0
2.21458
0
0
0
0
0
2.21458
0
0
0
0
2.21458
0
0
0
0
2.21458
0
0
0
0
0
0
2.21458
0
0
0
0
0
2.21458
0
0
0
0
2.21458
0
0
0
0
0
2.21458
0
0
0
0
0
2.21458
0
0
0
0
0
2.21458
0
0
0
0
0
2.21458
2.21458
0
0
0
0
0
0
0
0
0
0
2.21458
0
0
0
0
0
2.21458
0
0
0
0
0
2.21458
0
0
0
0
2.21458
0
0
0
0
0
0
0
0
0
0
0
2.21458
0
0
0
0
0
2.21458
0
0
0
0
2.21458
0
0
0
0
0
0
2.21458
0
0
0
0
2.21458
0
0
0
0
0
0
0
0
0
0
0
0
0
0
0
0
0
2.21458
0
0
0
2.21458
0
0
0
0
0
0
2.21458
0
0
0
0
0
2.21458
0
0
0
0
0
2.21458
0
0
0
0
0
0
0
0
0
0
2.21458
0
0
0
0
0
2.21458
0
0
0
0
0
2.21458
0
0
0
0
0
2.21458
0
0
0
0
0
2.21458
0
0
0
0
2.21458
0
0
0
0
0
0
2.21458
0
0
0
0
2.21458
0
0
0
0
0
2.21458
0
0
0
0
0
2.21458
0
0
0
0
2.21458
0
0
0
0
0
0
2.21458
0
0
0
0
2.21458
0
0
0
0
2.21458
0
0
0
0
0
0
2.21458
0
0
0
0
2.21458
0
0
0
0
2.21458
0
0
0
0
0
0
2.21458
0
0
0
0
0
2.21458
0
0
0
0
2.21458
0
0
0
0
0
2.21458
0
0
0
0
0
2.21458
0
0
0
0
2.21458
0
0
0
0
2.21458
0
0
0
0
0
0
2.21458
0
0
0
0
2.21458
0
0
0
0
0
0
0
0
0
0
0
0
0
0
0
0
0
2.21458
0
0
0
0
2.21458
0
0
0
0
0
2.21458
0
0
0
0
2.21458
0
0
0
0
0
0
2.21458
0
0
0
0
2.21458
0
0
0
0
0
0
0
0
0
0
0
2.21458
0
0
0
0
0
2.21458
0
0
0
0
2.21458
0
0
0
0
0
0
2.21458
0
0
0
0
0
2.21458
0
0
0
0
0
2.21458
0
0
0
0
0
2.21458
0
0
0
0
0
2.21458
0
0
0
0
0
2.21458
0
0
0
0
0
2.21458
0
0
0
0
2.21458
0
0
0
0
0
0
2.21458
0
0
0
2.21458
0
0
0
0
0
0
2.21458
0
0
0
0
0
2.21458
0
0
0
0
0
2.21458
0
0
0
0
2.21458
0
0
0
0
0
0
2.21458
0
0
0
0
0
2.21458
0
0
0
0
2.21458
0
0
0
0
0
0
2.21458
0
0
0
0
0
2.21458
0
0
0
0
2.21458
0
0
0
0
0
2.21458
0
0
899.618
861.361
85.1933
85.1933
78.8107
78.8107
78.8107
78.8107
76.6831
76.6831
78.8107
78.8107
76.6831
78.8107
76.6831
76.6831
78.8107
78.8107
76.6831
76.6831
76.6831
78.8107
76.6831
78.8107
78.8107
76.6831
76.6831
76.6831
78.8107
78.8107
78.8107
78.8107
78.8107
78.8107
78.8107
78.8107
78.8107
76.6831
76.6831
76.6831
76.6831
76.6831
76.6831
76.6831
76.6831
76.6831
76.6831
76.6831
78.8107
76.6831
76.6831
76.6831
78.8107
76.6831
76.6831
76.6831
76.6831
76.6831
76.6831
76.6831
74.5555
74.5555
76.6831
74.5555
76.6831
76.6831
74.5555
76.6831
74.5555
74.5555
76.6831
74.5555
76.6831
74.5555
74.5555
74.5555
74.5555
76.6831
74.5555
76.6831
76.6831
76.6831
74.5555
74.5555
76.6831
76.6831
76.6831
76.6831
76.6831
76.6831
76.6831
76.6831
76.6831
76.6831
76.6831
76.6831
76.6831
76.6831
76.6831
76.6831
76.6831
76.6831
74.5555
76.6831
76.6831
76.6831
76.6831
76.6831
74.5555
76.6831
76.6831
76.6831
76.6831
76.6831
76.6831
76.6831
76.6831
74.5555
76.6831
74.5555
76.6831
76.6831
74.5555
76.6831
76.6831
76.6831
76.6831
74.5555
76.6831
76.6831
76.6831
76.6831
76.6831
76.6831
74.5555
76.6831
74.5555
76.6831
76.6831
74.5555
74.5555
74.5555
76.6831
74.5555
76.6831
74.5555
76.6831
74.5555
74.5555
74.5555
76.6831
74.5555
76.6831
76.6831
76.6831
76.6831
76.6831
76.6831
76.6831
76.6831
76.6831
76.6831
76.6831
76.6831
76.6831
76.6831
76.6831
74.5555
76.6831
76.6831
76.6831
74.5555
74.5555
76.6831
76.6831
74.5555
74.5555
74.5555
74.5555
76.6831
74.5555
74.5555
76.6831
74.5555
74.5555
76.6831
74.5555
74.5555
74.5555
74.5555
74.5555
74.5555
74.5555
74.5555
74.5555
74.5555
74.5555
74.5555
74.5555
74.5555
74.5555
74.5555
74.5555
74.5555
74.5555
74.5555
74.5555
74.5555
74.5555
74.5555
74.5555
74.5555
74.5555
74.5555
74.5555
72.428
74.5555
74.5555
72.428
74.5555
74.5555
74.5555
74.5555
72.428
74.5555
74.5555
74.5555
72.428
74.5555
74.5555
72.428
74.5555
72.428
74.5555
74.5555
72.428
72.428
74.5555
72.428
72.428
74.5555
74.5555
72.428
74.5555
72.428
74.5555
74.5555
72.428
74.5555
72.428
74.5555
72.428
74.5555
74.5555
74.5555
72.428
72.428
72.428
72.428
74.5555
74.5555
72.428
72.428
74.5555
72.428
74.5555
72.428
72.428
72.428
72.428
74.5555
72.428
72.428
74.5555
74.5555
72.428
72.428
72.428
74.5555
72.428
72.428
72.428
74.5555
72.428
72.428
72.428
72.428
72.428
72.428
72.428
72.428
72.428
72.428
72.428
72.428
72.428
72.428
74.5555
72.428
72.428
72.428
70.3004
72.428
72.428
74.5555
74.5555
72.428
72.428
72.428
72.428
72.428
72.428
72.428
72.428
70.3004
72.428
72.428
70.3004
72.428
70.3004
70.3004
72.428
72.428
72.428
72.428
70.3004
70.3004
72.428
72.428
70.3004
72.428
70.3004
72.428
70.3004
72.428
72.428
72.428
70.3004
72.428
70.3004
72.428
70.3004
72.428
72.428
70.3004
70.3004
70.3004
72.428
70.3004
70.3004
72.428
70.3004
70.3004
70.3004
72.428
70.3004
70.3004
70.3004
70.3004
70.3004
70.3004
70.3004
70.3004
70.3004
70.3004
70.3004
70.3004
70.3004
70.3004
70.3004
70.3004
70.3004
70.3004
70.3004
70.3004
70.3004
70.3004
70.3004
72.428
70.3004
70.3004
70.3004
70.3004
70.3004
70.3004
70.3004
70.3004
70.3004
70.3004
70.3004
70.3004
70.3004
70.3004
70.3004
70.3004
70.3004
70.3004
70.3004
70.3004
70.3004
70.3004
70.3004
70.3004
70.3004
68.1728
70.3004
70.3004
70.3004
70.3004
70.3004
68.1728
70.3004
70.3004
70.3004
68.1728
68.1728
70.3004
70.3004
68.1728
70.3004
70.3004
70.3004
68.1728
70.3004
70.3004
70.3004
68.1728
68.1728
70.3004
68.1728
70.3004
70.3004
70.3004
70.3004
70.3004
68.1728
70.3004
68.1728
68.1728
70.3004
68.1728
70.3004
70.3004
68.1728
68.1728
70.3004
68.1728
70.3004
70.3004
68.1728
70.3004
68.1728
70.3004
70.3004
70.3004
68.1728
70.3004
68.1728
70.3004
70.3004
68.1728
68.1728
70.3004
68.1728
70.3004
70.3004
68.1728
68.1728
70.3004
68.1728
70.3004
70.3004
68.1728
68.1728
70.3004
68.1728
68.1728
68.1728
68.1728
70.3004
68.1728
68.1728
70.3004
70.3004
68.1728
68.1728
68.1728
68.1728
68.1728
68.1728
68.1728
68.1728
68.1728
68.1728
68.1728
70.3004
68.1728
68.1728
68.1728
68.1728
68.1728
68.1728
68.1728
68.1728
68.1728
68.1728
68.1728
68.1728
68.1728
68.1728
68.1728
68.1728
68.1728
68.1728
68.1728
68.1728
68.1728
68.1728
68.1728
68.1728
68.1728
68.1728
68.1728
68.1728
68.1728
68.1728
66.0452
68.1728
68.1728
68.1728
68.1728
68.1728
68.1728
66.0452
68.1728
68.1728
68.1728
68.1728
66.0452
68.1728
68.1728
68.1728
66.0452
68.1728
68.1728
66.0452
66.0452
68.1728
68.1728
68.1728
66.0452
68.1728
68.1728
66.0452
68.1728
66.0452
68.1728
68.1728
66.0452
63.9176
0
0
0
0
2.21458
2.21458
0
0
0
0
0
2.21458
0
0
0
0
0
0
2.21458
0
0
0
0
2.21458
0
0
0
0
2.21458
2.21458
0
0
0
0
2.21458
2.21458
0
0
0
0
2.21458
0
0
0
0
0
2.21458
0
0
0
0
2.21458
0
0
0
0
0
0
2.21458
0
0
0
0
2.21458
0
0
0
0
0
2.21458
0
0
0
0
0
2.21458
0
0
0
0
0
0
0
0
0
0
2.21458
0
0
0
0
0
2.21458
0
0
0
0
0
2.21458
0
0
0
0
0
2.21458
0
0
0
0
2.21458
0
0
0
0
0
0
2.21458
0
0
0
0
0
2.21458
0
0
0
0
2.21458
2.21458
0
0
0
0
2.21458
2.21458
2.21458
0
0
0
2.21458
0
0
0
0
0
0
0
0
0
0
2.21458
2.21458
0
0
0
0
2.21458
0
0
0
0
0
2.21458
0
0
0
0
0
2.21458
2.21458
0
0
0
0
0
2.21458
0
0
0
0
0
0
0
0
0
0
0
2.21458
0
0
0
0
2.21458
2.21458
0
0
0
2.21458
2.21458
0
0
0
0
0
0
0
0
0
0
0
2.21458
2.21458
2.21458
0
0
0
0
0
0
0
0
0
2.21458
0
0
0
0
0
2.21458
0
0
0
0
0
2.21458
0
0
0
0
0
0
0
0
0
0
0
0
0
0
0
2.21458
0
0
0
0
0
0
0
0
0
0
0
2.21458
0
0
0
0
0
0
0
0
0
0
0
0
0
0
0
0
2.21458
0
0
0
0
0
2.21458
0
0
0
0
0
2.21458
2.21458
0
0
0
0
2.21458
0
0
0
0
0
0
0
0
0
2.21458
0
0
0
0
0
2.21458
0
0
0
0
0
0
0
0
0
0
0
2.21458
0
0
0
0
0
2.21458
0
0
0
0
0
2.21458
0
0
0
0
0
0
0
0
0
0
0
2.21458
0
0
0
0
0
0
0
0
0
0
0
2.21458
2.21458
0
0
0
0
2.21458
0
0
0
0
2.21458
2.21458
0
0
0
2.21458
0
0
0
0
0
0
0
0
0
0
0
2.21458
0
0
0
0
2.21458
2.21458
0
0
0
0
0
2.21458
2.21458
0
0
0
0
2.21458
0
0
0
0
0
2.21458
2.21458
0
0
2.21458
0
0
0
0
0
0
0
0
0
0
0
0
2.21458
2.21458
0
0
0
6.47011
6.47011
6.47011
6.47011
14.9811
14.9811
17.1089
14.9811
14.9811
17.1089
14.9811
14.9811
14.9811
14.9811
14.9811
14.9811
14.9811
0
0
0
2.21458
2.21458
0
0
0
0
0
0
0
0
0
0
2.21458
0
0
0
0
2.21458
2.21458
0
0
0
2.21458
2.21458
2.21458
0
0
0
0
0
0
0
0
0
0
2.21458
0
0
0
0
0
0
0
0
0
0
0
2.21458
0
0
0
0
0
2.21458
0
0
0
0
0
2.21458
0
0
0
0
0
2.21458
2.21458
2.21458
2.21458
0
0
2.21458
0
0
0
0
0
2.21458
0
0
0
0
2.21458
0
0
0
0
0
2.21458
2.21458
0
0
0
0
2.21458
0
0
0
0
2.21458
0
0
0
0
0
2.21458
0
0
0
0
2.21458
0
0
0
0
0
0
0
0
0
0
0
0
0
0
0
0
0
2.21458
0
0
0
0
0
2.21458
0
0
0
0
0
2.21458
0
0
0
0
0
0
0
0
0
0
0
2.21458
0
0
0
0
0
0
0
0
0
0
0
2.21458
0
0
0
0
2.21458
2.21458
0
0
0
0
0
2.21458
0
0
0
0
0
2.21458
0
0
0
0
0
2.21458
2.21458
0
0
0
0
2.21458
0
0
0
0
0
2.21458
0
0
0
0
0
2.21458
2.21458
0
0
0
0
2.21458
0
0
0
0
2.21458
0
0
0
0
0
0
2.21458
0
0
0
0
0
2.21458
0
0
0
0
0
2.21458
0
0
0
0
0
2.21458
0
0
0
0
2.21458
0
0
0
0
0
0
2.21458
0
0
0
0
2.21458
0
0
0
0
2.21458
0
0
0
0
0
0
0
2.21458
0
0
0
0
0
2.21458
0
0
0
0
2.21458
0
0
0
0
2.21458
0
0
0
0
0
0
2.21458
0
0
0
0
0
0
2.21458
0
0
0
0
0
0
0
0
0
0
0
2.21458
0
0
0
0
0
2.21458
0
0
0
0
0
2.21458
0
0
0
0
0
2.21458
0
0
0
0
0
0
0
0
0
0
0
2.21458
0
0
0
0
0
2.21458
0
0
0
0
2.21458
0
0
0
0
0
0
2.21458
0
0
0
0
0
2.21458
0
0
0
0
0
2.21458
0
0
0
0
0
2.21458
0
0
0
0
0
2.21458
0
0
0
0
0
0
2.21458
0
0
0
0
2.21458
0
0
0
0
0
0
2.21458
0
0
0
0
2.21458
2.21458
0
0
0
0
0
2.21458
0
0
0
0
0
2.21458
0
0
0
0
0
2.21458
0
0
0
0
0
2.21458
0
0
0
0
0
0
0
0
0
0
0
0
0
0
0
0
0
2.21458
0
0
0
0
0
2.21458
0
0
0
0
0
2.21458
0
0
0
0
0
2.21458
0
0
0
2.21458
2.21458
0
0
0
0
0
2.21458
0
0
0
0
0
2.21458
0
0
0
0
0
0
2.21458
0
0
0
0
2.21458
0
0
0
0
0
0
0
0
0
0
0
0
2.21458
0
0
0
0
0
2.21458
0
0
0
0
0
2.21458
0
0
0
0
0
2.21458
0
0
0
0
0
0
0
0
0
0
2.21458
0
0
0
0
0
2.21458
0
0
0
0
0
2.21458
0
0
0
0
0
2.21458
0
0
0
0
0
2.21458
0
0
0
0
0
2.21458
0
0
0
0
0
2.21458
0
0
0
0
0
2.21458
0
0
0
2.21458
2.21458
0
0
0
0
0
2.21458
0
0
0
0
0
2.21458
0
0
0
0
0
2.21458
0
0
0
0
0
2.21458
2.21458
0
0
0
0
2.21458
0
0
0
0
0
2.21458
0
0
0
0
0
2.21458
0
0
0
0
0
0
2.21458
0
0
0
0
0
2.21458
0
0
0
0
2.21458
0
0
0
0
0
2.21458
0
0
0
0
0
2.21458
0
0
0
0
0
0
2.21458
0
0
0
0
2.21458
0
0
0
0
0
0
2.21458
0
0
0
0
2.21458
0
0
0
0
0
2.21458
0
0
0
0
0
2.21458
0
0
0
0
0
0
2.21458
0
0
0
0
0
2.21458
0
0
0
0
0
0
0
0
0
0
2.21458
0
0
0
0
0
2.21458
0
0
0
0
2.21458
0
0
0
0
0
0
2.21458
0
0
0
0
2.21458
2.21458
0
0
0
0
0
2.21458
0
0
0
0
0
0
2.21458
0
0
0
0
0
2.21458
0
0
0
0
0
2.21458
0
0
0
0
0
2.21458
0
0
0
0
0
2.21458
0
0
0
0
2.21458
0
0
0
0
0
0
0
0
0
0
0
2.21458
0
0
0
0
0
2.21458
0
0
0
0
0
2.21458
2.21458
0
0
0
0
2.21458
0
229.853
229.853
961.25
621.151
97.9585
97.9585
80.9382
76.6831
76.6831
76.6831
76.6831
76.6831
76.6831
76.6831
76.6831
76.6831
76.6831
76.6831
76.6831
76.6831
76.6831
76.6831
76.6831
76.6831
76.6831
76.6831
76.6831
76.6831
76.6831
76.6831
76.6831
76.6831
76.6831
78.8107
76.6831
78.8107
76.6831
76.6831
76.6831
74.5555
74.5555
76.6831
76.6831
74.5555
76.6831
74.5555
74.5555
76.6831
74.5555
76.6831
74.5555
74.5555
76.6831
74.5555
76.6831
76.6831
76.6831
76.6831
74.5555
76.6831
74.5555
74.5555
74.5555
74.5555
76.6831
76.6831
76.6831
74.5555
74.5555
74.5555
74.5555
76.6831
74.5555
74.5555
74.5555
74.5555
74.5555
74.5555
74.5555
74.5555
76.6831
74.5555
74.5555
74.5555
76.6831
74.5555
76.6831
76.6831
76.6831
76.6831
76.6831
76.6831
76.6831
76.6831
74.5555
76.6831
76.6831
76.6831
74.5555
76.6831
76.6831
76.6831
76.6831
76.6831
74.5555
74.5555
76.6831
74.5555
76.6831
76.6831
76.6831
74.5555
76.6831
74.5555
74.5555
76.6831
74.5555
76.6831
76.6831
74.5555
76.6831
76.6831
76.6831
76.6831
74.5555
76.6831
76.6831
74.5555
76.6831
76.6831
76.6831
76.6831
76.6831
74.5555
76.6831
76.6831
74.5555
76.6831
74.5555
74.5555
74.5555
74.5555
74.5555
76.6831
76.6831
76.6831
76.6831
74.5555
76.6831
76.6831
76.6831
74.5555
74.5555
76.6831
76.6831
74.5555
74.5555
74.5555
74.5555
74.5555
74.5555
74.5555
74.5555
76.6831
74.5555
74.5555
74.5555
74.5555
74.5555
74.5555
74.5555
74.5555
76.6831
74.5555
74.5555
74.5555
74.5555
74.5555
74.5555
74.5555
74.5555
74.5555
74.5555
74.5555
74.5555
74.5555
74.5555
74.5555
74.5555
74.5555
74.5555
72.428
74.5555
74.5555
74.5555
74.5555
74.5555
74.5555
74.5555
74.5555
74.5555
74.5555
74.5555
74.5555
74.5555
74.5555
74.5555
74.5555
74.5555
72.428
74.5555
74.5555
74.5555
72.428
74.5555
74.5555
74.5555
74.5555
74.5555
72.428
74.5555
74.5555
74.5555
74.5555
74.5555
74.5555
72.428
74.5555
74.5555
74.5555
72.428
74.5555
72.428
74.5555
74.5555
74.5555
72.428
74.5555
74.5555
74.5555
72.428
74.5555
74.5555
72.428
74.5555
74.5555
74.5555
74.5555
72.428
74.5555
74.5555
74.5555
72.428
72.428
72.428
72.428
74.5555
72.428
72.428
72.428
72.428
74.5555
72.428
74.5555
72.428
72.428
74.5555
72.428
72.428
72.428
72.428
74.5555
72.428
72.428
72.428
72.428
72.428
72.428
72.428
72.428
74.5555
72.428
72.428
72.428
72.428
72.428
72.428
72.428
72.428
72.428
72.428
72.428
74.5555
72.428
72.428
72.428
72.428
72.428
72.428
72.428
72.428
72.428
72.428
72.428
72.428
72.428
72.428
72.428
72.428
72.428
72.428
72.428
72.428
70.3004
70.3004
72.428
72.428
72.428
72.428
70.3004
72.428
72.428
72.428
72.428
70.3004
72.428
72.428
72.428
72.428
72.428
70.3004
72.428
72.428
70.3004
72.428
72.428
70.3004
70.3004
72.428
70.3004
72.428
72.428
72.428
70.3004
72.428
72.428
72.428
70.3004
72.428
72.428
72.428
72.428
70.3004
70.3004
70.3004
70.3004
72.428
70.3004
70.3004
70.3004
70.3004
70.3004
72.428
72.428
70.3004
70.3004
72.428
70.3004
70.3004
70.3004
70.3004
70.3004
72.428
72.428
70.3004
70.3004
70.3004
70.3004
70.3004
70.3004
70.3004
70.3004
70.3004
70.3004
70.3004
70.3004
70.3004
70.3004
70.3004
70.3004
70.3004
70.3004
70.3004
70.3004
70.3004
70.3004
70.3004
70.3004
70.3004
70.3004
68.1728
70.3004
70.3004
70.3004
70.3004
70.3004
68.1728
68.1728
70.3004
70.3004
70.3004
70.3004
68.1728
70.3004
70.3004
70.3004
70.3004
70.3004
70.3004
68.1728
70.3004
70.3004
70.3004
68.1728
70.3004
70.3004
70.3004
68.1728
70.3004
70.3004
70.3004
68.1728
70.3004
70.3004
68.1728
70.3004
70.3004
68.1728
68.1728
70.3004
70.3004
70.3004
70.3004
70.3004
68.1728
70.3004
70.3004
70.3004
70.3004
68.1728
70.3004
70.3004
70.3004
68.1728
70.3004
68.1728
68.1728
68.1728
70.3004
68.1728
68.1728
68.1728
70.3004
68.1728
68.1728
68.1728
68.1728
70.3004
70.3004
70.3004
68.1728
68.1728
68.1728
68.1728
68.1728
70.3004
68.1728
68.1728
70.3004
68.1728
70.3004
70.3004
68.1728
68.1728
70.3004
70.3004
68.1728
70.3004
68.1728
70.3004
70.3004
70.3004
70.3004
68.1728
70.3004
68.1728
68.1728
68.1728
68.1728
70.3004
68.1728
68.1728
68.1728
68.1728
68.1728
68.1728
70.3004
70.3004
68.1728
68.1728
68.1728
68.1728
68.1728
68.1728
68.1728
68.1728
68.1728
68.1728
68.1728
68.1728
68.1728
68.1728
68.1728
68.1728
68.1728
68.1728
66.0452
68.1728
68.1728
68.1728
68.1728
68.1728
68.1728
68.1728
66.0452
68.1728
68.1728
68.1728
68.1728
68.1728
68.1728
68.1728
68.1728
68.1728
68.1728
68.1728
68.1728
68.1728
68.1728
68.1728
66.0452
66.0452
68.1728
68.1728
68.1728
68.1728
68.1728
68.1728
66.0452
66.0452
68.1728
68.1728
68.1728
68.1728
68.1728
68.1728
66.0452
66.0452
68.1728
38.3859
0
0
0
0
0
0
0
0
2.21458
0
0
0
0
0
2.21458
0
0
0
0
2.21458
0
0
0
0
0
2.21458
0
0
0
0
0
0
0
0
0
0
0
2.21458
0
0
0
0
0
2.21458
0
0
0
0
2.21458
0
0
0
0
0
0
0
0
0
0
0
0
2.21458
0
0
0
0
0
2.21458
0
0
0
0
0
2.21458
2.21458
0
0
0
0
2.21458
2.21458
0
0
0
0
2.21458
0
0
0
0
2.21458
2.21458
0
0
0
0
0
0
0
0
0
0
0
2.21458
2.21458
0
0
0
0
0
0
0
0
0
0
2.21458
2.21458
0
0
0
2.21458
0
0
0
0
0
0
0
0
0
0
0
2.21458
0
0
0
0
0
2.21458
0
0
0
0
2.21458
0
0
0
0
0
2.21458
0
0
0
0
0
2.21458
0
0
0
0
0
2.21458
0
0
0
0
0
2.21458
0
0
0
0
0
2.21458
0
0
0
0
2.21458
0
0
0
0
0
0
2.21458
0
0
0
0
2.21458
0
0
0
0
0
2.21458
0
0
0
0
0
2.21458
0
0
0
0
0
2.21458
0
0
0
0
2.21458
0
0
0
0
0
2.21458
0
0
0
0
0
2.21458
0
0
0
0
0
2.21458
0
0
0
0
0
2.21458
0
0
0
0
0
2.21458
0
0
0
0
0
2.21458
0
0
0
0
0
2.21458
0
0
0
0
0
2.21458
0
0
0
0
0
2.21458
0
0
0
0
2.21458
0
0
0
0
0
2.21458
0
0
0
0
0
2.21458
0
0
0
0
2.21458
2.21458
0
0
0
0
0
0
0
0
0
0
2.21458
0
0
0
0
0
2.21458
0
0
0
0
2.21458
0
0
0
0
0
2.21458
0
0
0
0
0
0
0
0
0
0
0
0
0
0
0
0
0
2.21458
0
0
0
0
0
2.21458
2.21458
0
0
0
2.21458
0
0
0
0
0
2.21458
0
0
0
0
2.21458
0
0
0
0
0
2.21458
0
0
0
0
0
2.21458
0
0
0
0
0
2.21458
0
0
0
0
0
2.21458
0
0
0
0
0
2.21458
0
0
0
0
0
2.21458
0
0
0
0
0
2.21458
0
0
0
0
2.21458
0
0
0
0
0
2.21458
0
0
0
0
2.21458
0
0
0
0
0
0
2.21458
0
0
0
0
0
2.21458
0
0
0
0
0
2.21458
0
0
0
0
2.21458
0
0
0
0
0
0
2.21458
0
0
0
0
0
0
0
0
0
0
2.21458
2.21458
0
0
0
0
2.21458
0
0
0
0
0
0
0
0
0
0
2.21458
0
0
0
0
0
2.21458
0
0
0
0
0
2.21458
0
0
0
0
0
2.21458
0
0
0
0
0
2.21458
0
0
0
0
2.21458
0
0
0
0
0
2.21458
0
0
0
0
0
2.21458
0
0
0
0
0
2.21458
0
0
0
0
0
0
0
0
0
0
0
0
0
0
0
0
0
2.21458
0
0
0
0
2.21458
0
0
0
0
0
2.21458
0
0
0
0
0
2.21458
0
0
0
0
0
2.21458
0
0
0
0
0
2.21458
0
0
0
0
0
2.21458
0
0
0
2.21458
2.21458
0
0
0
0
0
2.21458
0
0
0
0
0
2.21458
0
0
0
0
0
2.21458
0
0
0
2.21458
2.21458
0
0
0
0
0
0
2.21458
2.21458
0
0
0
2.21458
0
0
0
0
0
2.21458
0
0
0
0
0
2.21458
0
0
0
0
0
2.21458
0
0
0
0
0
2.21458
0
0
0
0
2.21458
2.21458
0
0
0
0
2.21458
0
0
0
0
0
2.21458
0
0
0
0
0
0
0
0
0
0
0
2.21458
2.21458
0
0
0
0
2.21458
2.21458
0
0
0
0
2.21458
0
0
0
0
0
2.21458
0
0
0
0
2.21458
0
0
0
0
0
2.21458
2.21458
0
0
0
0
0
0
0
0
0
0
2.21458
0
0
0
0
0
2.21458
0
0
0
0
0
0
2.21458
2.21458
0
0
0
2.21458
0
0
0
0
0
0
0
0
0
0
0
0
2.21458
2.21458
0
0
0
2.21458
0
0
0
0
0
2.21458
0
0
0
0
0
2.21458
0
0
0
0
0
2.21458
2.21458
0
0
0
0
2.21458
0
0
0
0
0
2.21458
0
0
0
0
0
2.21458
0
0
0
0
0
2.21458
0
0
0
0
2.21458
0
0
0
0
0
2.21458
2.21458
0
0
0
0
0
2.21458
0
0
0
0
0
0
0
0
0
0
0
2.21458
2.21458
0
0
0
0
2.21458
0
0
0
0
0
2.21458
0
0
0
0
2.21458
0
0
0
0
0
2.21458
0
0
0
0
0
2.21458
0
0
0
0
0
2.21458
0
0
0
0
0
2.21458
0
0
0
0
0
2.21458
0
0
0
0
0
2.21458
0
0
0
0
0
2.21458
0
0
0
0
2.21458
0
0
0
0
0
2.21458
0
0
0
0
0
2.21458
0
0
0
0
0
2.21458
0
0
0
0
0
2.21458
0
0
0
0
2.21458
0
0
0
0
0
0
0
0
0
0
0
2.21458
0
0
0
0
0
0
0
0
0
0
2.21458
0
0
0
0
0
0
2.21458
0
0
0
0
0
2.21458
0
0
0
0
2.21458
0
0
0
0
0
2.21458
0
0
0
0
0
2.21458
0
0
0
0
0
2.21458
0
0
0
0
0
2.21458
0
0
0
0
0
2.21458
0
0
0
0
0
2.21458
0
0
0
0
2.21458
2.21458
0
0
0
0
0
2.21458
0
0
0
0
0
2.21458
0
0
0
0
0
2.21458
0
0
0
0
0
2.21458
0
0
0
0
2.21458
2.21458
0
0
0
0
0
0
0
0
0
0
2.21458
0
0
0
0
0
2.21458
0
0
0
0
2.21458
2.21458
0
0
0
0
0
2.21458
0
0
0
0
2.21458
2.21458
0
0
0
0
2.21458
0
0
0
0
2.21458
2.21458
0
0
0
0
0
2.21458
2.21458
0
0
0
0
2.21458
0
0
0
0
0
0
0
0
0
0
2.21458
0
0
0
0
0
0
2.21458
0
0
0
0
0
2.21458
2.21458
0
0
0
2.21458
0
0
0
0
0
2.21458
0
0
0
0
0
0
2.21458
0
0
0
0
2.21458
0
0
0
0
0
0
0
0
0
0
0
0
2.21458
0
0
0
0
0
2.21458
0
0
0
0
0
0
2.21458
0
0
0
0
2.21458
0
0
0
0
0
2.21458
0
0
0
0
0
2.21458
0
0
0
0
0
0
2.21458
0
0
0
0
0
0
0
0
0
0
0
0
0
0
0
0
0
2.21458
2.21458
2.21458
0
0
0
0
0
0
0
0
2.21458
0
0
0
0
0
2.21458
0
0
0
0
2.21458
0
0
0
0
2.21458
2.21458
0
0
0
0
0
2.21458
0
0
0
0
0
0
0
0
0
0
2.21458
2.21458
0
0
0
0
0
2.21458
0
0
0
0
2.21458
2.21458
0
0
0
0
0
2.21458
0
0
0
0
0
0
0
0
0
0
2.21458
0
0
0
0
0
2.21458
2.21458
0
0
0
0
2.21458
0
0
0
0
0
2.21458
2.21458
0
0
0
0
2.21458
0
0
0
0
0
2.21458
0
0
0
0
0
2.21458
0
0
0
0
0
2.21458
0
0
0
0
2.21458
0
0
0
0
0
2.21458
0
0
0
0
0
2.21458
0
0
0
0
0
0
0
0
0
0
0
2.21458
0
0
0
0
0
2.21458
0
0
0
0
0
2.21458
0
0
0
0
0
2.21458
0
0
0
0
0
2.21458
0
0
0
0
0
0
2.21458
0
0
0
0
0
0
0
0
0
0
0
2.21458
0
49.0242
1008
108.596
108.596
83.0658
80.9382
78.8107
76.6831
78.8107
78.8107
78.8107
76.6831
76.6831
76.6831
76.6831
78.8107
76.6831
76.6831
78.8107
78.8107
78.8107
76.6831
76.6831
78.8107
78.8107
78.8107
78.8107
76.6831
78.8107
78.8107
78.8107
78.8107
78.8107
78.8107
80.9382
76.6831
78.8107
78.8107
78.8107
76.6831
76.6831
76.6831
76.6831
76.6831
76.6831
76.6831
76.6831
76.6831
76.6831
76.6831
76.6831
76.6831
76.6831
76.6831
76.6831
76.6831
78.8107
76.6831
76.6831
76.6831
76.6831
76.6831
76.6831
76.6831
76.6831
76.6831
76.6831
76.6831
76.6831
76.6831
74.5555
74.5555
76.6831
76.6831
74.5555
74.5555
74.5555
76.6831
76.6831
76.6831
76.6831
76.6831
74.5555
76.6831
74.5555
74.5555
76.6831
76.6831
74.5555
76.6831
76.6831
76.6831
74.5555
76.6831
76.6831
76.6831
76.6831
74.5555
76.6831
76.6831
74.5555
76.6831
76.6831
76.6831
74.5555
78.8107
76.6831
76.6831
76.6831
76.6831
76.6831
76.6831
74.5555
76.6831
76.6831
76.6831
74.5555
76.6831
76.6831
76.6831
76.6831
76.6831
76.6831
74.5555
76.6831
76.6831
74.5555
76.6831
76.6831
74.5555
74.5555
76.6831
74.5555
76.6831
74.5555
76.6831
74.5555
74.5555
76.6831
74.5555
76.6831
74.5555
74.5555
74.5555
76.6831
74.5555
76.6831
76.6831
74.5555
76.6831
74.5555
76.6831
76.6831
76.6831
74.5555
76.6831
74.5555
74.5555
76.6831
76.6831
74.5555
74.5555
74.5555
74.5555
76.6831
76.6831
74.5555
74.5555
74.5555
74.5555
76.6831
74.5555
74.5555
74.5555
74.5555
74.5555
74.5555
74.5555
74.5555
74.5555
74.5555
74.5555
74.5555
74.5555
74.5555
74.5555
74.5555
74.5555
74.5555
74.5555
74.5555
74.5555
74.5555
74.5555
74.5555
74.5555
74.5555
72.428
74.5555
74.5555
74.5555
74.5555
72.428
74.5555
74.5555
74.5555
74.5555
74.5555
74.5555
74.5555
72.428
74.5555
74.5555
74.5555
74.5555
72.428
74.5555
74.5555
74.5555
74.5555
74.5555
74.5555
74.5555
74.5555
74.5555
74.5555
74.5555
74.5555
74.5555
74.5555
74.5555
74.5555
74.5555
72.428
74.5555
72.428
74.5555
72.428
72.428
72.428
74.5555
72.428
72.428
74.5555
72.428
72.428
74.5555
72.428
72.428
72.428
72.428
72.428
74.5555
72.428
72.428
72.428
72.428
72.428
74.5555
72.428
72.428
74.5555
72.428
72.428
74.5555
72.428
72.428
72.428
74.5555
72.428
72.428
72.428
72.428
72.428
74.5555
72.428
72.428
72.428
72.428
72.428
72.428
72.428
72.428
72.428
72.428
72.428
72.428
72.428
72.428
72.428
72.428
72.428
72.428
72.428
72.428
70.3004
72.428
72.428
72.428
72.428
72.428
70.3004
72.428
72.428
72.428
72.428
70.3004
72.428
72.428
72.428
72.428
72.428
70.3004
72.428
72.428
72.428
72.428
72.428
72.428
72.428
72.428
70.3004
72.428
72.428
72.428
72.428
70.3004
72.428
72.428
72.428
70.3004
72.428
72.428
70.3004
70.3004
70.3004
72.428
70.3004
70.3004
72.428
72.428
72.428
70.3004
72.428
70.3004
72.428
72.428
72.428
70.3004
72.428
70.3004
72.428
72.428
72.428
70.3004
72.428
70.3004
72.428
72.428
72.428
70.3004
72.428
70.3004
70.3004
70.3004
70.3004
72.428
70.3004
70.3004
70.3004
72.428
70.3004
70.3004
72.428
70.3004
72.428
72.428
70.3004
72.428
70.3004
70.3004
70.3004
72.428
70.3004
70.3004
72.428
70.3004
70.3004
70.3004
70.3004
72.428
70.3004
70.3004
70.3004
70.3004
70.3004
72.428
70.3004
70.3004
70.3004
70.3004
70.3004
70.3004
70.3004
72.428
72.428
70.3004
70.3004
70.3004
70.3004
70.3004
70.3004
70.3004
70.3004
70.3004
70.3004
70.3004
70.3004
70.3004
70.3004
70.3004
70.3004
70.3004
70.3004
70.3004
70.3004
70.3004
70.3004
70.3004
70.3004
70.3004
68.1728
70.3004
70.3004
70.3004
70.3004
70.3004
70.3004
68.1728
68.1728
70.3004
70.3004
70.3004
68.1728
70.3004
70.3004
70.3004
70.3004
68.1728
70.3004
70.3004
70.3004
70.3004
68.1728
70.3004
70.3004
70.3004
68.1728
70.3004
70.3004
70.3004
70.3004
70.3004
70.3004
68.1728
70.3004
70.3004
70.3004
70.3004
68.1728
70.3004
70.3004
68.1728
68.1728
68.1728
68.1728
70.3004
68.1728
70.3004
70.3004
68.1728
70.3004
68.1728
68.1728
70.3004
68.1728
68.1728
68.1728
70.3004
68.1728
68.1728
68.1728
68.1728
68.1728
68.1728
68.1728
68.1728
70.3004
70.3004
68.1728
68.1728
68.1728
68.1728
70.3004
70.3004
68.1728
68.1728
68.1728
68.1728
68.1728
68.1728
68.1728
68.1728
68.1728
68.1728
68.1728
68.1728
68.1728
68.1728
68.1728
68.1728
68.1728
68.1728
68.1728
68.1728
68.1728
68.1728
68.1728
68.1728
68.1728
68.1728
68.1728
68.1728
68.1728
68.1728
68.1728
66.0452
68.1728
68.1728
68.1728
68.1728
68.1728
68.1728
66.0452
68.1728
68.1728
68.1728
68.1728
66.0452
68.1728
68.1728
68.1728
68.1728
68.1728
68.1728
66.0452
68.1728
68.1728
68.1728
66.0452
68.1728
68.1728
66.0452
68.1728
68.1728
66.0452
68.1728
68.1728
57.5347
0
0
0
0
2.21458
0
0
0
0
0
2.21458
0
0
0
0
2.21458
0
0
0
0
0
0
0
0
0
0
0
0
2.21458
0
0
0
0
0
2.21458
0
0
0
0
2.21458
0
0
0
0
0
2.21458
0
0
0
0
0
0
2.21458
0
0
0
0
0
0
0
0
0
0
2.21458
0
0
0
0
0
2.21458
0
0
0
0
0
2.21458
0
0
0
0
0
2.21458
0
0
0
0
2.21458
2.21458
0
0
0
0
0
0
0
0
0
0
0
0
2.21458
0
0
0
0
0
2.21458
0
0
0
0
2.21458
0
0
0
0
0
2.21458
0
0
0
0
0
2.21458
0
0
0
0
0
2.21458
0
0
0
0
0
2.21458
0
0
0
0
0
2.21458
0
0
0
0
0
2.21458
0
0
0
0
0
2.21458
0
0
0
0
0
2.21458
0
0
0
0
0
2.21458
0
0
0
0
2.21458
2.21458
0
0
0
0
0
2.21458
0
0
0
0
2.21458
0
0
0
0
0
2.21458
0
0
0
0
0
0
0
0
0
0
0
2.21458
2.21458
0
0
0
0
2.21458
0
0
0
0
0
2.21458
0
0
0
0
0
2.21458
0
0
0
0
2.21458
0
0
0
0
2.21458
2.21458
0
0
0
0
0
2.21458
2.21458
0
0
0
0
2.21458
2.21458
0
0
0
0
2.21458
0
0
0
0
0
2.21458
0
0
0
0
0
2.21458
0
0
0
0
0
0
0
0
0
0
0
0
0
0
0
0
0
2.21458
0
0
0
0
0
2.21458
0
0
0
0
0
2.21458
0
0
0
2.21458
2.21458
0
0
0
0
0
0
0
0
0
0
0
2.21458
0
0
0
0
0
2.21458
0
0
0
0
0
2.21458
0
0
0
0
0
2.21458
0
0
0
0
0
2.21458
0
0
0
0
0
2.21458
0
0
0
0
0
0
0
0
0
0
0
2.21458
0
0
0
0
0
2.21458
0
0
0
0
2.21458
0
0
0
0
0
2.21458
0
0
0
0
2.21458
2.21458
0
0
0
0
0
2.21458
2.21458
0
0
0
0
2.21458
0
0
0
0
0
2.21458
0
0
0
0
2.21458
0
0
0
0
2.21458
2.21458
0
0
0
0
2.21458
2.21458
0
0
0
0
0
2.21458
2.21458
0
0
0
0
2.21458
0
0
0
0
0
2.21458
0
0
0
0
0
2.21458
0
0
0
0
2.21458
0
0
0
0
0
2.21458
0
0
0
0
2.21458
2.21458
0
0
0
0
2.21458
2.21458
0
0
0
0
0
2.21458
0
0
0
0
0
2.21458
0
0
0
0
0
2.21458
0
0
0
0
0
2.21458
2.21458
0
0
0
0
2.21458
0
0
0
0
0
0
2.21458
0
0
0
0
0
2.21458
0
0
0
0
0
2.21458
0
0
0
2.21458
2.21458
0
0
0
0
0
0
0
0
0
0
0
0
0
0
0
0
0
2.21458
0
0
0
0
0
0
2.21458
0
0
0
0
0
2.21458
0
0
0
0
2.21458
0
0
0
0
0
0
2.21458
0
0
0
0
2.21458
0
0
0
0
2.21458
2.21458
0
0
0
0
0
0
0
0
0
0
0
2.21458
0
0
0
0
0
2.21458
0
0
0
0
0
2.21458
0
0
0
0
0
2.21458
0
0
0
0
0
0
0
0
0
0
0
2.21458
0
0
0
0
0
2.21458
0
0
0
0
0
2.21458
0
0
0
0
0
2.21458
0
0
0
0
0
2.21458
0
0
0
0
0
0
0
0
0
0
0
2.21458
0
0
0
0
0
2.21458
0
0
0
0
0
2.21458
0
0
0
2.21458
2.21458
0
0
0
0
0
0
0
0
0
0
0
2.21458
0
0
0
0
0
0
2.21458
2.21458
0
0
0
0
2.21458
0
0
0
0
2.21458
0
0
0
0
0
0
2.21458
0
0
0
0
0
2.21458
0
0
0
2.21458
2.21458
0
0
0
0
0
0
0
0
0
0
0
2.21458
0
0
0
0
2.21458
0
0
0
0
0
0
2.21458
0
0
0
0
2.21458
0
0
0
0
0
0
0
0
0
0
0
0
2.21458
2.21458
0
0
0
0
2.21458
0
0
0
0
0
2.21458
0
0
0
0
0
2.21458
0
0
0
0
0
2.21458
0
0
0
0
2.21458
0
0
0
0
0
2.21458
0
0
0
0
2.21458
2.21458
0
0
0
0
0
0
0
0
0
0
0
2.21458
0
0
0
0
0
2.21458
0
0
0
0
0
2.21458
0
0
0
0
2.21458
0
0
0
0
0
2.21458
0
0
0
0
0
0
2.21458
0
0
0
0
0
2.21458
0
0
0
0
0
2.21458
0
0
0
0
0
2.21458
0
0
0
0
0
0
2.21458
0
0
0
0
0
2.21458
0
0
0
0
0
2.21458
0
0
0
0
0
2.21458
0
0
0
0
0
2.21458
0
0
0
0
0
0
2.21458
0
0
0
0
0
2.21458
0
0
0
0
2.21458
2.21458
0
0
0
0
0
2.21458
0
0
0
0
0
2.21458
0
0
0
0
0
2.21458
0
0
0
0
0
2.21458
0
0
0
0
0
2.21458
0
0
0
0
0
2.21458
0
0
0
0
2.21458
0
0
0
0
0
0
2.21458
2.21458
2.21458
2.21458
2.21458
0
2.21458
0
0
0
0
0
2.21458
0
0
0
0
2.21458
0
0
0
0
0
2.21458
0
0
0
0
0
2.21458
0
0
0
0
0
2.21458
0
0
0
0
2.21458
2.21458
0
0
0
0
0
2.21458
0
0
0
0
0
2.21458
0
0
0
0
0
2.21458
0
0
0
0
0
2.21458
0
0
0
0
0
0
2.21458
0
0
0
0
2.21458
0
0
0
0
0
0
2.21458
0
0
0
0
2.21458
0
0
0
0
0
0
2.21458
0
0
0
0
0
2.21458
0
0
0
0
0
2.21458
0
0
0
0
2.21458
0
0
0
0
0
0
2.21458
0
0
0
0
2.21458
2.21458
0
0
0
0
2.21458
0
0
0
0
0
0
2.21458
0
0
0
0
2.21458
0
0
0
0
0
2.21458
0
0
0
0
0
2.21458
2.21458
0
0
0
0
2.21458
0
0
0
0
0
0
2.21458
0
0
0
0
2.21458
0
0
0
0
2.21458
0
0
0
0
0
0
2.21458
0
0
0
0
0
0
0
0
0
0
0
2.21458
0
0
0
0
0
2.21458
0
0
0
0
0
2.21458
0
0
0
0
0
2.21458
0
0
0
0
0
2.21458
0
0
0
0
0
2.21458
0
0
0
0
0
2.21458
0
0
0
0
0
2.21458
0
0
0
0
0
2.21458
0
0
0
2.21458
2.21458
0
0
0
0
0
0
2.21458
0
0
0
0
0
2.21458
0
0
0
0
2.21458
0
0
0
0
0
2.21458
0
0
0
0
0
0
0
0
0
0
0
2.21458
0
0
0
0
0
2.21458
0
0
0
0
0
2.21458
0
0
0
0
0
2.21458
0
0
0
0
0
2.21458
0
0
0
0
0
2.21458
0
0
0
0
0
2.21458
0
0
0
0
0
2.21458
0
0
0
0
0
2.21458
0
0
0
0
2.21458
0
0
0
0
0
2.21458
0
0
0
0
2.21458
0
0
0
0
0
0
2.21458
0
0
0
0
2.21458
2.21458
0
0
0
0
0
2.21458
0
0
0
0
0
2.21458
0
0
0
0
0
2.21458
0
0
0
0
0
0
0
0
0
2.21458
0
0
0
0
0
0
2.21458
0
0
0
0
2.21458
0
0
0
0
0
2.21458
0
0
0
0
0
2.21458
0
0
0
0
0
2.21458
0
0
0
0
0
2.21458
0
0
0
0
0
2.21458
0
0
0
0
0
2.21458
0
0
0
0
0
2.21458
0
0
0
0
2.21458
0
0
0
0
0
2.21458
0
0
0
0
0
619.025
314.935
314.935
89.4484
80.9382
78.8107
78.8107
76.6831
76.6831
76.6831
76.6831
78.8107
76.6831
76.6831
76.6831
78.8107
76.6831
76.6831
76.6831
76.6831
76.6831
76.6831
78.8107
76.6831
76.6831
76.6831
78.8107
78.8107
76.6831
78.8107
78.8107
78.8107
78.8107
76.6831
78.8107
76.6831
76.6831
76.6831
76.6831
74.5555
74.5555
76.6831
74.5555
74.5555
74.5555
74.5555
76.6831
76.6831
74.5555
74.5555
74.5555
76.6831
74.5555
76.6831
76.6831
76.6831
76.6831
74.5555
76.6831
76.6831
74.5555
74.5555
74.5555
76.6831
74.5555
76.6831
74.5555
76.6831
76.6831
74.5555
76.6831
76.6831
76.6831
74.5555
76.6831
74.5555
76.6831
76.6831
76.6831
76.6831
74.5555
76.6831
76.6831
74.5555
74.5555
76.6831
76.6831
76.6831
76.6831
76.6831
76.6831
76.6831
76.6831
76.6831
76.6831
76.6831
76.6831
76.6831
76.6831
76.6831
76.6831
76.6831
76.6831
76.6831
76.6831
76.6831
76.6831
76.6831
76.6831
76.6831
74.5555
76.6831
76.6831
74.5555
74.5555
76.6831
76.6831
76.6831
76.6831
76.6831
74.5555
76.6831
76.6831
76.6831
76.6831
74.5555
76.6831
76.6831
76.6831
76.6831
76.6831
76.6831
76.6831
76.6831
74.5555
76.6831
74.5555
74.5555
76.6831
74.5555
76.6831
76.6831
74.5555
74.5555
74.5555
76.6831
74.5555
76.6831
76.6831
76.6831
76.6831
74.5555
76.6831
74.5555
74.5555
74.5555
76.6831
74.5555
74.5555
76.6831
76.6831
76.6831
74.5555
76.6831
74.5555
74.5555
74.5555
76.6831
74.5555
74.5555
76.6831
74.5555
74.5555
76.6831
74.5555
74.5555
76.6831
74.5555
74.5555
76.6831
74.5555
74.5555
74.5555
74.5555
74.5555
74.5555
74.5555
74.5555
74.5555
76.6831
76.6831
74.5555
74.5555
74.5555
74.5555
74.5555
74.5555
74.5555
72.428
74.5555
74.5555
74.5555
74.5555
74.5555
74.5555
74.5555
74.5555
74.5555
74.5555
72.428
74.5555
74.5555
72.428
72.428
74.5555
74.5555
72.428
74.5555
72.428
72.428
74.5555
74.5555
72.428
74.5555
74.5555
74.5555
72.428
74.5555
74.5555
72.428
72.428
72.428
74.5555
72.428
74.5555
72.428
72.428
72.428
74.5555
74.5555
72.428
74.5555
74.5555
74.5555
72.428
72.428
74.5555
72.428
72.428
72.428
72.428
74.5555
72.428
72.428
72.428
72.428
74.5555
72.428
72.428
74.5555
74.5555
72.428
72.428
72.428
72.428
72.428
72.428
72.428
72.428
72.428
74.5555
72.428
72.428
72.428
72.428
72.428
74.5555
72.428
72.428
72.428
72.428
72.428
72.428
72.428
72.428
72.428
72.428
72.428
72.428
72.428
74.5555
72.428
72.428
72.428
72.428
72.428
72.428
72.428
72.428
72.428
72.428
72.428
72.428
72.428
70.3004
72.428
72.428
72.428
72.428
72.428
72.428
72.428
70.3004
70.3004
72.428
72.428
72.428
72.428
72.428
72.428
72.428
70.3004
72.428
72.428
70.3004
70.3004
72.428
72.428
72.428
72.428
72.428
72.428
70.3004
72.428
70.3004
72.428
72.428
70.3004
72.428
72.428
70.3004
70.3004
70.3004
72.428
70.3004
72.428
70.3004
70.3004
70.3004
70.3004
72.428
70.3004
70.3004
72.428
72.428
70.3004
72.428
70.3004
70.3004
70.3004
70.3004
70.3004
72.428
70.3004
70.3004
70.3004
70.3004
72.428
70.3004
70.3004
70.3004
72.428
72.428
70.3004
70.3004
70.3004
70.3004
70.3004
70.3004
70.3004
72.428
70.3004
70.3004
70.3004
70.3004
70.3004
70.3004
70.3004
70.3004
70.3004
70.3004
70.3004
70.3004
70.3004
70.3004
70.3004
70.3004
70.3004
70.3004
70.3004
70.3004
70.3004
70.3004
70.3004
70.3004
70.3004
70.3004
70.3004
70.3004
70.3004
70.3004
70.3004
68.1728
68.1728
70.3004
70.3004
70.3004
70.3004
70.3004
70.3004
70.3004
70.3004
68.1728
70.3004
70.3004
70.3004
68.1728
70.3004
70.3004
70.3004
70.3004
70.3004
68.1728
70.3004
70.3004
68.1728
68.1728
70.3004
68.1728
70.3004
68.1728
70.3004
70.3004
70.3004
70.3004
68.1728
70.3004
70.3004
70.3004
68.1728
70.3004
68.1728
68.1728
68.1728
68.1728
70.3004
70.3004
70.3004
68.1728
70.3004
68.1728
70.3004
68.1728
68.1728
70.3004
68.1728
68.1728
70.3004
68.1728
68.1728
70.3004
68.1728
68.1728
70.3004
68.1728
68.1728
68.1728
70.3004
68.1728
68.1728
68.1728
68.1728
70.3004
68.1728
68.1728
68.1728
68.1728
68.1728
68.1728
68.1728
68.1728
70.3004
70.3004
68.1728
68.1728
68.1728
68.1728
68.1728
68.1728
68.1728
68.1728
68.1728
68.1728
68.1728
68.1728
68.1728
68.1728
68.1728
68.1728
68.1728
68.1728
68.1728
68.1728
68.1728
68.1728
68.1728
68.1728
66.0452
68.1728
68.1728
68.1728
68.1728
68.1728
68.1728
66.0452
68.1728
68.1728
68.1728
68.1728
66.0452
68.1728
68.1728
68.1728
66.0452
68.1728
68.1728
68.1728
66.0452
68.1728
68.1728
66.0452
66.0452
68.1728
68.1728
66.0452
68.1728
68.1728
68.1728
68.1728
68.1728
66.0452
68.1728
66.0452
68.1728
68.1728
66.0452
68.1728
66.0452
68.1728
68.1728
68.1728
66.0452
68.1728
68.1728
0
0
0
0
0
0
0
0
0
0
0
2.21458
0
0
0
0
0
0
0
0
0
0
2.21458
0
0
0
0
0
0
0
0
0
0
0
0
0
0
0
0
0
2.21458
0
0
0
0
2.21458
0
0
0
0
0
2.21458
0
0
0
0
0
2.21458
0
0
0
0
0
2.21458
0
0
0
0
2.21458
0
0
0
0
0
2.21458
2.21458
2.21458
0
0
0
2.21458
0
0
0
0
2.21458
0
0
0
0
2.21458
0
0
0
0
0
0
2.21458
0
0
0
0
0
2.21458
0
0
0
0
0
2.21458
0
0
0
2.21458
0
0
0
0
0
0
2.21458
0
0
0
0
0
2.21458
0
0
0
0
0
2.21458
2.21458
0
0
0
2.21458
0
0
0
0
0
2.21458
0
0
0
0
0
2.21458
0
0
0
0
0
2.21458
0
0
0
0
0
2.21458
0
0
0
0
2.21458
0
0
0
0
0
0
2.21458
0
0
0
0
0
2.21458
0
0
0
0
0
0
0
0
0
0
2.21458
0
0
0
0
0
0
0
0
0
0
0
2.21458
0
0
0
0
2.21458
0
0
0
0
0
2.21458
0
0
0
0
0
2.21458
0
0
0
0
2.21458
2.21458
2.21458
0
0
0
0
2.21458
0
0
0
0
2.21458
0
0
0
0
0
2.21458
0
0
0
0
0
2.21458
0
0
0
0
0
2.21458
0
0
0
0
0
2.21458
2.21458
0
0
0
0
2.21458
0
0
0
0
2.21458
2.21458
0
0
0
0
2.21458
0
0
0
0
0
2.21458
0
0
0
0
0
2.21458
0
0
0
0
0
2.21458
0
0
0
0
2.21458
0
0
0
0
0
0
2.21458
0
0
0
0
0
0
0
0
0
0
2.21458
2.21458
0
0
0
0
2.21458
2.21458
0
0
0
0
2.21458
0
0
0
0
0
2.21458
0
0
0
0
0
2.21458
0
0
0
0
0
2.21458
0
0
0
0
2.21458
0
0
0
0
0
2.21458
0
0
0
0
0
2.21458
0
0
0
0
0
2.21458
0
0
0
0
2.21458
0
0
0
0
0
2.21458
0
0
0
0
0
2.21458
0
0
0
0
2.21458
2.21458
0
0
0
0
0
2.21458
2.21458
0
0
0
2.21458
0
0
0
0
0
2.21458
0
0
0
0
0
2.21458
0
0
0
0
0
2.21458
0
0
0
0
2.21458
2.21458
0
0
0
0
2.21458
0
0
0
0
2.21458
0
0
0
0
0
2.21458
0
0
0
0
0
2.21458
0
0
0
0
0
2.21458
0
0
0
0
0
2.21458
0
0
0
0
0
0
0
0
0
0
2.21458
2.21458
0
0
0
0
2.21458
0
0
0
0
0
2.21458
0
0
0
0
2.21458
0
0
0
0
0
2.21458
0
0
0
0
2.21458
0
0
0
0
0
0
0
0
0
0
0
2.21458
0
0
0
0
2.21458
0
0
0
0
0
2.21458
0
0
0
0
0
2.21458
0
0
0
0
0
2.21458
0
0
0
0
0
2.21458
0
0
0
0
2.21458
2.21458
0
0
0
0
2.21458
0
0
0
0
0
2.21458
0
0
0
0
2.21458
0
0
0
0
0
0
0
0
0
0
0
2.21458
0
0
0
0
0
2.21458
0
0
0
0
0
2.21458
0
0
0
0
0
2.21458
0
0
0
0
2.21458
0
0
0
0
0
2.21458
0
0
0
0
2.21458
2.21458
0
0
0
0
2.21458
0
0
0
0
0
2.21458
0
0
0
0
0
2.21458
0
0
0
0
0
2.21458
0
0
0
0
0
0
0
0
0
0
2.21458
0
0
0
0
0
2.21458
0
0
0
0
0
2.21458
0
0
0
0
0
2.21458
0
0
0
0
0
0
0
0
0
0
2.21458
2.21458
0
0
0
2.21458
0
0
0
0
0
2.21458
0
0
0
0
0
2.21458
0
0
0
0
2.21458
0
0
0
0
0
0
0
0
0
0
0
2.21458
0
0
0
0
2.21458
0
0
0
0
0
2.21458
0
0
0
0
2.21458
0
0
0
0
0
2.21458
0
0
0
0
0
2.21458
0
0
0
0
0
2.21458
2.21458
0
0
0
2.21458
0
0
0
0
0
2.21458
0
0
0
0
0
2.21458
0
0
0
0
0
0
0
0
0
0
2.21458
0
0
0
0
0
2.21458
0
0
0
0
0
2.21458
0
0
0
0
2.21458
0
0
0
0
0
0
2.21458
0
0
0
2.21458
2.21458
0
0
0
0
0
2.21458
2.21458
0
0
0
0
2.21458
2.21458
0
0
0
0
2.21458
0
0
0
0
2.21458
0
0
0
0
0
2.21458
0
0
0
0
0
2.21458
0
0
0
0
0
2.21458
0
0
0
0
0
2.21458
0
0
0
0
0
0
0
0
0
0
2.21458
2.21458
0
0
0
2.21458
0
0
0
0
0
2.21458
0
0
0
0
0
2.21458
0
0
0
0
2.21458
0
0
0
0
0
0
0
0
0
0
0
2.21458
2.21458
0
0
0
2.21458
0
0
0
0
0
2.21458
0
0
0
0
0
2.21458
0
0
0
0
0
2.21458
0
0
0
0
2.21458
0
0
0
0
0
2.21458
0
0
0
0
0
2.21458
0
0
0
0
0
2.21458
0
0
0
0
0
2.21458
0
0
0
0
2.21458
0
0
0
0
0
2.21458
0
0
0
0
0
0
0
0
0
2.21458
0
0
0
0
2.21458
0
0
0
0
0
2.21458
0
0
0
0
0
2.21458
0
0
0
0
0
2.21458
0
0
0
0
0
2.21458
0
0
0
0
2.21458
2.21458
0
0
0
0
2.21458
2.21458
0
0
0
0
2.21458
0
0
0
0
0
2.21458
0
0
0
0
2.21458
0
0
0
0
0
2.21458
0
0
0
0
2.21458
0
0
0
0
2.21458
2.21458
0
0
0
0
2.21458
0
0
0
0
2.21458
0
0
0
0
0
2.21458
0
0
0
0
0
2.21458
0
0
0
0
0
2.21458
0
0
0
0
0
0
0
0
0
0
2.21458
0
0
0
0
0
2.21458
0
0
0
0
0
2.21458
0
0
0
0
0
2.21458
0
0
0
0
2.21458
0
0
0
0
0
2.21458
0
0
0
0
0
2.21458
0
0
0
0
2.21458
0
0
0
0
0
2.21458
0
0
0
0
2.21458
2.21458
0
0
0
0
2.21458
2.21458
0
0
0
0
2.21458
0
0
0
0
0
2.21458
0
0
0
0
2.21458
0
0
0
0
0
2.21458
0
0
0
0
2.21458
2.21458
0
0
0
0
2.21458
0
0
0
0
0
2.21458
0
0
0
0
2.21458
0
0
0
0
2.21458
2.21458
0
0
0
0
0
0
0
0
0
0
0
2.21458
0
0
0
0
0
0
0
0
0
0
2.21458
0
0
0
0
0
2.21458
0
0
0
0
2.21458
0
0
0
0
0
2.21458
0
0
0
0
2.21458
0
0
0
0
0
0
2.21458
0
0
0
0
2.21458
0
0
0
0
2.21458
0
0
0
0
2.21458
2.21458
0
0
0
0
0
2.21458
0
0
0
0
0
2.21458
0
0
0
0
0
0
0
0
0
0
0
2.21458
0
0
0
0
0
2.21458
0
0
0
0
0
2.21458
2.21458
2.21458
0
0
0
2.21458
0
0
0
0
0
0
0
0
0
0
0
0
0
0
0
0
2.21458
0
0
0
0
0
2.21458
0
0
0
0
2.21458
0
0
0
0
0
2.21458
0
0
0
0
0
2.21458
0
0
0
0
2.21458
0
0
0
0
0
2.21458
0
0
0
0
0
2.21458
0
0
0
0
0
2.21458
0
0
0
0
0
2.21458
0
0
0
0
0
2.21458
0
0
0
0
0
2.21458
0
0
0
0
2.21458
0
0
0
0
0
2.21458
0
0
0
0
0
2.21458
0
0
0
0
0
2.21458
0
0
0
0
0
2.21458
0
300.046
931.497
606.268
97.9585
80.9382
80.9382
78.8107
76.6831
76.6831
76.6831
78.8107
76.6831
76.6831
76.6831
76.6831
76.6831
78.8107
76.6831
76.6831
76.6831
78.8107
76.6831
78.8107
78.8107
78.8107
76.6831
76.6831
78.8107
76.6831
78.8107
78.8107
78.8107
78.8107
76.6831
76.6831
76.6831
76.6831
74.5555
76.6831
76.6831
74.5555
76.6831
74.5555
74.5555
74.5555
74.5555
74.5555
76.6831
74.5555
76.6831
74.5555
74.5555
74.5555
76.6831
74.5555
76.6831
76.6831
76.6831
76.6831
74.5555
76.6831
74.5555
74.5555
74.5555
76.6831
74.5555
74.5555
76.6831
74.5555
76.6831
76.6831
74.5555
74.5555
74.5555
76.6831
74.5555
74.5555
76.6831
74.5555
76.6831
74.5555
74.5555
76.6831
74.5555
76.6831
74.5555
76.6831
74.5555
76.6831
76.6831
76.6831
76.6831
74.5555
76.6831
76.6831
76.6831
76.6831
74.5555
76.6831
76.6831
76.6831
74.5555
76.6831
76.6831
74.5555
76.6831
76.6831
76.6831
74.5555
76.6831
76.6831
74.5555
76.6831
76.6831
74.5555
76.6831
74.5555
76.6831
76.6831
76.6831
76.6831
74.5555
76.6831
74.5555
74.5555
76.6831
74.5555
76.6831
76.6831
74.5555
74.5555
74.5555
76.6831
74.5555
76.6831
74.5555
76.6831
76.6831
76.6831
74.5555
74.5555
76.6831
74.5555
74.5555
76.6831
74.5555
76.6831
74.5555
76.6831
76.6831
74.5555
74.5555
76.6831
74.5555
74.5555
74.5555
74.5555
76.6831
74.5555
74.5555
76.6831
74.5555
74.5555
74.5555
76.6831
74.5555
74.5555
74.5555
74.5555
76.6831
74.5555
74.5555
74.5555
74.5555
74.5555
74.5555
74.5555
74.5555
74.5555
74.5555
74.5555
76.6831
74.5555
74.5555
74.5555
74.5555
74.5555
74.5555
74.5555
74.5555
74.5555
74.5555
74.5555
74.5555
74.5555
74.5555
72.428
74.5555
74.5555
74.5555
74.5555
74.5555
74.5555
74.5555
72.428
72.428
74.5555
74.5555
74.5555
72.428
74.5555
74.5555
72.428
72.428
74.5555
74.5555
72.428
74.5555
72.428
74.5555
74.5555
72.428
74.5555
72.428
72.428
74.5555
72.428
74.5555
72.428
74.5555
72.428
74.5555
74.5555
74.5555
72.428
74.5555
72.428
74.5555
72.428
74.5555
72.428
72.428
74.5555
74.5555
74.5555
72.428
74.5555
72.428
72.428
74.5555
72.428
72.428
74.5555
74.5555
72.428
74.5555
72.428
72.428
74.5555
72.428
72.428
74.5555
72.428
72.428
72.428
72.428
74.5555
72.428
72.428
72.428
74.5555
72.428
72.428
72.428
74.5555
72.428
72.428
72.428
72.428
72.428
72.428
72.428
72.428
72.428
72.428
72.428
72.428
72.428
72.428
72.428
72.428
72.428
72.428
72.428
72.428
72.428
72.428
72.428
72.428
72.428
70.3004
72.428
72.428
72.428
72.428
72.428
72.428
72.428
70.3004
72.428
72.428
72.428
72.428
70.3004
72.428
72.428
72.428
72.428
72.428
72.428
72.428
72.428
70.3004
72.428
72.428
72.428
70.3004
72.428
70.3004
70.3004
72.428
72.428
70.3004
72.428
70.3004
72.428
72.428
72.428
70.3004
72.428
72.428
70.3004
72.428
70.3004
72.428
70.3004
72.428
70.3004
70.3004
72.428
70.3004
72.428
70.3004
72.428
70.3004
70.3004
70.3004
70.3004
70.3004
72.428
70.3004
72.428
70.3004
70.3004
72.428
70.3004
72.428
72.428
70.3004
72.428
70.3004
70.3004
72.428
70.3004
70.3004
72.428
70.3004
70.3004
70.3004
72.428
70.3004
70.3004
70.3004
72.428
70.3004
70.3004
70.3004
70.3004
72.428
70.3004
70.3004
70.3004
70.3004
70.3004
70.3004
72.428
70.3004
70.3004
70.3004
70.3004
70.3004
70.3004
70.3004
70.3004
70.3004
70.3004
70.3004
70.3004
70.3004
72.428
70.3004
70.3004
70.3004
70.3004
70.3004
70.3004
70.3004
70.3004
70.3004
68.1728
70.3004
70.3004
70.3004
70.3004
70.3004
70.3004
70.3004
70.3004
70.3004
70.3004
70.3004
68.1728
70.3004
70.3004
70.3004
70.3004
70.3004
70.3004
70.3004
70.3004
68.1728
70.3004
70.3004
70.3004
68.1728
70.3004
70.3004
70.3004
68.1728
70.3004
70.3004
68.1728
70.3004
70.3004
68.1728
70.3004
70.3004
70.3004
70.3004
70.3004
68.1728
70.3004
68.1728
70.3004
70.3004
68.1728
68.1728
68.1728
70.3004
68.1728
70.3004
68.1728
70.3004
68.1728
70.3004
68.1728
70.3004
68.1728
68.1728
68.1728
68.1728
70.3004
68.1728
70.3004
68.1728
70.3004
68.1728
70.3004
70.3004
68.1728
68.1728
70.3004
68.1728
68.1728
70.3004
68.1728
68.1728
68.1728
68.1728
68.1728
70.3004
68.1728
68.1728
68.1728
68.1728
66.0452
68.1728
68.1728
68.1728
68.1728
68.1728
68.1728
68.1728
68.1728
68.1728
68.1728
68.1728
68.1728
68.1728
68.1728
66.0452
68.1728
68.1728
68.1728
68.1728
68.1728
66.0452
66.0452
68.1728
68.1728
68.1728
66.0452
68.1728
68.1728
68.1728
68.1728
68.1728
68.1728
68.1728
66.0452
68.1728
68.1728
68.1728
66.0452
68.1728
68.1728
68.1728
66.0452
68.1728
68.1728
66.0452
68.1728
68.1728
68.1728
68.1728
68.1728
66.0452
68.1728
68.1728
66.0452
68.1728
68.1728
66.0452
68.1728
68.1728
68.1728
66.0452
68.1728
55.4071
0
2.21458
0
0
0
0
0
2.21458
0
0
0
0
0
2.21458
0
0
0
0
0
2.21458
0
0
0
0
0
2.21458
0
0
0
0
2.21458
0
0
0
0
0
2.21458
0
0
0
0
0
2.21458
0
0
0
0
2.21458
0
0
0
0
0
2.21458
0
0
0
0
0
2.21458
0
0
0
0
0
2.21458
0
0
0
0
2.21458
0
0
0
0
0
2.21458
0
0
0
0
0
2.21458
0
0
0
0
2.21458
0
0
0
0
0
2.21458
0
0
0
0
0
2.21458
0
0
0
0
0
2.21458
0
0
0
0
2.21458
0
0
0
0
0
2.21458
0
0
0
0
0
2.21458
0
0
0
0
0
2.21458
0
0
0
0
0
2.21458
0
0
0
0
0
2.21458
0
0
0
0
0
2.21458
0
0
0
0
2.21458
0
0
0
0
0
2.21458
0
0
0
0
2.21458
0
0
0
0
0
0
0
0
0
0
0
0
2.21458
0
0
0
0
0
2.21458
0
0
0
0
0
0
0
0
0
0
0
0
0
0
0
0
0
0
0
0
2.21458
0
0
0
0
0
0
2.21458
0
0
0
0
2.21458
0
0
0
0
0
0
2.21458
0
0
0
0
0
2.21458
0
0
0
0
2.21458
0
0
0
0
0
2.21458
0
0
0
0
0
2.21458
0
0
0
0
0
2.21458
0
0
0
0
0
2.21458
0
0
0
0
0
2.21458
0
0
0
0
2.21458
0
0
0
0
0
2.21458
2.21458
0
0
0
0
2.21458
2.21458
0
0
0
0
0
0
0
0
0
0
0
0
0
0
0
0
0
0
0
0
0
0
2.21458
0
0
0
0
0
0
2.21458
0
0
0
0
0
2.21458
0
0
0
0
2.21458
0
0
0
0
0
2.21458
0
0
0
0
2.21458
0
0
0
0
0
2.21458
0
0
0
0
0
2.21458
0
0
0
0
2.21458
0
0
0
0
0
2.21458
0
0
0
0
0
2.21458
0
0
0
0
0
2.21458
0
0
0
0
0
2.21458
0
0
0
0
2.21458
0
0
0
0
0
2.21458
0
0
0
0
0
2.21458
0
0
0
0
0
2.21458
0
0
0
0
2.21458
0
0
0
0
0
2.21458
0
0
0
0
0
2.21458
0
0
0
0
0
0
2.21458
0
0
0
2.21458
2.21458
0
0
0
0
0
2.21458
0
0
0
0
0
0
0
0
0
0
2.21458
2.21458
0
0
0
0
0
2.21458
0
0
0
0
2.21458
0
0
0
0
0
2.21458
0
0
0
0
0
0
0
0
0
0
2.21458
0
0
0
0
0
2.21458
0
0
0
0
0
2.21458
0
0
0
0
0
2.21458
0
0
0
0
0
2.21458
0
0
0
0
2.21458
0
0
0
0
2.21458
0
0
0
0
0
0
2.21458
0
0
0
0
0
2.21458
0
0
0
0
0
2.21458
0
0
0
0
2.21458
0
0
0
0
0
0
0
0
0
0
0
2.21458
0
0
0
0
0
2.21458
0
0
0
0
0
2.21458
0
0
0
0
0
2.21458
0
0
0
0
0
2.21458
0
0
0
0
0
0
0
0
0
0
2.21458
0
0
0
0
0
2.21458
0
0
0
0
0
0
2.21458
0
0
0
0
0
2.21458
0
0
0
0
2.21458
0
0
0
0
0
2.21458
0
0
0
0
0
2.21458
0
0
0
0
0
0
0
0
0
0
2.21458
0
0
0
0
0
2.21458
0
0
0
0
0
2.21458
0
0
0
0
0
0
2.21458
0
0
0
0
0
2.21458
0
0
0
0
0
2.21458
0
0
0
0
0
2.21458
0
0
0
0
2.21458
2.21458
0
0
0
0
0
2.21458
0
0
0
0
2.21458
2.21458
0
0
0
0
0
2.21458
0
0
0
0
0
2.21458
0
0
0
0
0
2.21458
0
0
0
0
2.21458
0
0
0
0
0
2.21458
0
0
0
0
0
0
2.21458
0
0
0
0
0
0
0
0
0
0
0
2.21458
0
0
0
0
0
2.21458
0
0
0
0
0
2.21458
0
0
0
0
0
2.21458
0
0
0
0
0
2.21458
0
0
0
0
0
2.21458
0
0
0
0
0
2.21458
0
0
0
0
0
2.21458
0
0
0
0
0
2.21458
0
0
0
0
0
0
0
0
0
0
0
2.21458
0
0
0
0
0
0
2.21458
0
0
0
0
0
2.21458
0
0
0
0
0
2.21458
0
0
0
0
0
2.21458
0
0
0
0
0
2.21458
0
0
0
0
2.21458
0
0
0
0
0
2.21458
0
0
0
0
0
2.21458
0
0
0
0
0
2.21458
0
0
0
0
0
2.21458
0
0
0
0
0
2.21458
0
0
0
2.21458
0
0
0
0
0
0
2.21458
0
0
0
0
0
2.21458
0
0
0
0
0
2.21458
0
0
0
0
0
2.21458
0
0
0
0
0
0
0
0
0
0
0
0
2.21458
0
0
0
0
2.21458
0
0
0
0
0
2.21458
0
0
0
0
0
0
0
0
0
0
0
0
2.21458
0
0
0
0
0
2.21458
0
0
0
0
0
0
2.21458
0
0
0
0
2.21458
0
0
0
0
0
2.21458
0
0
0
0
0
2.21458
0
0
0
0
2.21458
0
0
0
0
0
0
2.21458
0
0
0
0
0
2.21458
0
0
0
0
0
2.21458
0
0
0
0
0
2.21458
0
0
0
0
2.21458
0
0
0
0
0
0
2.21458
0
0
0
0
0
2.21458
0
0
0
0
0
2.21458
0
0
0
0
0
2.21458
0
0
0
0
2.21458
0
0
0
0
0
0
2.21458
0
0
0
0
2.21458
0
0
0
0
0
2.21458
0
0
0
0
0
2.21458
0
0
0
0
0
0
2.21458
0
0
0
0
0
2.21458
0
0
0
0
0
2.21458
0
0
0
0
0
2.21458
0
0
0
0
0
2.21458
0
0
0
0
0
0
2.21458
0
0
0
0
0
2.21458
0
0
0
0
0
2.21458
0
0
0
0
0
2.21458
0
0
0
0
0
0
2.21458
0
0
0
0
2.21458
2.21458
0
0
0
0
0
2.21458
0
0
0
0
2.21458
0
0
0
0
0
2.21458
0
0
0
0
0
2.21458
0
0
0
0
0
2.21458
0
0
0
0
2.21458
0
0
0
0
2.21458
2.21458
0
0
0
0
0
2.21458
0
0
0
0
0
2.21458
0
0
0
2.21458
0
0
0
0
0
0
2.21458
0
0
0
0
0
0
0
0
0
0
0
2.21458
0
0
0
0
0
2.21458
0
0
0
0
0
0
0
0
0
0
0
2.21458
0
0
0
0
0
2.21458
0
0
0
0
0
2.21458
0
0
0
0
0
2.21458
0
0
0
0
0
0
0
0
0
0
0
2.21458
0
0
0
0
0
2.21458
0
0
0
0
0
2.21458
0
0
0
0
0
2.21458
0
0
0
0
0
0
0
0
0
0
0
2.21458
0
0
0
0
0
2.21458
0
0
0
0
0
2.21458
0
0
0
0
0
2.21458
0
0
0
0
0
2.21458
0
0
0
0
0
2.21458
0
0
0
0
0
2.21458
0
0
0
0
0
0
2.21458
0
0
0
0
0
2.21458
0
0
0
0
0
2.21458
2.21458
0
0
0
2.21458
0
0
0
0
0
2.21458
2.21458
0
0
0
0
0
2.21458
0
0
0
0
0
0
2.21458
0
0
0
0
0
2.21458
0
0
0
0
0
2.21458
0
0
0
0
0
2.21458
0
0
0
0
0
2.21458
0
0
0
0
0
2.21458
0
0
0
0
0
2.21458
0
0
0
0
0
2.21458
0
0
0
0
0
0
2.21458
0
0
0
0
0
2.21458
0
0
0
0
2.21458
0
0
0
0
0
0
2.21458
0
0
0
0
0
2.21458
0
0
0
0
2.21458
0
0
0
0
0
2.21458
0
0
0
585.007
929.372
359.599
89.4484
83.0658
76.6831
76.6831
76.6831
78.8107
76.6831
76.6831
76.6831
78.8107
78.8107
76.6831
78.8107
76.6831
76.6831
76.6831
78.8107
76.6831
78.8107
76.6831
78.8107
78.8107
76.6831
78.8107
78.8107
76.6831
78.8107
78.8107
76.6831
78.8107
78.8107
76.6831
76.6831
74.5555
74.5555
76.6831
74.5555
76.6831
74.5555
76.6831
76.6831
74.5555
76.6831
74.5555
74.5555
76.6831
76.6831
76.6831
76.6831
76.6831
76.6831
76.6831
74.5555
74.5555
74.5555
76.6831
74.5555
76.6831
74.5555
74.5555
74.5555
76.6831
74.5555
74.5555
74.5555
74.5555
74.5555
74.5555
76.6831
74.5555
74.5555
76.6831
74.5555
76.6831
74.5555
74.5555
76.6831
74.5555
74.5555
76.6831
76.6831
76.6831
74.5555
74.5555
76.6831
74.5555
76.6831
76.6831
76.6831
74.5555
76.6831
76.6831
76.6831
74.5555
76.6831
76.6831
76.6831
74.5555
76.6831
74.5555
76.6831
76.6831
76.6831
74.5555
76.6831
76.6831
76.6831
74.5555
76.6831
74.5555
76.6831
76.6831
74.5555
76.6831
74.5555
76.6831
76.6831
74.5555
76.6831
74.5555
74.5555
74.5555
76.6831
74.5555
76.6831
74.5555
74.5555
76.6831
76.6831
76.6831
74.5555
76.6831
74.5555
74.5555
76.6831
74.5555
76.6831
74.5555
76.6831
76.6831
76.6831
74.5555
74.5555
74.5555
76.6831
74.5555
74.5555
76.6831
74.5555
74.5555
74.5555
74.5555
74.5555
76.6831
74.5555
74.5555
74.5555
74.5555
74.5555
74.5555
74.5555
74.5555
74.5555
76.6831
76.6831
74.5555
74.5555
76.6831
74.5555
74.5555
74.5555
74.5555
74.5555
74.5555
74.5555
74.5555
74.5555
74.5555
74.5555
74.5555
74.5555
72.428
74.5555
74.5555
74.5555
74.5555
74.5555
74.5555
74.5555
74.5555
74.5555
72.428
72.428
74.5555
74.5555
74.5555
72.428
74.5555
74.5555
74.5555
72.428
74.5555
74.5555
74.5555
74.5555
72.428
74.5555
72.428
74.5555
74.5555
72.428
74.5555
74.5555
72.428
74.5555
72.428
74.5555
74.5555
72.428
74.5555
72.428
72.428
72.428
72.428
74.5555
72.428
74.5555
72.428
74.5555
72.428
72.428
72.428
72.428
74.5555
72.428
72.428
74.5555
72.428
72.428
74.5555
74.5555
72.428
72.428
74.5555
74.5555
74.5555
74.5555
74.5555
74.5555
74.5555
74.5555
74.5555
74.5555
74.5555
74.5555
72.428
72.428
74.5555
72.428
72.428
72.428
72.428
72.428
72.428
72.428
72.428
74.5555
72.428
72.428
72.428
72.428
72.428
72.428
72.428
72.428
72.428
72.428
72.428
72.428
72.428
72.428
72.428
72.428
72.428
70.3004
72.428
72.428
72.428
72.428
72.428
72.428
72.428
70.3004
72.428
72.428
72.428
72.428
70.3004
72.428
72.428
72.428
72.428
72.428
72.428
70.3004
72.428
72.428
70.3004
72.428
72.428
72.428
72.428
72.428
70.3004
72.428
70.3004
72.428
70.3004
72.428
72.428
70.3004
72.428
70.3004
72.428
72.428
70.3004
72.428
70.3004
70.3004
70.3004
72.428
70.3004
72.428
70.3004
72.428
70.3004
72.428
70.3004
70.3004
72.428
70.3004
72.428
70.3004
72.428
70.3004
72.428
70.3004
70.3004
70.3004
70.3004
72.428
70.3004
70.3004
70.3004
72.428
70.3004
70.3004
70.3004
72.428
70.3004
70.3004
70.3004
70.3004
72.428
72.428
72.428
70.3004
70.3004
72.428
70.3004
70.3004
70.3004
70.3004
70.3004
70.3004
72.428
70.3004
70.3004
70.3004
70.3004
70.3004
70.3004
70.3004
70.3004
70.3004
70.3004
70.3004
70.3004
70.3004
70.3004
70.3004
70.3004
70.3004
70.3004
70.3004
70.3004
70.3004
70.3004
70.3004
70.3004
70.3004
70.3004
70.3004
70.3004
70.3004
70.3004
70.3004
70.3004
70.3004
70.3004
68.1728
70.3004
70.3004
70.3004
70.3004
70.3004
70.3004
70.3004
70.3004
68.1728
70.3004
70.3004
70.3004
70.3004
70.3004
68.1728
70.3004
70.3004
70.3004
70.3004
70.3004
70.3004
70.3004
68.1728
70.3004
70.3004
70.3004
68.1728
70.3004
70.3004
68.1728
70.3004
70.3004
68.1728
70.3004
70.3004
68.1728
68.1728
68.1728
70.3004
70.3004
68.1728
70.3004
70.3004
68.1728
70.3004
70.3004
68.1728
68.1728
68.1728
70.3004
68.1728
70.3004
68.1728
70.3004
68.1728
68.1728
68.1728
70.3004
68.1728
70.3004
68.1728
70.3004
68.1728
68.1728
70.3004
68.1728
68.1728
68.1728
70.3004
68.1728
68.1728
70.3004
70.3004
70.3004
70.3004
68.1728
70.3004
68.1728
68.1728
70.3004
68.1728
68.1728
70.3004
68.1728
68.1728
70.3004
68.1728
68.1728
68.1728
68.1728
68.1728
68.1728
68.1728
70.3004
68.1728
68.1728
68.1728
68.1728
70.3004
70.3004
68.1728
68.1728
68.1728
68.1728
68.1728
70.3004
70.3004
68.1728
68.1728
68.1728
70.3004
68.1728
68.1728
68.1728
68.1728
68.1728
68.1728
68.1728
68.1728
68.1728
68.1728
68.1728
68.1728
68.1728
68.1728
68.1728
68.1728
68.1728
68.1728
68.1728
68.1728
68.1728
68.1728
68.1728
68.1728
68.1728
68.1728
68.1728
68.1728
68.1728
68.1728
68.1728
68.1728
68.1728
68.1728
68.1728
68.1728
68.1728
66.0452
68.1728
68.1728
68.1728
68.1728
68.1728
59.6624
2.21458
0
0
0
0
0
0
2.21458
0
0
0
0
2.21458
0
0
0
0
0
2.21458
0
0
0
0
0
2.21458
0
0
0
0
0
0
2.21458
0
0
0
0
0
2.21458
0
0
0
0
0
2.21458
0
0
0
0
0
2.21458
0
0
0
0
0
2.21458
0
0
0
0
0
2.21458
0
0
0
0
0
2.21458
0
0
0
0
0
2.21458
0
0
0
0
0
2.21458
0
0
0
0
0
0
2.21458
0
0
0
0
0
2.21458
0
0
0
0
0
2.21458
0
0
0
0
0
2.21458
0
0
0
0
2.21458
0
0
0
0
0
0
0
0
0
0
0
2.21458
0
0
0
0
0
2.21458
0
0
0
0
0
2.21458
0
0
0
0
0
0
2.21458
0
0
0
0
0
2.21458
0
0
0
0
0
2.21458
0
0
0
0
0
0
0
0
0
0
0
2.21458
0
0
0
0
0
2.21458
0
0
0
0
0
2.21458
0
0
0
0
0
0
0
0
0
0
0
0
2.21458
0
0
0
0
2.21458
0
0
0
0
0
2.21458
0
0
0
0
0
2.21458
0
0
0
0
0
2.21458
0
0
0
0
0
2.21458
0
0
0
0
0
2.21458
0
0
0
0
0
0
0
0
0
0
0
0
2.21458
0
0
0
0
0
2.21458
0
0
0
0
0
2.21458
0
0
0
0
0
2.21458
0
0
0
0
0
2.21458
0
0
0
0
0
2.21458
0
0
0
0
0
0
2.21458
0
0
0
0
0
0
0
0
0
0
0
2.21458
0
0
0
0
0
2.21458
0
0
0
0
0
2.21458
0
0
0
0
0
2.21458
0
0
0
0
0
2.21458
0
0
0
0
0
0
2.21458
0
0
0
0
0
2.21458
0
0
0
0
0
2.21458
0
0
0
0
0
2.21458
0
0
0
0
0
2.21458
0
0
0
0
2.21458
0
0
0
0
0
2.21458
0
0
0
0
0
0
2.21458
0
0
0
0
0
2.21458
0
0
0
0
0
2.21458
0
0
0
0
0
0
0
2.21458
0
0
0
0
0
2.21458
0
0
0
0
2.21458
0
0
0
0
0
2.21458
0
0
0
0
0
2.21458
0
0
0
0
0
2.21458
0
0
0
0
0
2.21458
0
0
0
0
0
2.21458
0
0
0
0
0
0
0
0
0
0
0
2.21458
0
0
0
0
0
2.21458
0
0
0
0
0
2.21458
0
0
0
0
0
2.21458
0
0
0
0
0
2.21458
0
0
0
0
0
2.21458
0
0
0
0
0
2.21458
0
0
0
0
0
2.21458
0
0
0
0
0
2.21458
0
0
0
0
0
2.21458
0
0
0
0
2.21458
0
0
0
0
0
0
2.21458
0
0
0
0
0
2.21458
0
0
0
0
0
2.21458
0
0
0
0
0
2.21458
0
0
0
0
0
2.21458
0
0
0
0
0
0
0
0
0
0
0
2.21458
0
0
0
0
0
0
0
0
0
0
0
0
2.21458
0
0
0
0
0
2.21458
0
0
0
0
0
2.21458
0
0
0
0
0
2.21458
0
0
0
0
0
2.21458
0
0
0
0
0
2.21458
0
0
0
0
0
2.21458
0
0
0
0
0
2.21458
0
0
0
0
0
2.21458
0
0
0
0
0
2.21458
0
0
0
0
0
2.21458
0
0
0
0
0
2.21458
0
0
0
0
2.21458
0
0
0
0
0
2.21458
0
0
0
0
0
2.21458
0
0
0
0
0
2.21458
0
0
0
0
0
2.21458
0
0
0
0
0
2.21458
2.21458
0
0
0
0
2.21458
0
0
0
0
2.21458
0
0
0
0
0
2.21458
0
0
0
0
0
2.21458
0
0
0
0
0
2.21458
0
0
0
0
0
0
0
0
0
0
2.21458
0
0
0
0
0
0
2.21458
0
0
0
0
0
2.21458
0
0
0
0
0
2.21458
0
0
0
0
0
2.21458
0
0
0
0
0
2.21458
0
0
0
0
0
2.21458
0
0
0
0
0
0
0
0
0
0
2.21458
0
0
0
0
0
2.21458
0
0
0
0
0
2.21458
0
0
0
0
0
2.21458
0
0
0
0
0
2.21458
0
0
0
0
0
2.21458
0
0
0
0
0
2.21458
0
0
0
0
0
0
0
0
0
0
2.21458
2.21458
2.21458
0
0
0
0
0
0
0
0
0
2.21458
0
0
0
0
0
2.21458
0
0
0
0
0
0
0
0
0
0
2.21458
0
0
0
0
0
0
0
0
0
0
0
0
0
0
0
0
2.21458
0
0
0
0
0
2.21458
0
0
0
0
0
2.21458
2.21458
0
0
0
0
0
2.21458
2.21458
2.21458
2.21458
2.21458
2.21458
2.21458
2.21458
2.21458
2.21458
2.21458
2.21458
2.21458
2.21458
2.21458
2.21458
2.21458
2.21458
2.21458
2.21458
0
0
2.21458
0
0
0
0
0
0
0
0
0
0
0
0
14.9811
17.1089
17.1089
17.1089
17.1089
17.1089
17.1089
17.1089
17.1089
17.1089
17.1089
17.1089
17.1089
17.1089
17.1089
17.1089
17.1089
17.1089
17.1089
17.1089
17.1089
17.1089
17.1089
17.1089
14.9811
14.9811
17.1089
14.9811
14.9811
14.9811
14.9811
14.9811
14.9811
14.9811
14.9811
14.9811
14.9811
14.9811
14.9811
14.9811
14.9811
14.9811
14.9811
14.9811
14.9811
14.9811
14.9811
14.9811
14.9811
14.9811
14.9811
14.9811
14.9811
14.9811
14.9811
14.9811
14.9811
14.9811
14.9811
14.9811
14.9811
2.21458
2.21458
0
0
0
0
2.21458
0
0
0
0
0
2.21458
0
0
0
0
0
2.21458
0
0
0
0
0
2.21458
0
0
0
0
0
2.21458
2.21458
2.21458
0
0
0
2.21458
2.21458
2.21458
2.21458
2.21458
2.21458
2.21458
2.21458
2.21458
2.21458
2.21458
2.21458
2.21458
2.21458
2.21458
2.21458
2.21458
2.21458
2.21458
2.21458
0
0
0
0
0
0
0
0
0
0
2.21458
0
0
0
0
0
2.21458
0
0
0
0
0
2.21458
0
0
0
0
0
2.21458
0
0
0
0
0
2.21458
0
0
0
0
2.21458
2.21458
0
0
0
0
0
2.21458
0
0
0
0
0
2.21458
0
0
0
0
0
2.21458
0
0
0
2.21458
2.21458
0
0
0
0
0
0
2.21458
0
0
0
0
0
2.21458
0
0
0
0
0
0
0
0
0
0
2.21458
0
0
0
0
0
2.21458
0
0
0
0
0
2.21458
0
0
0
0
0
2.21458
0
0
0
0
0
0
2.21458
0
0
0
0
0
2.21458
0
0
0
0
2.21458
0
0
0
0
0
2.21458
0
0
0
0
0
2.21458
0
0
0
0
0
0
0
0
0
0
0
2.21458
0
0
0
0
2.21458
2.21458
0
0
0
0
0
2.21458
0
0
0
0
2.21458
2.21458
0
0
0
0
0
0
2.21458
0
0
0
0
0
2.21458
0
0
0
0
2.21458
0
0
0
0
0
2.21458
0
0
0
0
0
2.21458
0
0
0
0
0
2.21458
0
0
0
0
0
2.21458
0
0
0
0
2.21458
2.21458
0
0
0
0
0
0
2.21458
0
0
0
0
0
2.21458
0
0
0
0
0
2.21458
0
0
0
0
0
2.21458
0
0
0
0
0
2.21458
0
0
0
0
0
2.21458
0
0
0
0
2.21458
0
0
0
0
0
2.21458
0
0
0
0
0
0
0
0
0
0
0
0
0
0
0
0
2.21458
0
0
0
0
0
0
0
0
0
0
0
2.21458
221.344
221.344
633.907
100.086
80.9382
80.9382
78.8107
78.8107
78.8107
76.6831
78.8107
76.6831
76.6831
78.8107
76.6831
76.6831
76.6831
78.8107
76.6831
76.6831
76.6831
76.6831
76.6831
78.8107
76.6831
78.8107
78.8107
76.6831
76.6831
76.6831
78.8107
78.8107
80.9382
78.8107
78.8107
76.6831
76.6831
78.8107
76.6831
76.6831
76.6831
76.6831
76.6831
76.6831
76.6831
76.6831
74.5555
76.6831
76.6831
76.6831
76.6831
76.6831
74.5555
76.6831
76.6831
76.6831
76.6831
76.6831
76.6831
76.6831
76.6831
74.5555
74.5555
76.6831
76.6831
74.5555
76.6831
74.5555
74.5555
74.5555
74.5555
74.5555
74.5555
74.5555
74.5555
74.5555
74.5555
74.5555
76.6831
74.5555
74.5555
76.6831
74.5555
74.5555
76.6831
74.5555
76.6831
74.5555
76.6831
76.6831
76.6831
76.6831
76.6831
76.6831
74.5555
76.6831
76.6831
74.5555
76.6831
76.6831
74.5555
76.6831
76.6831
76.6831
76.6831
76.6831
74.5555
76.6831
76.6831
76.6831
76.6831
76.6831
74.5555
76.6831
76.6831
76.6831
74.5555
76.6831
76.6831
76.6831
76.6831
74.5555
76.6831
74.5555
76.6831
74.5555
76.6831
76.6831
74.5555
76.6831
74.5555
74.5555
76.6831
74.5555
76.6831
74.5555
76.6831
74.5555
76.6831
74.5555
74.5555
74.5555
76.6831
74.5555
76.6831
74.5555
74.5555
76.6831
76.6831
74.5555
74.5555
76.6831
74.5555
74.5555
76.6831
74.5555
74.5555
74.5555
74.5555
74.5555
74.5555
74.5555
74.5555
74.5555
74.5555
74.5555
76.6831
74.5555
74.5555
74.5555
74.5555
74.5555
74.5555
74.5555
76.6831
74.5555
74.5555
74.5555
74.5555
76.6831
76.6831
74.5555
74.5555
74.5555
74.5555
74.5555
74.5555
74.5555
74.5555
74.5555
74.5555
74.5555
72.428
74.5555
74.5555
74.5555
74.5555
74.5555
74.5555
72.428
74.5555
74.5555
74.5555
74.5555
74.5555
72.428
74.5555
74.5555
72.428
74.5555
74.5555
74.5555
72.428
74.5555
74.5555
74.5555
74.5555
72.428
74.5555
74.5555
74.5555
72.428
74.5555
74.5555
74.5555
74.5555
74.5555
72.428
74.5555
74.5555
72.428
74.5555
72.428
74.5555
72.428
72.428
72.428
74.5555
72.428
74.5555
72.428
74.5555
72.428
74.5555
72.428
72.428
74.5555
74.5555
72.428
72.428
74.5555
72.428
72.428
72.428
74.5555
72.428
72.428
74.5555
72.428
72.428
72.428
74.5555
72.428
72.428
72.428
74.5555
72.428
72.428
72.428
72.428
72.428
72.428
72.428
72.428
72.428
72.428
72.428
72.428
72.428
72.428
72.428
72.428
72.428
72.428
72.428
72.428
70.3004
70.3004
72.428
72.428
72.428
72.428
72.428
72.428
70.3004
72.428
72.428
72.428
72.428
70.3004
72.428
72.428
72.428
72.428
72.428
70.3004
72.428
72.428
72.428
70.3004
72.428
72.428
70.3004
72.428
72.428
72.428
70.3004
72.428
72.428
70.3004
72.428
72.428
70.3004
72.428
70.3004
72.428
72.428
72.428
72.428
70.3004
72.428
70.3004
72.428
70.3004
72.428
70.3004
72.428
72.428
70.3004
70.3004
72.428
70.3004
70.3004
72.428
70.3004
72.428
72.428
70.3004
70.3004
72.428
70.3004
70.3004
72.428
70.3004
70.3004
70.3004
72.428
70.3004
70.3004
72.428
70.3004
70.3004
72.428
70.3004
70.3004
70.3004
72.428
70.3004
70.3004
70.3004
70.3004
70.3004
70.3004
70.3004
70.3004
72.428
70.3004
70.3004
70.3004
70.3004
72.428
70.3004
70.3004
70.3004
70.3004
70.3004
72.428
70.3004
70.3004
70.3004
70.3004
70.3004
70.3004
70.3004
70.3004
70.3004
72.428
70.3004
70.3004
70.3004
70.3004
70.3004
70.3004
70.3004
70.3004
70.3004
70.3004
70.3004
70.3004
70.3004
68.1728
68.1728
70.3004
70.3004
70.3004
70.3004
70.3004
70.3004
70.3004
70.3004
70.3004
70.3004
70.3004
68.1728
70.3004
70.3004
70.3004
70.3004
70.3004
70.3004
70.3004
70.3004
68.1728
68.1728
70.3004
70.3004
70.3004
70.3004
68.1728
70.3004
70.3004
70.3004
68.1728
70.3004
70.3004
68.1728
70.3004
70.3004
68.1728
70.3004
70.3004
68.1728
70.3004
70.3004
70.3004
70.3004
68.1728
70.3004
70.3004
68.1728
70.3004
68.1728
70.3004
70.3004
70.3004
70.3004
68.1728
70.3004
68.1728
70.3004
68.1728
68.1728
70.3004
68.1728
70.3004
68.1728
68.1728
68.1728
70.3004
68.1728
68.1728
70.3004
68.1728
70.3004
68.1728
70.3004
68.1728
68.1728
68.1728
68.1728
68.1728
70.3004
68.1728
68.1728
70.3004
68.1728
68.1728
70.3004
68.1728
68.1728
68.1728
70.3004
68.1728
68.1728
68.1728
70.3004
68.1728
68.1728
68.1728
70.3004
68.1728
68.1728
68.1728
68.1728
68.1728
68.1728
70.3004
68.1728
68.1728
68.1728
68.1728
68.1728
68.1728
68.1728
68.1728
68.1728
68.1728
68.1728
70.3004
68.1728
68.1728
68.1728
68.1728
68.1728
68.1728
68.1728
68.1728
68.1728
68.1728
68.1728
68.1728
68.1728
68.1728
68.1728
68.1728
68.1728
68.1728
66.0452
68.1728
68.1728
68.1728
68.1728
68.1728
68.1728
68.1728
68.1728
66.0452
68.1728
68.1728
68.1728
68.1728
68.1728
66.0452
68.1728
68.1728
68.1728
66.0452
68.1728
68.1728
68.1728
66.0452
68.1728
68.1728
68.1728
66.0452
68.1728
68.1728
66.0452
68.1728
68.1728
66.0452
68.1728
68.1728
66.0452
68.1728
68.1728
66.0452
68.1728
68.1728
66.0452
68.1728
66.0452
68.1728
68.1728
66.0452
68.1728
59.6624
0
0
0
0
0
0
0
0
0
0
0
0
2.21458
0
0
0
0
0
0
2.21458
0
0
0
0
2.21458
0
0
0
0
2.21458
0
0
0
0
0
0
0
0
0
0
0
0
2.21458
0
0
0
0
0
2.21458
0
0
0
0
0
2.21458
0
0
0
0
0
2.21458
0
0
0
0
0
2.21458
0
0
0
0
0
0
2.21458
0
0
0
0
0
2.21458
0
0
0
0
0
2.21458
0
0
0
0
0
2.21458
0
0
0
0
0
0
2.21458
0
0
0
0
0
2.21458
0
0
0
0
0
2.21458
0
0
0
0
0
2.21458
0
0
0
0
2.21458
2.21458
2.21458
0
0
0
0
0
0
0
0
0
2.21458
0
0
0
0
0
0
0
0
0
0
0
2.21458
0
0
0
0
0
0
0
0
0
2.21458
0
0
0
0
0
0
2.21458
0
0
0
0
0
2.21458
0
0
0
0
0
2.21458
0
0
0
0
0
2.21458
0
0
0
0
0
2.21458
0
0
0
0
2.21458
0
0
0
0
0
2.21458
0
0
0
0
0
0
0
0
0
0
0
0
2.21458
0
0
0
0
0
2.21458
0
0
0
0
0
2.21458
0
0
0
0
0
2.21458
0
0
0
0
0
2.21458
0
0
0
0
0
2.21458
0
0
0
0
0
2.21458
0
0
0
0
0
2.21458
0
0
0
0
0
2.21458
0
0
0
0
0
2.21458
0
0
0
0
0
0
0
0
0
0
2.21458
0
0
0
0
0
2.21458
0
0
0
0
0
2.21458
0
0
0
0
0
0
2.21458
0
0
0
0
0
2.21458
0
0
0
0
0
2.21458
0
0
0
0
0
2.21458
0
0
0
0
0
2.21458
0
0
0
0
0
0
0
0
0
0
0
0
0
0
0
0
0
0
0
0
0
0
0
2.21458
2.21458
0
0
0
0
0
0
0
0
0
0
2.21458
0
0
0
0
2.21458
0
0
0
0
0
0
2.21458
0
0
0
0
0
2.21458
0
0
0
0
0
2.21458
0
0
0
0
0
2.21458
0
0
0
0
0
2.21458
0
0
0
0
0
2.21458
0
0
0
0
0
2.21458
0
0
0
0
0
2.21458
0
0
0
0
0
2.21458
0
0
0
0
0
0
0
0
0
0
2.21458
0
0
0
0
0
0
2.21458
0
0
0
0
0
2.21458
0
0
0
0
0
2.21458
0
0
0
0
0
2.21458
0
0
0
0
0
2.21458
0
0
0
0
0
2.21458
0
0
0
0
0
2.21458
0
0
0
0
0
2.21458
0
0
0
0
0
2.21458
0
0
0
0
0
2.21458
0
0
0
0
0
2.21458
0
0
0
0
0
2.21458
0
0
0
0
0
2.21458
0
0
0
0
0
2.21458
0
0
0
0
0
2.21458
0
0
0
0
0
2.21458
0
0
0
0
0
2.21458
0
0
0
0
0
2.21458
0
0
0
0
0
0
0
0
0
0
0
0
0
0
0
0
0
2.21458
0
0
0
0
2.21458
2.21458
2.21458
0
0
0
0
2.21458
0
0
0
0
0
2.21458
0
0
0
0
0
2.21458
2.21458
0
0
0
0
2.21458
0
0
0
0
0
2.21458
0
0
0
0
0
2.21458
0
0
0
0
0
2.21458
0
0
0
0
2.21458
0
0
0
0
0
0
2.21458
0
0
0
0
2.21458
0
0
0
0
0
2.21458
0
0
0
2.21458
0
0
0
0
0
0
2.21458
0
0
0
0
0
2.21458
0
0
0
0
0
0
2.21458
0
0
0
0
2.21458
0
0
0
0
0
2.21458
2.21458
2.21458
0
0
0
0
0
0
0
0
0
0
0
0
0
0
0
0
0
0
0
0
0
0
0
0
0
0
2.21458
0
0
0
0
0
0
0
0
0
0
2.21458
2.21458
0
0
0
0
0
2.21458
0
0
0
0
0
2.21458
0
0
0
0
0
2.21458
0
0
0
0
0
2.21458
0
0
0
0
0
2.21458
0
0
0
0
0
2.21458
0
0
0
0
0
2.21458
0
0
0
0
0
2.21458
0
0
0
0
0
2.21458
0
0
0
0
0
2.21458
2.21458
2.21458
2.21458
2.21458
0
0
2.21458
0
0
0
2.21458
0
0
0
0
0
0
0
2.21458
0
0
0
0
2.21458
0
0
0
0
0
2.21458
2.21458
0
0
0
0
0
2.21458
2.21458
2.21458
0
0
0
2.21458
0
0
0
0
2.21458
0
0
0
0
0
0
0
0
0
0
0
2.21458
2.21458
0
0
0
0
2.21458
0
0
0
0
0
2.21458
0
0
0
0
0
0
2.21458
0
0
0
0
0
2.21458
0
0
0
0
0
2.21458
0
0
0
0
0
2.21458
0
0
0
0
2.21458
0
0
0
0
0
2.21458
0
0
0
0
0
2.21458
0
0
0
0
0
2.21458
0
0
0
0
0
0
0
2.21458
0
0
0
2.21458
0
0
0
0
0
0
2.21458
0
0
0
0
2.21458
0
0
0
0
0
0
2.21458
0
0
0
0
2.21458
2.21458
0
0
0
0
0
2.21458
0
0
0
0
0
2.21458
0
0
0
0
0
2.21458
0
0
0
0
0
0
0
0
0
0
0
0
0
0
0
0
2.21458
0
0
0
0
2.21458
0
0
0
0
0
2.21458
0
0
0
0
0
2.21458
0
0
0
0
0
2.21458
0
0
0
0
0
2.21458
0
0
0
0
2.21458
0
0
0
0
0
2.21458
2.21458
0
0
0
0
0
2.21458
0
0
0
0
0
2.21458
0
0
0
0
0
2.21458
0
0
0
0
0
2.21458
0
0
0
0
0
2.21458
0
0
0
0
0
2.21458
0
0
0
0
0
2.21458
0
0
0
0
0
2.21458
0
0
0
0
0
2.21458
0
0
0
0
0
2.21458
0
0
0
0
0
0
0
0
0
0
0
2.21458
0
0
0
0
0
2.21458
0
0
0
0
0
2.21458
0
0
0
0
0
2.21458
0
0
0
0
0
2.21458
0
0
0
0
0
2.21458
0
0
0
2.21458
0
0
0
0
0
0
0
0
0
0
0
0
2.21458
0
0
0
0
0
2.21458
0
0
0
0
0
2.21458
0
0
0
0
0
2.21458
0
0
0
0
0
2.21458
0
0
0
0
0
2.21458
0
0
0
0
0
2.21458
0
0
0
0
0
2.21458
0
0
0
0
0
0
0
0
0
0
0
14.9811
14.9811
14.9811
14.9811
14.9811
14.9811
14.9811
14.9811
14.9811
14.9811
14.9811
17.1089
14.9811
14.9811
14.9811
14.9811
14.9811
14.9811
14.9811
14.9811
17.1089
14.9811
17.1089
14.9811
14.9811
14.9811
17.1089
14.9811
14.9811
17.1089
14.9811
14.9811
14.9811
14.9811
14.9811
14.9811
14.9811
17.1089
14.9811
14.9811
17.1089
14.9811
14.9811
14.9811
14.9811
14.9811
14.9811
14.9811
14.9811
17.1089
14.9811
14.9811
17.1089
14.9811
14.9811
17.1089
14.9811
14.9811
14.9811
14.9811
14.9811
17.1089
14.9811
14.9811
17.1089
14.9811
14.9811
14.9811
14.9811
14.9811
17.1089
14.9811
14.9811
17.1089
17.1089
14.9811
17.1089
14.9811
14.9811
14.9811
14.9811
14.9811
17.1089
14.9811
14.9811
14.9811
14.9811
17.1089
17.1089
14.9811
14.9811
14.9811
14.9811
14.9811
17.1089
14.9811
14.9811
